0.000000000
203.498550714
406.997101429
610.495652143
813.994202857
1017.492753571
1220.991304286
1424.489855000
1426.162245333
1427.832068000
1429.499277000
1431.163824333
1432.825659667
1434.484730000
1436.140977667
1437.794343667
1439.444764000
1441.092171667
1442.736495667
1444.377662000
1446.015590667
1447.650198667
1449.281398000
1450.909094667
1452.533190667
1454.153582000
1455.770158667
1457.382803667
1458.991393000
1460.595795333
1462.195872000
1463.791474000
1465.382445000
1466.968617333
1468.549811000
1470.125835333
1471.696485333
1473.261542000
1474.820768667
1476.373913000
1477.920699000
1479.460830667
1480.993986000
1482.519815000
1484.037934333
1485.547922667
1487.049319000
1488.541609667
1490.024226000
1491.496530000
1492.957803667
1494.407231667
1495.843880000
1497.266669333
1498.674335000
1500.065374000
1501.437970333
1502.789881000
1504.118254000
1505.419327667
1506.687866000
1507.915973000
1509.089881667
1510.174608667
1512.188244000
1514.355401667
1516.520182667
1518.682546000
1520.842449000
1522.999849667
1525.154706000
1527.306974000
1529.456610333
1531.603572000
1533.747813333
1535.889290000
1538.027956000
1540.163765333
1542.296671667
1544.426628000
1546.553586333
1548.677498667
1550.798315000
1552.915985667
1555.030461000
1557.141689000
1559.249618667
1561.354195667
1563.455367000
1565.553076667
1567.647271000
1569.737892000
1571.824882667
1573.908183000
1575.987734000
1578.063473333
1580.135338333
1582.203266000
1584.267188333
1586.327040333
1588.382752000
1590.433433000
1592.480447000
1594.523716000
1596.561936000
1598.595643000
1600.625362000
1602.649791000
1604.670057000
1606.684857000
1608.694706000
1610.699504000
1612.699750000
1614.694137000
1616.683753000
1618.667287000
1620.645217000
1622.617415000
1624.584337000
1626.544663000
1628.498834000
1630.447277000
1632.388655000
1634.323956000
1636.251828000
1638.172650000
1640.086203000
1641.992823000
1643.891112000
1645.781933000
1647.663850000
1649.537103000
1651.401329000
1653.256684000
1655.101610000
1656.936166000
1658.760340000
1660.572402000
1662.372175000
1664.159357000
1665.931901000
1667.689198000
1669.430393000
1671.152776000
1672.854813000
1674.534399000
1676.187139000
1677.808973000
1679.393919000
1680.931284000
1682.405282000
1683.783906000
1684.964784000
1685.524482000
1686.024677000
1686.524851000
1687.025152000
1687.525731000
1688.026287000
1688.526971000
1689.027934000
1689.528874000
1690.029942000
1690.531288000
1691.032612000
1691.534064000
1692.035794000
1692.537502000
1693.039338000
1693.541490000
1694.043733000
1694.545954000
1695.048303000
1695.550930000
1696.053536000
1696.556269000
1697.059282000
1697.562273000
1698.065391000
1698.568790000
1699.072166000
1699.575670000
1700.079454000
1700.583215000
1701.087105000
1701.591275000
1702.095423000
1702.599699000
1703.104255000
1703.608789000
1704.113451000
1704.618394000
1705.123314000
1705.628363000
1706.133693000
1706.639000000
1707.144436000
1707.650153000
1708.155847000
1708.661671000
1709.167775000
1709.673857000
1710.180067000
1710.686559000
1711.193029000
1711.699628000
1712.206508000
1712.713365000
1713.220352000
1713.727620000
1714.234866000
1714.742242000
1715.249899000
1715.757533000
1716.265297000
1716.773343000
1717.281367000
1717.789520000
1718.297955000
1718.806368000
1719.314910000
1719.823735000
1720.332537000
1720.841469000
1721.350684000
1721.859876000
1722.369198000
1722.878802000
1723.388384000
1723.898097000
1724.408092000
1724.918064000
1725.428167000
1725.938553000
1726.448916000
1726.959410000
1727.470187000
1727.980941000
1728.491826000
1729.002994000
1729.514140000
1730.025416000
1730.536976000
1731.048513000
1731.560181000
1732.072133000
1732.584062000
1733.096122000
1733.608466000
1734.120787000
1734.633240000
1735.145976000
1735.658690000
1736.171535000
1736.684665000
1737.197771000
1737.711009000
1738.224532000
1738.738032000
1739.251662000
1739.765579000
1740.279472000
1740.793496000
1741.307806000
1741.822093000
1742.336511000
1742.851215000
1743.365896000
1743.880709000
1744.395807000
1744.910882000
1745.426089000
1745.941582000
1746.457052000
1746.972654000
1747.488542000
1748.004407000
1748.520403000
1749.036686000
1749.552947000
1750.069339000
1750.586017000
1751.102673000
1751.619461000
1752.136535000
1752.653587000
1753.170770000
1753.688241000
1754.205689000
1754.723268000
1755.241136000
1755.758980000
1756.276956000
1756.795220000
1757.313461000
1757.831834000
1758.350495000
1758.869133000
1759.387903000
1759.906962000
1760.425997000
1760.945165000
1761.464621000
1761.984054000
1762.503620000
1763.023474000
1763.543305000
1764.063268000
1764.583521000
1765.103750000
1765.624112000
1766.144763000
1766.665391000
1767.186152000
1767.707202000
1768.228228000
1768.749388000
1769.270837000
1769.792263000
1770.313822000
1770.835671000
1771.357496000
1771.879455000
1772.401703000
1772.923928000
1773.446287000
1773.968936000
1774.491561000
1775.014320000
1775.537369000
1776.060394000
1776.583554000
1777.107003000
1777.630430000
1778.153990000
1778.677841000
1779.201668000
1779.725629000
1780.249882000
1780.774110000
1781.298473000
1781.823127000
1782.347757000
1782.872522000
1783.397578000
1783.922610000
1784.447776000
1784.973234000
1785.498669000
1786.024238000
1786.550099000
1787.075936000
1787.601907000
1788.128171000
1788.654411000
1789.180786000
1789.707452000
1790.234096000
1790.760873000
1791.287944000
1791.814991000
1792.342172000
1792.869646000
1793.397097000
1793.924682000
1794.452560000
1794.980415000
1795.508404000
1796.036687000
1796.564946000
1797.093340000
1797.622028000
1798.150692000
1798.679490000
1799.208583000
1799.737652000
1800.266856000
1800.796354000
1801.325828000
1801.855438000
1802.385341000
1802.915221000
1803.445236000
1803.975546000
1804.505832000
1805.036253000
1805.566969000
1806.097661000
1806.628489000
1807.159611000
1807.690710000
1808.221945000
1808.753474000
1809.284980000
1809.816621000
1810.348558000
1810.880471000
1811.412520000
1811.944864000
1812.477184000
1813.009641000
1813.542393000
1814.075121000
1814.607985000
1815.141146000
1815.674282000
1816.207555000
1816.741123000
1817.274668000
1817.808350000
1818.342327000
1818.876281000
1819.410371000
1819.944758000
1820.479120000
1821.013620000
1821.548416000
1822.083188000
1822.618097000
1823.153303000
1823.688485000
1824.223803000
1824.759419000
1825.295011000
1825.830740000
1826.366766000
1826.902768000
1827.438908000
1827.975345000
