0.000000000
167.944685714
335.889371429
503.834057143
671.778742857
839.723428571
1007.668114286
1175.612800000
1177.707988333
1179.797152333
1181.879959000
1183.956056333
1186.025066333
1188.086587000
1190.140186000
1192.185403000
1194.221740000
1196.248660333
1198.265584667
1200.271883000
1202.266871000
1204.249801333
1206.219851000
1208.176119000
1210.117603667
1212.043193000
1213.951645000
1215.841558000
1217.711346000
1219.559197333
1221.383020000
1223.180380000
1224.948405000
1226.683658333
1228.381955000
1230.038092333
1231.645421000
1233.195148000
1234.675067000
1236.067029000
1237.340823000
1238.433442667
1239.077375333
1239.463482333
1239.849688000
1240.235992667
1240.622395333
1241.008897000
1241.395497667
1241.782196333
1242.168994000
1242.555890667
1242.942886333
1243.329980000
1243.717173667
1244.104465333
1244.491856000
1244.879345667
1245.266934333
1245.654622000
1246.042408000
1246.430293333
1246.818278000
1247.206361667
1247.594544333
1247.982826000
1248.371207000
1248.759687333
1249.148267000
1249.536945000
1249.925723000
1250.314600000
1250.703576000
1251.092652000
1251.481827000
1251.871101000
1252.260475000
1252.649948000
1253.039520667
1253.429193000
1253.818964000
1254.208835000
1254.598806000
1254.988876000
1255.379046000
1255.769315000
1256.159684000
1256.550153000
1256.940721000
1257.331389000
1257.722157000
1258.113025000
1258.503992000
1258.895059333
1259.286226667
1259.677493000
1260.068860333
1260.460327000
1260.851894000
1261.243560333
1261.635367000
1262.027077000
1262.419004000
1262.811032000
1263.203277000
1263.595505000
1263.987833000
1264.380379000
1264.772907000
1265.165536000
1265.558382000
1265.951212000
1266.344141000
1266.737289000
1267.130419000
1267.523649000
1267.917098000
1268.310529000
1268.704061000
1269.097811000
1269.491544000
1269.885377000
1270.279429000
1270.673464000
1271.067599000
1271.461952000
1271.856289000
1272.250726000
1272.645382000
1273.040020000
1273.434759000
1273.829718000
1274.224658000
1274.619700000
1275.014961000
1275.410204000
1275.805549000
1276.201113000
1276.596659000
1276.992306000
1277.388173000
1277.784022000
1278.179972000
1278.576143000
1278.972295000
1279.368549000
1279.765022000
1280.161478000
1280.558036000
1280.954813000
1281.351573000
1281.748434000
1282.145516000
1282.542579000
1282.939745000
1283.337130000
1283.734498000
1284.131968000
1284.529658000
1284.927330000
1285.325104000
1285.723099000
1286.121076000
1286.519155000
1286.917455000
1287.315737000
1287.714121000
1288.112726000
1288.511313000
1288.910002000
1289.308912000
1289.707805000
1290.106799000
1290.506015000
1290.905213000
1291.304513000
1291.704035000
1292.103539000
1292.503145000
1292.902973000
1293.302783000
1293.702696000
1294.102830000
1294.502946000
1294.903165000
1295.303606000
1295.704029000
1296.104554000
1296.505302000
1296.906032000
1297.306864000
1297.707919000
1298.108955000
1298.510095000
1298.911457000
1299.312801000
1299.714247000
1300.115917000
1300.517568000
1300.919322000
1301.321300000
1301.723259000
1302.125321000
1302.527606000
1302.929873000
1303.332243000
1303.734837000
1304.137412000
1304.540091000
1304.942993000
1305.345876000
1305.748863000
1306.152074000
1306.555266000
1306.958562000
1307.362081000
1307.765583000
1308.169187000
1308.573016000
1308.976827000
1309.380741000
1309.784879000
1310.188999000
1310.593222000
1310.997670000
1311.402099000
1311.806632000
1312.211390000
1312.616129000
1313.020972000
1313.426040000
1313.831090000
1314.236243000
1314.641621000
1315.046981000
1315.452444000
1315.858133000
1316.263803000
1316.669577000
1317.075577000
1317.481558000
1317.887643000
1318.293954000
1318.700246000
1319.106642000
1319.513264000
1319.919868000
1320.326575000
1320.733509000
1321.140424000
1321.547443000
1321.954688000
1322.361915000
1322.769246000
1323.176803000
1323.584342000
1323.991985000
1324.399855000
1324.807706000
1325.215661000
1325.623843000
1326.032007000
1326.440275000
1326.848769000
1327.257246000
1327.665827000
1328.074634000
1328.483424000
1328.892317000
1329.301438000
1329.710541000
1330.119748000
1330.529182000
1330.938598000
1331.348119000
1331.757867000
1332.167596000
1332.577431000
1332.987493000
1333.397536000
1333.807685000
1334.218061000
1334.628418000
1335.038881000
1335.449571000
1335.860244000
1336.271021000
1336.682026000
1337.093013000
1337.504104000
1337.915425000
1338.326726000
1338.738133000
1339.149768000
1339.561385000
1339.973107000
1340.385058000
1340.796990000
1341.209027000
1341.621293000
1342.033541000
1342.445894000
1342.858476000
1343.271040000
1343.683709000
1344.096607000
1344.509487000
1344.922472000
1345.335687000
1345.748883000
1346.162184000
1346.575716000
1346.989228000
1347.402846000
1347.816694000
1348.230524000
1348.644459000
1349.058624000
1349.472771000
1349.887023000
1350.301505000
1350.715969000
1351.130539000
1351.545339000
1351.960120000
1352.375007000
1352.790125000
1353.205224000
1353.620430000
1354.035865000
1354.451283000
1354.866806000
1355.282560000
1355.698295000
1356.114137000
1356.530210000
1356.946264000
1357.362424000
1357.778815000
1358.195188000
1358.611667000
1359.028378000
1359.445069000
1359.861868000
1360.278897000
1360.695908000
1361.113026000
1361.530375000
1361.947706000
1362.365143000
1362.782812000
1363.200462000
1363.618219000
1364.036208000
1364.454178000
1364.872255000
1365.290565000
1365.708855000
1366.127252000
1366.545882000
1366.964493000
1367.383211000
1367.802161000
1368.221093000
1368.640132000
1369.059403000
1369.478656000
1369.898016000
1370.317608000
1370.737182000
1371.156863000
1371.576778000
1371.996673000
1372.416676000
1372.836911000
1373.257128000
1373.677453000
1374.098011000
1374.518550000
1374.939196000
1375.360076000
1375.780937000
1376.201906000
1376.623109000
1377.044292000
1377.465584000
1377.887109000
1378.308615000
1378.730229000
1379.152078000
1379.573907000
1379.995844000
1380.418015000
1380.840168000
1381.262428000
1381.684923000
1382.107399000
1382.529983000
1382.952801000
1383.375601000
1383.798509000
1384.221651000
1384.644775000
1385.068006000
1385.491473000
1385.914921000
1386.338477000
1386.762268000
1387.186040000
1387.609920000
1388.034036000
1388.458133000
1388.882338000
1389.306779000
1389.731201000
1390.155731000
1390.580497000
1391.005244000
1391.430100000
1391.855191000
1392.280263000
1392.705444000
1393.130861000
1393.556260000
1393.981766000
1394.407509000
1394.833233000
1395.259066000
1395.685135000
1396.111185000
1396.537344000
1396.963740000
1397.390117000
1397.816602000
1398.243325000
1398.670028000
1399.096840000
1399.523889000
1399.950920000
1400.378059000
1400.805435000
1401.232793000
1401.660259000
1402.087963000
1402.515648000
1402.943442000
1403.371474000
1403.799486000
1404.227608000
1404.655968000
1405.084308000
1405.512758000
1405.941446000
1406.370114000
1406.798892000
1407.227909000
