0.000000000
165.898804286
331.797608571
497.696412857
663.595217143
829.494021429
995.392825714
1161.291630000
1163.328516000
1165.356799667
1167.375963000
1169.385446667
1171.384647667
1173.372909000
1175.349516000
1177.313688333
1179.264568000
1181.201212000
1183.122573667
1185.027491000
1186.914660000
1188.782614333
1190.629690000
1192.453980333
1194.253287333
1196.025044000
1197.766214667
1199.473158333
1201.141425000
1202.765456000
1204.338101667
1205.849825000
1207.287216333
1208.629914333
1209.842693000
1210.843995000
1211.340625000
1211.719650000
1212.098772000
1212.477991000
1212.857307000
1213.236719667
1213.616229000
1213.995835000
1214.375538667
1214.755339000
1215.135236000
1215.515230000
1215.895321000
1216.275510000
1216.655795000
1217.036177000
1217.416657000
1217.797233333
1218.177907000
1218.558678000
1218.939547000
1219.320512000
1219.701575000
1220.082735000
1220.463992667
1220.845347000
1221.226799333
1221.608349000
1221.989996000
1222.371740333
1222.753582000
1223.135521000
1223.517558333
1223.899692667
1224.281925000
1224.664254333
1225.046681000
1225.429206000
1225.811828333
1226.194548667
1226.577367000
1226.960282333
1227.343295667
1227.726407000
1228.109615333
1228.492922667
1228.876327000
1229.259830333
1229.643430667
1230.027129000
1230.410925333
1230.794819667
1231.178812000
1231.562902667
1231.947091333
1232.331378000
1232.715762667
1233.100245667
1233.484827000
1233.869506333
1234.254283667
1234.639159000
1235.024133333
1235.409205333
1235.794376000
1236.179491000
1236.564820000
1236.950362000
1237.335888000
1237.721512000
1238.107350000
1238.493171000
1238.879090000
1239.265224000
1239.651341000
1240.037556000
1240.423985000
1240.810398000
1241.196909000
1241.583634000
1241.970343000
1242.357150000
1242.744172000
1243.131177000
1243.518280000
1243.905599000
1244.292900000
1244.680300000
1245.067915000
1245.455513000
1245.843210000
1246.231122000
1246.619017000
1247.007011000
1247.395220000
1247.783413000
1248.171704000
1248.560211000
1248.948700000
1249.337289000
1249.726093000
1250.114880000
1250.503767000
1250.892869000
1251.281954000
1251.671139000
1252.060539000
1252.449922000
1252.839405000
1253.229104000
1253.618785000
1254.008566000
1254.398564000
1254.788544000
1255.178623000
1255.568920000
1255.959198000
1256.349577000
1256.740172000
1257.130750000
1257.521428000
1257.912322000
1258.303199000
1258.694176000
1259.085370000
1259.476547000
1259.867823000
1260.259317000
1260.650793000
1261.042369000
1261.434163000
1261.825939000
1262.217815000
1262.609909000
1263.001986000
1263.394162000
1263.786556000
1264.178933000
1264.571410000
1264.964105000
1265.356782000
1265.749560000
1266.142556000
1266.535534000
1266.928613000
1267.321910000
1267.715189000
1268.108569000
1268.502167000
1268.895748000
1269.289429000
1269.683329000
1270.077211000
1270.471193000
1270.865395000
1271.259579000
1271.653864000
1272.048367000
1272.442853000
1272.837440000
1273.232246000
1273.627034000
1274.021923000
1274.417031000
1274.812122000
1275.207314000
1275.602725000
1275.998118000
1276.393613000
1276.789327000
1277.185023000
1277.580820000
1277.976837000
1278.372837000
1278.768938000
1279.165258000
1279.561561000
1279.957965000
1280.354589000
1280.751196000
1281.147904000
1281.544832000
1281.941742000
1282.338754000
1282.735986000
1283.133201000
1283.530517000
1283.928053000
1284.325572000
1284.723193000
1285.121034000
1285.518857000
1285.916782000
1286.314928000
1286.713056000
1287.111286000
1287.509737000
1287.908171000
1288.306706000
1288.705462000
1289.104200000
1289.503041000
1289.902103000
1290.301147000
1290.700292000
1291.099660000
1291.499010000
1291.898461000
1292.298135000
1292.697791000
1293.097548000
1293.497528000
1293.897490000
1294.297554000
1294.697840000
1295.098109000
1295.498479000
1295.899072000
1296.299647000
1296.700325000
1297.101224000
1297.502106000
1297.903091000
1298.304298000
1298.705487000
1299.106778000
1299.508293000
1299.909789000
1300.311388000
1300.713210000
1301.115014000
1301.516921000
1301.919051000
1302.321162000
1302.723377000
1303.125815000
1303.528235000
1303.930758000
1304.333504000
1304.736232000
1305.139064000
1305.542118000
1305.945155000
1306.348295000
1306.751659000
1307.155004000
1307.558453000
1307.962126000
1308.365780000
1308.769538000
1309.173520000
1309.577484000
1309.981551000
1310.385843000
1310.790116000
1311.194493000
1311.599094000
1312.003677000
1312.408364000
1312.813275000
1313.218168000
1313.623165000
1314.028386000
1314.433590000
1314.838897000
1315.244429000
1315.649943000
1316.055560000
1316.461403000
1316.867227000
1317.273155000
1317.679309000
1318.085444000
1318.491684000
1318.898148000
1319.304595000
1319.711145000
1320.117922000
1320.524680000
1320.931542000
1321.338629000
1321.745699000
1322.152873000
1322.560273000
1322.967654000
1323.375140000
1323.782852000
1324.190545000
1324.598343000
1325.006367000
1325.414373000
1325.822484000
1326.230821000
1326.639139000
1327.047562000
1327.456212000
1327.864843000
1328.273579000
1328.682542000
1329.091487000
1329.500536000
1329.909812000
1330.319070000
1330.728432000
1331.138022000
1331.547593000
1331.957269000
1332.367173000
1332.777058000
1333.187048000
1333.597266000
1334.007465000
1334.417769000
1334.828301000
1335.238814000
1335.649433000
1336.060279000
1336.471107000
1336.882040000
1337.293202000
1337.704344000
1338.115592000
1338.527069000
1338.938526000
1339.350089000
1339.761881000
1340.173654000
1340.585532000
1340.997639000
1341.409728000
1341.821922000
1342.234344000
1342.646749000
1343.059258000
1343.471997000
1343.884717000
1344.297543000
1344.710598000
1345.123634000
1345.536776000
1345.950148000
1346.363501000
1346.776959000
1347.190647000
1347.604317000
1348.018092000
1348.432097000
1348.846084000
1349.260176000
1349.674499000
1350.088802000
1350.503212000
1350.917852000
1351.332473000
1351.747200000
1352.162157000
1352.577096000
1352.992141000
1353.407416000
1353.822673000
1354.238036000
1354.653629000
1355.069204000
1355.484885000
1355.900797000
1356.316691000
1356.732690000
1357.148921000
1357.565133000
1357.981451000
1358.398000000
1358.814531000
1359.231169000
1359.648037000
1360.064887000
1360.481844000
1360.899032000
1361.316201000
1361.733477000
1362.150985000
1362.568474000
1362.986069000
1363.403897000
1363.821706000
1364.239621000
1364.657769000
1365.075898000
1365.494133000
1365.912602000
1366.331051000
1366.749607000
1367.168396000
1367.587166000
1368.006042000
1368.425152000
1368.844243000
1369.263441000
1369.682871000
1370.102283000
1370.521802000
1370.941554000
1371.361287000
1371.781128000
1372.201201000
1372.621256000
1373.041418000
1373.461813000
1373.882190000
1374.302674000
1374.723391000
1375.144090000
1375.564896000
1375.985936000
1376.406957000
1376.828086000
1377.249448000
1377.670792000
1378.092243000
1378.513928000
1378.935595000
