0.000000000
179.879832571
359.759665143
539.639497714
719.519330286
899.399162857
1079.278995429
1259.158828000
1261.403111333
1263.646449667
1265.888779000
1268.130031000
1270.370139000
1272.609032000
1274.846639667
1277.082887333
1279.317700000
1281.551001000
1283.782710000
1286.012746000
1288.241025667
1290.467461333
1292.691965000
1294.914445000
1297.134807000
1299.352953000
1301.568783333
1303.782192667
1305.993075000
1308.201317667
1310.406805667
1312.609419000
1314.809034000
1317.005521667
1319.198747000
1321.388571000
1323.574846667
1325.757423000
1327.936140667
1330.110832667
1332.281325000
1334.447434333
1336.608970000
1338.765729000
1340.917497000
1343.064051667
1345.205153000
1347.340551333
1349.469978333
1351.593149000
1353.709762333
1355.819493667
1357.921998000
1360.016904000
1362.103811000
1364.182290000
1366.251872333
1368.312053333
1370.362281000
1372.401952333
1374.430405667
1376.446909000
1378.450656000
1380.440744667
1382.416166000
1384.375782000
1386.318301667
1388.242247000
1390.145909333
1392.027298000
1393.884059000
1395.713372333
1397.511806000
1399.275090000
1400.997781000
1402.672711000
1404.290024000
1405.835326333
1407.285568000
1408.597319000
1409.644816667
1410.103453000
1410.533227000
1410.963111000
1411.393105000
1411.823341000
1412.253555000
1412.683878000
1413.114311000
1413.544853667
1413.975506000
1414.406269000
1414.837142000
1415.268125000
1415.699217333
1416.130420667
1416.561733000
1416.993156333
1417.424689667
1417.856333000
1418.288173000
1418.719735000
1419.151795000
1419.583836000
1420.015988000
1420.448379000
1420.880752000
1421.313234000
1421.745957000
1422.178661000
1422.611475000
1423.044529000
1423.477564000
1423.910709000
1424.344096000
1424.777462000
1425.210940000
1425.644658000
1426.078357000
1426.512166000
1426.946217000
1427.380248000
1427.814390000
1428.248773000
1428.683136000
1429.117611000
1429.552327000
1429.987023000
1430.421831000
1430.856880000
1431.291909000
1431.727050000
1432.162432000
1432.597795000
1433.033268000
1433.468984000
1433.904681000
1434.340488000
1434.776538000
1435.212568000
1435.648709000
1436.085093000
1436.521457000
1436.957933000
1437.394651000
1437.831350000
1438.268160000
1438.705212000
1439.142246000
1439.579390000
1440.016778000
1440.454146000
1440.891625000
1441.329348000
1441.767051000
1442.204866000
1442.642924000
1443.080962000
1443.519113000
1443.957506000
1444.395880000
1444.834366000
1445.273096000
1445.711806000
1446.150628000
1446.589693000
1447.028739000
1447.467897000
1447.907299000
1448.346682000
1448.786176000
1449.225915000
1449.665634000
1450.105465000
1450.545541000
1450.985597000
1451.425765000
1451.866178000
1452.306571000
1452.747077000
1453.187827000
1453.628558000
1454.069401000
1454.510488000
1454.951557000
1455.392737000
1455.834163000
1456.275569000
1456.717088000
1457.158852000
1457.600597000
1458.042454000
1458.484556000
1458.926639000
1459.368835000
1459.811276000
1460.253697000
1460.696232000
1461.139012000
1461.581772000
1462.024646000
1462.467765000
1462.910865000
1463.354078000
1463.797537000
1464.240976000
1464.684528000
1465.128327000
1465.572106000
1466.015998000
1466.460137000
1466.904256000
1467.348488000
1467.792967000
1468.237426000
1468.681999000
1469.126819000
1469.571618000
1470.016532000
1470.461692000
1470.906833000
1471.352087000
1471.797588000
1472.243070000
1472.688665000
1473.134508000
1473.580331000
1474.026267000
1474.472452000
1474.918616000
1475.364894000
1475.811421000
1476.257927000
1476.704547000
1477.151416000
1477.598264000
1478.045226000
1478.492437000
1478.939628000
1479.386933000
1479.834486000
1480.282020000
1480.729667000
1481.177563000
1481.625440000
1482.073430000
1482.521670000
1482.969889000
1483.418223000
1483.866806000
1484.315369000
1484.764046000
1485.212972000
1485.661879000
1486.110900000
1486.560170000
1487.009421000
1487.458786000
1487.908401000
1488.357995000
1488.807705000
1489.257664000
1489.707603000
1490.157657000
1490.607961000
1491.058245000
1491.508643000
1491.959292000
1492.409921000
1492.860665000
1493.311659000
1493.762633000
1494.213722000
1494.665062000
1495.116382000
1495.567816000
1496.019502000
1496.471167000
1496.922948000
1497.374980000
1497.826991000
1498.279118000
1498.731496000
1499.183854000
1499.636327000
1500.089051000
1500.541756000
1500.994575000
1501.447647000
1501.900698000
1502.353865000
1502.807283000
1503.260682000
1503.714196000
1504.167962000
1504.621707000
1505.075569000
1505.529682000
1505.983776000
1506.437985000
1506.892446000
1507.346888000
1507.801445000
1508.256254000
1508.711044000
1509.165949000
1509.621107000
1510.076245000
1510.531499000
1510.987006000
1511.442493000
1511.898096000
1512.353951000
1512.809787000
1513.265739000
1513.721944000
1514.178129000
1514.634430000
1515.090985000
1515.547519000
1516.004170000
1516.461074000
1516.917958000
1517.374959000
1517.832213000
1518.289448000
1518.746798000
1519.204403000
1519.661988000
1520.119689000
1520.577644000
1521.035579000
1521.493631000
1521.951938000
1522.410223000
1522.868626000
1523.327284000
1523.785921000
1524.244675000
1524.703684000
1525.162672000
1525.621778000
1526.081138000
1526.540478000
1526.999936000
1527.459648000
1527.919340000
1528.379149000
1528.839214000
1529.299258000
1529.759420000
1530.219837000
1530.680234000
1531.140748000
1531.601518000
1532.062267000
1532.523134000
1532.984257000
1533.445360000
1533.906580000
1534.368056000
1534.829512000
1535.291085000
1535.752915000
1536.214724000
1536.676651000
1537.138835000
1537.600998000
1538.063279000
1538.525817000
1538.988334000
1539.450969000
1539.913861000
1540.376733000
1540.839723000
1541.302969000
1541.766196000
1542.229540000
1542.693142000
1543.156723000
1543.620422000
1544.084379000
1544.548315000
1545.012370000
1545.476682000
1545.940974000
1546.405384000
1546.870053000
1547.334700000
1547.799466000
1548.264490000
1548.729494000
1549.194616000
1549.659996000
1550.125356000
1550.590834000
1551.056571000
1551.522288000
1551.988123000
1552.454216000
1552.920289000
1553.386482000
1553.852932000
1554.319363000
1554.785912000
1555.252720000
1555.719508000
1556.186414000
1556.653580000
1557.120725000
1557.587990000
1558.055514000
1558.523017000
1558.990639000
1559.458521000
1559.926382000
1560.394363000
1560.862604000
1561.330823000
1561.799163000
1562.267762000
1562.736340000
1563.205038000
1563.673997000
1564.142934000
1564.611991000
1565.081309000
1565.550606000
1566.020022000
1566.489699000
1566.959356000
1567.429132000
1567.899169000
1568.369185000
1568.839321000
1569.309718000
1569.780094000
1570.250591000
1570.721348000
1571.192085000
1571.662942000
1572.134060000
1572.605157000
1573.076375000
1573.547854000
1574.019312000
1574.490891000
1574.962731000
1575.434551000
