0.000000000
195.019069857
390.038139714
585.057209571
780.076279429
975.095349286
1170.114419143
1365.133489000
1366.728470000
1368.317050333
1369.898992000
1371.474035333
1373.041899667
1374.602277000
1376.154831667
1377.699195000
1379.234963000
1380.761688000
1382.278873000
1383.785966000
1385.282346000
1386.767315000
1388.240077000
1389.699720333
1391.145189333
1392.575245000
1393.988411333
1395.382898333
1396.756481000
1398.106304667
1399.428550333
1400.717765000
1401.965304333
1403.154176333
1404.714828000
1406.952457667
1409.188750333
1411.423665000
1413.657157333
1415.889184000
1418.119699000
1420.348658000
1422.576015333
1424.801724000
1427.025737333
1429.248007667
1431.468486000
1433.687123667
1435.903870667
1438.118677000
1440.331490000
1442.542258000
1444.750928000
1446.957445667
1449.161755667
1451.363803000
1453.563530000
1455.760878333
1457.955789000
1460.148201000
1462.338053000
1464.525282000
1466.709823333
1468.891611667
1471.070579000
1473.246655333
1475.419771667
1477.589855000
1479.756829667
1481.920620000
1484.081148000
1486.238330667
1488.392087000
1490.542330000
1492.688970333
1494.831917000
1496.971076000
1499.106348333
1501.237633000
1503.364825000
1505.487813333
1507.606485333
1509.720723000
1511.830400667
1513.935390667
1516.035558000
1518.130759333
1520.220847333
1522.305665000
1524.385048667
1526.458822667
1528.526805000
1530.588799000
1532.644599000
1534.693984000
1536.736719000
1538.772552000
1540.801213000
1542.822410667
1544.835831000
1546.841133000
1548.837152000
1550.824880000
1552.803869000
1554.772443000
1556.731244000
1558.678497000
1560.614121000
1562.537936000
1564.447930000
1566.343706000
1568.224134000
1570.088459000
1571.934014000
1573.760059000
1575.563261000
1577.341404000
1579.091516000
1580.808009000
1582.485296000
1584.114728000
1585.683657000
1587.169022000
1588.526260000
1589.568365000
1590.043913000
1590.519583000
1590.995516000
1591.471429000
1591.947606000
1592.423761000
1592.900039000
1593.376580000
1593.853101000
1594.329743000
1594.806648000
1595.283677000
1595.760684000
1596.237813000
1596.715207000
1597.192580000
1597.670075000
1598.147835000
1598.625573000
1599.103434000
1599.581560000
1600.059664000
1600.537891000
1601.016383000
1601.494854000
1601.973447000
1602.452306000
1602.931143000
1603.410103000
1603.889328000
1604.368533000
1604.847859000
1605.327452000
1605.807024000
1606.286718000
1606.766678000
1607.246617000
1607.726678000
1608.207006000
1608.687313000
1609.167742000
1609.648438000
1610.129113000
1610.609910000
1611.090975000
1611.572017000
1612.053183000
1612.534616000
1613.016027000
1613.497562000
1613.979364000
1614.461144000
1614.943047000
1615.425218000
1615.907367000
1616.389640000
1616.872180000
1617.354699000
1617.837341000
1618.320251000
1618.803140000
1619.286151000
1619.769432000
1620.252690000
1620.736072000
1621.219722000
1621.703351000
1622.187103000
1622.671124000
1623.155123000
1623.639246000
1624.123638000
1624.608008000
1625.092502000
1625.577264000
1626.062006000
1626.546871000
1627.032005000
1627.517117000
1628.002354000
1628.487860000
1628.973344000
1629.458952000
1629.944830000
1630.430686000
1630.916667000
1631.402917000
1631.889145000
1632.375498000
1632.862121000
1633.348722000
1633.835447000
1634.322443000
1634.809416000
1635.296514000
1635.783883000
1636.271230000
1636.758701000
1637.246444000
1637.734164000
1638.222009000
1638.710124000
1639.198218000
1639.686437000
1640.174927000
1640.663395000
1641.151987000
1641.640851000
1642.129694000
1642.618661000
1643.107899000
1643.597116000
1644.086458000
1644.576071000
1645.065663000
1645.555379000
1646.045368000
1646.535334000
1647.025426000
1647.515790000
1648.006132000
1648.496599000
1648.987339000
1649.478057000
1649.968900000
1650.460015000
1650.951109000
1651.442328000
1651.933820000
1652.425290000
1652.916886000
1653.408754000
1653.900601000
1654.392573000
1654.884818000
1655.377041000
1655.869390000
1656.362013000
1656.854613000
1657.347340000
1657.840339000
1658.333317000
1658.826421000
1659.319799000
1659.813154000
1660.306636000
1660.800392000
1661.294125000
1661.787985000
1662.282119000
1662.776231000
1663.270469000
1663.764981000
1664.259472000
1664.754088000
1665.248980000
1665.743849000
1666.238845000
1666.734115000
1667.229364000
1667.724738000
1668.220389000
1668.716016000
1669.211771000
1669.707801000
1670.203808000
1670.699943000
1671.196352000
1671.692740000
1672.189254000
1672.686045000
1673.182813000
1673.679707000
1674.176878000
1674.674027000
1675.171302000
1675.668854000
1676.166383000
1676.664040000
1677.161973000
1677.659883000
1678.157921000
1678.656236000
1679.154528000
1679.652947000
1680.151643000
1680.650317000
1681.149118000
1681.648197000
1682.147253000
1682.646436000
1683.145897000
1683.645335000
1684.144901000
1684.644744000
1685.144565000
1685.644514000
1686.144740000
1686.644944000
1687.145276000
1687.645885000
1688.146473000
1688.647188000
1689.148181000
1689.649151000
1690.150250000
1690.651627000
1691.152981000
1691.654464000
1692.156225000
1692.657964000
1693.159831000
1693.661976000
1694.164099000
1694.666350000
1695.168881000
1695.671388000
1696.174025000
1696.676940000
1697.179833000
1697.682854000
1698.186154000
1698.689432000
1699.192839000
1699.696525000
1700.200189000
1700.703981000
1701.208053000
1701.712103000
1702.216281000
1702.720739000
1703.225175000
1703.729740000
1704.234585000
1704.739407000
1705.244358000
1705.749590000
1706.254799000
1706.760137000
1707.265755000
1707.771351000
1708.277076000
1708.783083000
1709.289066000
1709.795179000
1710.301572000
1710.807944000
1711.314444000
1711.821226000
1712.327985000
1712.834873000
1713.342043000
1713.849191000
1714.356468000
1714.864026000
1715.371562000
1715.879228000
1716.387175000
1716.895100000
1717.403154000
1717.911491000
1718.419805000
1718.928249000
1719.436975000
1719.945678000
1720.454511000
1720.963627000
1721.472720000
1721.981943000
1722.491449000
1723.000933000
1723.510546000
1724.020442000
1724.530316000
1725.040319000
1725.550606000
1726.060871000
1726.571265000
1727.081943000
1727.592598000
1728.103384000
1728.614453000
1729.125499000
1729.636676000
1730.148137000
1730.659575000
1731.171143000
1731.682996000
1732.194826000
1732.706786000
1733.219031000
1733.731253000
1734.243605000
1734.756243000
1735.268857000
1735.781602000
1736.294632000
1736.807639000
1737.320778000
1737.834201000
1738.347601000
1738.861132000
1739.374948000
1739.888742000
1740.402667000
1740.916877000
1741.431064000
1741.945382000
1742.459987000
1742.974568000
1743.489280000
