0.000000000
161.623144286
323.246288571
484.869432857
646.492577143
808.115721429
969.738865714
1131.362010000
1133.202763000
1135.023047333
1136.821054000
1138.594710000
1140.341614000
1142.058956000
1143.743397667
1145.390915000
1146.996557000
1148.554082333
1150.055370000
1151.489389000
1152.840221333
1154.082579667
1155.168492000
1155.925070000
1156.289946667
1156.654916333
1157.019979000
1157.385134667
1157.750384333
1158.115727000
1158.481162667
1158.846691333
1159.212314000
1159.578029667
1159.943838667
1160.309741000
1160.675737667
1161.041826333
1161.408010000
1161.774285667
1162.140655667
1162.507119000
1162.873676667
1163.240326333
1163.607071000
1163.973908667
1164.340840333
1164.707866000
1165.074984667
1165.442197333
1165.809503000
1166.176903667
1166.544397333
1166.911985000
1167.279667000
1167.647442333
1168.015312000
1168.383275667
1168.751332333
1169.119484000
1169.487729000
1169.856068333
1170.224502000
1170.593029000
1170.961651000
1171.330366000
1171.699176000
1172.068080000
1172.437078000
1172.806170667
1173.175357000
1173.544638000
1173.914013000
1174.283483000
1174.653046000
1175.022704667
1175.392457000
1175.762304000
1176.132245000
1176.502281000
1176.872411000
1177.242636000
1177.612955667
1177.983369000
1178.353878000
1178.724481000
1179.095179000
1179.465971000
1179.836858000
1180.207840000
1180.578916000
1180.950087000
1181.321353000
1181.692714000
1182.064169000
1182.435720000
1182.807365000
1183.179105000
1183.550940000
1183.922870000
1184.294932000
1184.666903000
1185.039081000
1185.411354000
1185.783833000
1186.156296000
1186.528854000
1186.901619000
1187.274367000
1187.647210000
1188.020261000
1188.393294000
1188.766423000
1189.139760000
1189.513079000
1189.886494000
1190.260116000
1190.633722000
1191.007423000
1191.381332000
1191.755223000
1192.129211000
1192.503406000
1192.877584000
1193.251858000
1193.626340000
1194.000805000
1194.375365000
1194.750134000
1195.124886000
1195.499734000
1195.874789000
1196.249828000
1196.624963000
1197.000306000
1197.375633000
1197.751055000
1198.126686000
1198.502299000
1198.878009000
1199.253928000
1199.629829000
1200.005827000
1200.382034000
1200.758223000
1201.134509000
1201.511004000
1201.887482000
1202.264056000
1202.640839000
1203.017606000
1203.394468000
1203.771540000
1204.148595000
1204.525746000
1204.903107000
1205.280451000
1205.657891000
1206.035541000
1206.413174000
1206.790904000
1207.168843000
1207.546765000
1207.924784000
1208.303013000
1208.681225000
1209.059534000
1209.438052000
1209.816554000
1210.195152000
1210.573961000
1210.952753000
1211.331641000
1211.710740000
1212.089822000
1212.469000000
1212.848390000
1213.227762000
1213.607231000
1213.986911000
1214.366574000
1214.746334000
1215.126305000
1215.506259000
1215.886310000
1216.266572000
1216.646817000
1217.027159000
1217.407712000
1217.788249000
1218.168882000
1218.549727000
1218.930555000
1219.311480000
1219.692617000
1220.073736000
1220.454953000
1220.836382000
1221.217794000
1221.599303000
1221.981024000
1222.362728000
1222.744529000
1223.126542000
1223.508539000
1223.890633000
1224.272939000
1224.655228000
1225.037614000
1225.420213000
1225.802795000
1226.185475000
1226.568367000
1226.951242000
1227.334215000
1227.717400000
1228.100569000
1228.483835000
1228.867314000
1229.250776000
1229.634336000
1230.018109000
1230.401865000
1230.785718000
1231.169785000
1231.553835000
1231.937983000
1232.322344000
1232.706688000
1233.091130000
1233.475786000
1233.860424000
1234.245161000
1234.630111000
1235.015045000
1235.400076000
1235.785321000
1236.170549000
1236.555876000
1236.941416000
1237.326940000
1237.712561000
1238.098397000
1238.484216000
1238.870133000
1239.256264000
1239.642379000
1240.028591000
1240.415019000
1240.801429000
1241.187938000
1241.574661000
1241.961367000
1242.348172000
1242.735192000
1243.122194000
1243.509295000
1243.896611000
1244.283910000
1244.671308000
1245.058921000
1245.446517000
1245.834211000
1246.222121000
1246.610014000
1246.998005000
1247.386212000
1247.774402000
1248.162691000
1248.551196000
1248.939683000
1249.328269000
1249.717072000
1250.105856000
1250.494741000
1250.883841000
1251.272923000
1251.662105000
1252.051504000
1252.440884000
1252.830365000
1253.220061000
1253.609740000
1253.999519000
1254.389514000
1254.779492000
1255.169569000
1255.559863000
1255.950140000
1256.340516000
1256.731109000
1257.121684000
1257.512360000
1257.903252000
1258.294127000
1258.685101000
1259.076293000
1259.467467000
1259.858741000
1260.250233000
1260.641707000
1261.033280000
1261.425072000
1261.816846000
1262.208720000
1262.600811000
1262.992885000
1263.385059000
1263.777451000
1264.169826000
1264.562300000
1264.954993000
1265.347668000
1265.740443000
1266.133437000
1266.526413000
1266.919489000
1267.312784000
1267.706061000
1268.099438000
1268.493034000
1268.886612000
1269.280291000
1269.674189000
1270.068068000
1270.462049000
1270.856248000
1271.250430000
1271.644712000
1272.039213000
1272.433697000
1272.828281000
1273.223085000
1273.617871000
1274.012757000
1274.407863000
1274.802952000
1275.198141000
1275.593550000
1275.988941000
1276.384433000
1276.780144000
1277.175838000
1277.571633000
1277.967648000
1278.363646000
1278.759744000
1279.156062000
1279.552363000
1279.948764000
1280.345386000
1280.741990000
1281.138696000
1281.535622000
1281.932530000
1282.329539000
1282.726769000
1283.123981000
1283.521295000
1283.918829000
1284.316346000
1284.713964000
1285.111802000
1285.509623000
1285.907546000
1286.305690000
1286.703816000
1287.102043000
1287.500492000
1287.898923000
1288.297455000
1288.696209000
1289.094945000
1289.493783000
1289.892843000
1290.291884000
1290.691028000
1291.090393000
1291.489741000
1291.889190000
1292.288861000
1292.688514000
1293.088270000
1293.488247000
1293.888207000
1294.288268000
1294.688552000
1295.088818000
1295.489186000
1295.889777000
1296.290350000
1296.691025000
1297.091922000
1297.492802000
1297.893783000
1298.294988000
1298.696175000
1299.097464000
1299.498976000
1299.900470000
1300.302067000
1300.703886000
1301.105688000
1301.507592000
1301.909720000
1302.311829000
1302.714041000
1303.116477000
1303.518895000
1303.921415000
1304.324159000
1304.726885000
1305.129713000
1305.532766000
1305.935800000
1306.338938000
1306.742299000
1307.145642000
1307.549089000
1307.952759000
1308.356411000
1308.760167000
1309.164146000
1309.568108000
1309.972173000
1310.376462000
1310.780733000
1311.185107000
1311.589706000
1311.994287000
1312.398971000
1312.803880000
1313.208771000
1313.613765000
1314.018984000
1314.424185000
1314.829489000
1315.235019000
1315.640530000
1316.046145000
1316.451986000
1316.857808000
1317.263733000
1317.669885000
1318.076018000
1318.482254000
1318.888717000
1319.295161000
1319.701709000
1320.108483000
1320.515239000
1320.922098000
1321.329183000
1321.736251000
1322.143422000
1322.550819000
1322.958198000
