0.000000000
183.416446429
366.832892857
550.249339286
733.665785714
917.082232143
1100.498678571
1283.915125000
1286.171911667
1288.428116333
1290.683690000
1292.938581333
1295.192739667
1297.446112000
1299.698646333
1301.950286667
1304.200978000
1306.450665000
1308.699289333
1310.946792000
1313.193114333
1315.438193667
1317.681969000
1319.924376000
1322.165349000
1324.404822000
1326.642725667
1328.878990667
1331.113545000
1333.346316333
1335.577228000
1337.806202000
1340.033160667
1342.258020667
1344.480699000
1346.701109000
1348.919160333
1351.134763000
1353.347820333
1355.558236000
1357.765907000
1359.970730333
1362.172597667
1364.371396000
1366.567008333
1368.759314000
1370.948189000
1373.133500333
1375.315112000
1377.492883000
1379.666664000
1381.836300000
1384.001628000
1386.162477000
1388.318668667
1390.470015000
1392.616316333
1394.757364000
1396.892936000
1399.022797667
1401.146701000
1403.264380000
1405.375553667
1407.479920000
1409.577156000
1411.666916667
1413.748827333
1415.822486000
1417.887457333
1419.943267000
1421.989399000
1424.025287000
1426.050310000
1428.063782000
1430.064940667
1432.052937000
1434.026818000
1435.985505000
1437.927773667
1439.852216000
1441.757202333
1443.640825000
1445.500822000
1447.334470000
1449.138437333
1450.908557000
1452.639477000
1454.324091000
1455.952518000
1457.510117667
1458.972932667
1460.294092000
1461.315870333
1461.760160667
1462.203124000
1462.646200333
1463.089390667
1463.532693000
1463.976216333
1464.419745333
1464.863388000
1465.306966000
1465.750923000
1466.194861000
1466.638912000
1467.083210000
1467.527488000
1467.971880000
1468.416518000
1468.861136000
1469.305868000
1469.750847000
1470.195806000
1470.640879000
1471.086199000
1471.531499000
1471.976912000
1472.422573000
1472.868214000
1473.313969000
1473.759972000
1474.205954000
1474.652051000
1475.098395000
1475.544719000
1475.991157000
1476.437843000
1476.884510000
1477.331290000
1477.778318000
1478.225327000
1478.672449000
1479.119820000
1479.567171000
1480.014636000
1480.462350000
1480.910043000
1481.357851000
1481.805908000
1482.253945000
1482.702096000
1483.150496000
1483.598876000
1484.047370000
1484.496114000
1484.944837000
1485.393675000
1485.842762000
1486.291830000
1486.741012000
1487.190443000
1487.639854000
1488.089380000
1488.539156000
1488.988912000
1489.438782000
1489.888902000
1490.339003000
1490.789218000
1491.239683000
1491.690128000
1492.140688000
1492.591499000
1493.042289000
1493.493194000
1493.944350000
1494.395485000
1494.846736000
1495.298238000
1495.749719000
1496.201315000
1496.653163000
1497.104990000
1497.556932000
1498.009126000
1498.461299000
1498.913588000
1499.366128000
1499.818647000
1500.271283000
1500.724169000
1501.177036000
1501.630018000
1502.083252000
1502.536465000
1502.989794000
1503.443375000
1503.896936000
1504.350612000
1504.804541000
1505.258449000
1505.712473000
1506.166749000
1506.621005000
1507.075377000
1507.530001000
1507.984605000
1508.439325000
1508.894298000
1509.349250000
1509.804318000
1510.259640000
1510.714941000
1511.170358000
1511.626028000
1512.081677000
1512.537443000
1512.993462000
1513.449461000
1513.905576000
1514.361945000
1514.818293000
1515.274758000
1515.731476000
1516.188174000
1516.644988000
1517.102056000
1517.559104000
1518.016268000
1518.473687000
1518.931084000
1519.388599000
1519.846368000
1520.304116000
1520.761981000
1521.220101000
1521.678200000
1522.136416000
1522.594886000
1523.053336000
1523.511903000
1523.970725000
1524.429526000
1524.888445000
1525.347618000
1525.806771000
1526.266041000
1526.725566000
1527.185070000
1527.644692000
1528.104570000
1528.564426000
1529.024400000
1529.484630000
1529.944839000
1530.405165000
1530.865747000
1531.326309000
1531.786988000
1532.247923000
1532.708837000
1533.169869000
1533.631157000
1534.092425000
1534.553810000
1535.015452000
1535.477073000
1535.938812000
1536.400807000
1536.862781000
1537.324874000
1537.787223000
1538.249552000
1538.711998000
1539.174702000
1539.637385000
1540.100186000
1540.563244000
1541.026281000
1541.489436000
1541.952849000
1542.416241000
1542.879752000
1543.343519000
1543.807266000
1544.271132000
1544.735255000
1545.199357000
1545.663578000
1546.128057000
1546.592515000
1547.057092000
1547.521926000
1547.986740000
1548.451672000
1548.916863000
1549.382033000
1549.847322000
1550.312869000
1550.778395000
1551.244041000
1551.709944000
1552.175827000
1552.641829000
1553.108090000
1553.574330000
1554.040689000
1554.507307000
1554.973904000
1555.440621000
1555.907596000
1556.374551000
1556.841625000
1557.308958000
1557.776270000
1558.243702000
1558.711394000
1559.179064000
1559.646854000
1560.114904000
1560.582932000
1561.051081000
1561.519489000
1561.987876000
1562.456383000
1562.925150000
1563.393897000
1563.862763000
1564.331889000
1564.800994000
1565.270219000
1565.739705000
1566.209170000
1566.678755000
1567.148600000
1567.618425000
1568.088369000
1568.558574000
1569.028759000
1569.499063000
1569.969629000
1570.440174000
1570.910839000
1571.381765000
1571.852670000
1572.323695000
1572.794982000
1573.266248000
1573.737635000
1574.209283000
1574.680910000
1575.152657000
1575.624667000
1576.096655000
1576.568764000
1577.041135000
1577.513485000
1577.985956000
1578.458689000
1578.931401000
1579.404233000
1579.877329000
1580.350403000
1580.823598000
1581.297055000
1581.770492000
1582.244049000
1582.717870000
1583.191669000
1583.665589000
1584.139773000
1584.613935000
1585.088218000
1585.562765000
1586.037291000
1586.511937000
1586.986848000
1587.461737000
1587.936747000
1588.412021000
1588.887274000
1589.362649000
1589.838287000
1590.313904000
1590.789643000
1591.265646000
1591.741627000
1592.217730000
1592.694098000
1593.170444000
1593.646912000
1594.123644000
1594.600355000
1595.077188000
1595.554286000
1596.031362000
1596.508560000
1596.986024000
1597.463465000
1597.941029000
1598.418858000
1598.896666000
1599.374596000
1599.852791000
1600.330965000
1600.809260000
1601.287822000
1601.766362000
1602.245024000
1602.723953000
1603.202859000
1603.681889000
1604.161184000
1604.640457000
1605.119853000
1605.599516000
1606.079157000
1606.558920000
1607.038950000
1607.518958000
1607.999089000
1608.479487000
1608.959863000
1609.440362000
1609.921128000
1610.401872000
1610.882739000
1611.363873000
1611.844985000
1612.326221000
1612.807723000
1613.289204000
1613.770809000
1614.252680000
1614.734530000
1615.216503000
1615.698744000
1616.180963000
1616.663306000
1617.145916000
1617.628505000
1618.111216000
1618.594196000
1619.077155000
1619.560237000
1620.043587000
1620.526915000
1621.010367000
1621.494087000
1621.977786000
1622.461608000
1622.945699000
1623.429769000
1623.913962000
1624.398423000
1624.882864000
