0.000000000
169.956972143
339.913944286
509.870916429
679.827888571
849.784860714
1019.741832857
1189.698805000
1191.837737667
1193.972347000
1196.102404000
1198.227669333
1200.347887333
1202.462791000
1204.572097667
1206.675506000
1208.772698000
1210.863335000
1212.947056000
1215.023475000
1217.092179333
1219.152728333
1221.204646000
1223.247419000
1225.280494333
1227.303271000
1229.315094667
1231.315252667
1233.302963000
1235.277363667
1237.237504667
1239.182328000
1241.110651000
1243.021147000
1244.912311000
1246.782427667
1248.629521667
1250.451298000
1252.245054000
1254.007568333
1255.734931000
1257.422305333
1259.063552333
1260.650622000
1262.172486667
1263.613074000
1264.946561000
1266.123316000
1266.962939667
1267.356271000
1267.749598333
1268.143025667
1268.536554000
1268.930183333
1269.323912667
1269.717742000
1270.111672333
1270.505703667
1270.899835000
1271.294067333
1271.688400333
1272.082834000
1272.477367667
1272.872002667
1273.266739000
1273.661575333
1274.056512333
1274.451551000
1274.846689667
1275.241929667
1275.637270000
1276.032712333
1276.428255333
1276.823899000
1277.219643667
1277.615489333
1278.011436000
1278.407483667
1278.803633333
1279.199883000
1279.596234667
1279.992687333
1280.389241000
1280.785896667
1281.182652333
1281.579510000
1281.976469000
1282.373529333
1282.770691000
1283.167954667
1283.565319000
1283.962785000
1284.360352667
1284.758021333
1285.155792000
1285.553664000
1285.951637333
1286.349713000
1286.747889667
1287.146168333
1287.544549000
1287.942871000
1288.341415000
1288.740180000
1289.138928000
1289.537777000
1289.936847000
1290.335900000
1290.735055000
1291.134432000
1291.533790000
1291.933251000
1292.332933000
1292.732598000
1293.132364000
1293.532353000
1293.932324000
1294.332397000
1294.732692000
1295.132969000
1295.533349000
1295.933950000
1296.334534000
1296.735221000
1297.136129000
1297.537020000
1297.938013000
1298.339229000
1298.740427000
1299.141728000
1299.543251000
1299.944756000
1300.346364000
1300.748195000
1301.150008000
1301.551924000
1301.954063000
1302.356183000
1302.758407000
1303.160854000
1303.563283000
1303.965815000
1304.368570000
1304.771307000
1305.174147000
1305.577211000
1305.980257000
1306.383406000
1306.786778000
1307.190133000
1307.593590000
1307.997272000
1308.400936000
1308.804703000
1309.208694000
1309.612667000
1310.016743000
1310.421043000
1310.825326000
1311.229711000
1311.634321000
1312.038914000
1312.443609000
1312.848529000
1313.253432000
1313.658437000
1314.063668000
1314.468880000
1314.874196000
1315.279737000
1315.685260000
1316.090886000
1316.496738000
1316.902572000
1317.308509000
1317.714671000
1318.120816000
1318.527064000
1318.933538000
1319.339994000
1319.746553000
1320.153338000
1320.560105000
1320.966976000
1321.374073000
1321.781152000
1322.188335000
1322.595743000
1323.003134000
1323.410629000
1323.818350000
1324.226052000
1324.633859000
1325.041893000
1325.449908000
1325.858027000
1326.266373000
1326.674701000
1327.083133000
1327.491792000
1327.900432000
1328.309177000
1328.718149000
1329.127103000
1329.536161000
1329.945446000
1330.354713000
1330.764085000
1331.173683000
1331.583264000
1331.992949000
1332.402862000
1332.812756000
1333.222755000
1333.632982000
1334.043190000
1334.453503000
1334.864044000
1335.274567000
1335.685195000
1336.096050000
1336.506887000
1336.917830000
1337.329000000
1337.740152000
1338.151409000
1338.562894000
1338.974361000
1339.385933000
1339.797734000
1340.209516000
1340.621404000
1341.033520000
1341.445618000
1341.857821000
1342.270253000
1342.682666000
1343.095185000
1343.507933000
1343.920662000
1344.333497000
1344.746561000
1345.159607000
1345.572758000
1345.986139000
1346.399501000
1346.812968000
1347.226666000
1347.640345000
1348.054129000
1348.468143000
1348.882139000
1349.296241000
1349.710572000
1350.124885000
1350.539304000
1350.953953000
1351.368583000
1351.783320000
1352.198286000
1352.613234000
1353.028288000
1353.443573000
1353.858839000
1354.274211000
1354.689814000
1355.105398000
1355.521088000
1355.937009000
1356.352912000
1356.768921000
1357.185161000
1357.601382000
1358.017709000
1358.434268000
1358.850808000
1359.267455000
1359.684333000
1360.101192000
1360.518157000
1360.935355000
1361.352533000
1361.769819000
1362.187336000
1362.604834000
1363.022439000
1363.440276000
1363.858094000
1364.276018000
1364.694175000
1365.112314000
1365.530559000
1365.949036000
1366.367495000
1366.786060000
1367.204858000
1367.623637000
1368.042524000
1368.461642000
1368.880742000
1369.299950000
1369.719390000
1370.138811000
1370.558339000
1370.978100000
1371.397843000
1371.817693000
1372.237775000
1372.657840000
1373.078011000
1373.498416000
1373.918802000
1374.339295000
1374.760022000
1375.180730000
1375.601545000
1376.022595000
1376.443625000
1376.864763000
1377.286135000
1377.707488000
1378.128948000
1378.550643000
1378.972319000
1379.394102000
1379.816120000
1380.238119000
1380.660225000
1381.082566000
1381.504889000
1381.927319000
1382.349983000
1382.772629000
1383.195383000
1383.618371000
1384.041341000
1384.464418000
1384.887731000
1385.311025000
1385.734426000
1386.158063000
1386.581681000
1387.005407000
1387.429369000
1387.853311000
1388.277362000
1388.701648000
1389.125916000
1389.550291000
1389.974903000
1390.399495000
1390.824196000
1391.249132000
1391.674050000
1392.099076000
1392.524339000
1392.949582000
1393.374934000
1393.800522000
1394.226091000
1394.651768000
1395.077683000
1395.503578000
1395.929582000
1396.355822000
1396.782044000
1397.208374000
1397.634941000
1398.061489000
1398.488146000
1398.915040000
1399.341914000
1399.768898000
1400.196119000
1400.623321000
1401.050632000
1401.478180000
1401.905709000
1402.333347000
1402.761223000
1403.189080000
1403.617046000
1404.045250000
1404.473434000
1404.901728000
1405.330260000
1405.758772000
1406.187394000
1406.616254000
1407.045095000
1407.474046000
1407.903234000
1408.332404000
1408.761683000
1409.191200000
1409.620698000
1410.050306000
1410.480153000
1410.909980000
1411.339917000
1411.770093000
1412.200250000
1412.630516000
1413.061022000
1413.491508000
1413.922104000
1414.352939000
1414.783756000
1415.214682000
1415.645847000
1416.076993000
1416.508249000
1416.939745000
1417.371222000
1417.802808000
1418.234634000
1418.666442000
1419.098359000
1419.530516000
1419.962654000
1420.394902000
1420.827390000
1421.259859000
1421.692439000
1422.125258000
1422.558059000
1422.990969000
1423.424121000
1423.857253000
1424.290495000
1424.723978000
1425.157442000
1425.591016000
1426.024832000
1426.458628000
1426.892534000
1427.326682000
1427.760810000
1428.195049000
1428.629529000
1429.063990000
1429.498562000
1429.933375000
1430.368169000
1430.803073000
1431.238220000
1431.673347000
1432.108584000
1432.544064000
1432.979524000
1433.415096000
1433.850909000
1434.286703000
1434.722608000
1435.158755000
