0.000000000
159.319265571
318.638531143
477.957796714
637.277062286
796.596327857
955.915593429
1115.234859000
1116.889796667
1118.506590333
1120.080060000
1121.603646667
1123.068766667
1124.463663000
1125.771136667
1126.963205000
1127.983743000
1128.604828000
1128.962729000
1129.320721000
1129.678805000
1130.036980333
1130.395247000
1130.753605000
1131.112054333
1131.470596000
1131.829228000
1132.187952333
1132.546768000
1132.905675667
1133.264675000
1133.623765000
1133.982948000
1134.342222000
1134.701588000
1135.061045000
1135.420595000
1135.780236000
1136.139969000
1136.499794000
1136.859710000
1137.219719000
1137.579819667
1137.940012000
1138.300296000
1138.660673000
1139.021141000
1139.381702000
1139.742354000
1140.103099000
1140.463936000
1140.824864667
1141.185885000
1141.546999000
1141.908204000
1142.269502000
1142.630891333
1142.992373667
1143.353948000
1143.715615000
1144.077373667
1144.439225000
1144.801169000
1145.163205667
1145.525334000
1145.887555333
1146.249868667
1146.612275000
1146.974773333
1147.337364667
1147.700049000
1148.062825333
1148.425693667
1148.788656000
1149.151710333
1149.514856667
1149.878097000
1150.241429333
1150.604854667
1150.968373000
1151.331983333
1151.695687667
1152.059484000
1152.423373333
1152.787355667
1153.151431000
1153.515599333
1153.879860667
1154.244215000
1154.608662333
1154.973202333
1155.337836000
1155.702562333
1156.067381667
1156.432295000
1156.797300667
1157.162399667
1157.527592000
1157.892877667
1158.258256667
1158.623729000
1158.989148000
1159.354770000
1159.720595000
1160.086404000
1160.452307000
1160.818412000
1161.184501000
1161.550684000
1161.917070000
1162.283440000
1162.649903000
1163.016570000
1163.383220000
1163.749964000
1164.116912000
1164.483843000
1164.850868000
1165.218097000
1165.585310000
1165.952616000
1166.320126000
1166.687620000
1167.055207000
1167.422999000
1167.790774000
1168.158644000
1168.526717000
1168.894774000
1169.262925000
1169.631281000
1169.999620000
1170.368053000
1170.736691000
1171.105312000
1171.474028000
1171.842948000
1172.211852000
1172.580850000
1172.950053000
1173.319239000
1173.688520000
1174.058005000
1174.427475000
1174.797038000
1175.166807000
1175.536559000
1175.906406000
1176.276458000
1176.646494000
1177.016624000
1177.386960000
1177.757279000
1178.127692000
1178.498312000
1178.868915000
1179.239612000
1179.610516000
1179.981402000
1180.352384000
1180.723571000
1181.094742000
1181.466008000
1181.837480000
1182.208935000
1182.580485000
1182.952242000
1183.323982000
1183.695817000
1184.067858000
1184.439883000
1184.812003000
1185.184329000
1185.556639000
1185.929044000
1186.301655000
1186.674250000
1187.046940000
1187.419838000
1187.792718000
1188.165694000
1188.538877000
1188.912043000
1189.285304000
1189.658773000
1190.032225000
1190.405773000
1190.779528000
1191.153266000
1191.527099000
1191.901141000
1192.275165000
1192.649285000
1193.023613000
1193.397924000
1193.772331000
1194.146946000
1194.521544000
1194.896237000
1195.271139000
1195.646024000
1196.021004000
1196.396193000
1196.771365000
1197.146633000
1197.522110000
1197.897569000
1198.273125000
1198.648889000
1199.024636000
1199.400479000
1199.776531000
1200.152566000
1200.528697000
1200.905037000
1201.281361000
1201.657780000
1202.034408000
1202.411020000
1202.787728000
1203.164645000
1203.541545000
1203.918541000
1204.295747000
1204.672936000
1205.050221000
1205.427716000
1205.805193000
1206.182768000
1206.560552000
1206.938319000
1207.316182000
1207.694256000
1208.072312000
1208.450465000
1208.828828000
1209.207174000
1209.585617000
1209.964270000
1210.342906000
1210.721639000
1211.100582000
1211.479508000
1211.858531000
1212.237764000
1212.616981000
1212.996294000
1213.375818000
1213.755325000
1214.134929000
1214.514744000
1214.894542000
1215.274436000
1215.654542000
1216.034631000
1216.414817000
1216.795214000
1217.175593000
1217.556071000
1217.936759000
1218.317430000
1218.698199000
1219.079179000
1219.460142000
1219.841202000
1220.222474000
1220.603729000
1220.985082000
1221.366646000
1221.748193000
1222.129837000
1222.511694000
1222.893533000
1223.275470000
1223.657619000
1224.039751000
1224.421980000
1224.804422000
1225.186847000
1225.569369000
1225.952104000
1226.334822000
1226.717637000
1227.100665000
1227.483676000
1227.866785000
1228.250106000
1228.633411000
1229.016813000
1229.400428000
1229.784026000
1230.167722000
1230.551631000
1230.935523000
1231.319513000
1231.703716000
1232.087903000
1232.472187000
1232.856684000
1233.241165000
1233.625743000
1234.010535000
1234.395311000
1234.780184000
1235.165271000
1235.550341000
1235.935509000
1236.320891000
1236.706256000
1237.091719000
1237.477396000
1237.863056000
1238.248815000
1238.634788000
1239.020743000
1239.406797000
1239.793066000
1240.179317000
1240.565667000
1240.952231000
1241.338779000
1241.725425000
1242.112285000
1242.499129000
1242.886071000
1243.273228000
1243.660367000
1244.047606000
1244.435060000
1244.822496000
1245.210031000
1245.597782000
1245.985515000
1246.373347000
1246.761395000
1247.149425000
1247.537555000
1247.925899000
1248.314227000
1248.702654000
1249.091296000
1249.479921000
1249.868646000
1250.257586000
1250.646509000
1251.035531000
1251.424769000
1251.813990000
1252.203310000
1252.592846000
1252.982366000
1253.371984000
1253.761819000
1254.151636000
1254.541553000
1254.931687000
1255.321803000
1255.712019000
1256.102451000
1256.492866000
1256.883381000
1257.274113000
1257.664827000
1258.055641000
1258.446672000
1258.837685000
1259.228798000
1259.620129000
1260.011442000
1260.402855000
1260.794485000
1261.186098000
1261.577811000
1261.969742000
1262.361655000
1262.753668000
1263.145898000
1263.538112000
1263.930425000
1264.322956000
1264.715470000
1265.108084000
1265.500916000
1265.893730000
1266.286645000
1266.679778000
1267.072893000
1267.466109000
1267.859543000
1268.252960000
1268.646477000
1269.040212000
1269.433930000
1269.827749000
1270.221786000
1270.615806000
1271.009926000
1271.404265000
1271.798587000
1272.193009000
1272.587650000
1272.982274000
1273.376998000
1273.771942000
1274.166868000
1274.561895000
1274.957141000
1275.352370000
1275.747699000
1276.143248000
1276.538780000
1276.934412000
1277.330264000
1277.726099000
1278.122034000
1278.518190000
1278.914327000
1279.310566000
1279.707025000
1280.103466000
1280.500009000
1280.896772000
1281.293516000
1281.690363000
1282.087429000
1282.484478000
1282.881629000
1283.279000000
1283.676353000
1284.073807000
1284.471483000
1284.869140000
1285.266899000
1285.664879000
1286.062842000
1286.460905000
1286.859190000
1287.257458000
1287.655826000
1288.054417000
1288.452989000
1288.851663000
1289.250558000
1289.649436000
1290.048416000
1290.447617000
1290.846800000
1291.246085000
1291.645592000
1292.045081000
1292.444672000
1292.844485000
1293.244281000
1293.644178000
1294.044297000
1294.444399000
1294.844602000
