0.000000000
183.903008571
367.806017143
551.709025714
735.612034286
919.515042857
1103.418051429
1287.321060000
1289.578929667
1291.836251333
1294.092977000
1296.349058333
1298.604444333
1300.859085000
1303.112929333
1305.365924667
1307.618017000
1309.869152000
1312.119275000
1314.368329000
1316.616256000
1318.862998333
1321.108496000
1323.352687333
1325.595509667
1327.836899000
1330.076791000
1332.315118333
1334.551812000
1336.786802667
1339.020018667
1341.251386000
1343.480829667
1345.708271333
1347.933633000
1350.156830333
1352.377781000
1354.596399000
1356.812592667
1359.026271667
1361.237341000
1363.445701667
1365.651253667
1367.853891000
1370.053505000
1372.249984333
1374.443211000
1376.633063667
1378.819416667
1381.002139000
1383.181093667
1385.356137667
1387.527122000
1389.693890333
1391.856279000
1394.014118000
1396.167225000
1398.315412333
1400.458478000
1402.596213333
1404.728393333
1406.854782000
1408.975128667
1411.089164000
1413.196605000
1415.297145667
1417.390459333
1419.476195000
1421.553975333
1423.623389667
1425.683996000
1427.735311667
1429.776809333
1431.807913000
1433.827987333
1435.836327667
1437.832154000
1439.814591667
1441.782658000
1443.735239000
1445.671064667
1447.588670333
1449.486355000
1451.362117667
1453.213574000
1455.037836000
1456.831346667
1458.589614000
1460.306807000
1461.975066000
1463.583243667
1465.114321000
1466.539044667
1467.793781333
1468.570015000
1469.014716667
1469.459532333
1469.904461000
1470.349504333
1470.794660333
1471.240020000
1471.685226000
1472.130812000
1472.576379000
1473.022059000
1473.467987000
1473.913895000
1474.359917000
1474.806187000
1475.252436000
1475.698800000
1476.145411000
1476.592003000
1477.038709000
1477.485662000
1477.932596000
1478.379644000
1478.826940000
1479.274216000
1479.721606000
1480.169245000
1480.616864000
1481.064597000
1481.512579000
1481.960541000
1482.408617000
1482.856942000
1483.305247000
1483.753666000
1484.202335000
1484.650983000
1485.099746000
1485.548758000
1485.997751000
1486.446858000
1486.896214000
1487.345550000
1487.795001000
1488.244701000
1488.694382000
1489.144177000
1489.594222000
1490.044247000
1490.494387000
1490.944777000
1491.395147000
1491.845632000
1492.296367000
1492.747082000
1493.197911000
1493.648992000
1494.100052000
1494.551227000
1495.002653000
1495.454059000
1495.905580000
1496.357352000
1496.809103000
1497.260970000
1497.713088000
1498.165186000
1498.617399000
1499.069864000
1499.522308000
1499.974867000
1500.427678000
1500.880469000
1501.333375000
1501.786533000
1502.239671000
1502.692924000
1503.146429000
1503.599914000
1504.053515000
1504.507367000
1504.961200000
1505.415148000
1505.869348000
1506.323528000
1506.777824000
1507.232372000
1507.686900000
1508.141544000
1508.596441000
1509.051317000
1509.506310000
1509.961555000
1510.416779000
1510.872120000
1511.327714000
1511.783288000
1512.238978000
1512.694921000
1513.150843000
1513.606882000
1514.063174000
1514.519446000
1514.975835000
1515.432476000
1515.889098000
1516.345836000
1516.802828000
1517.259799000
1517.716887000
1518.174229000
1518.631550000
1519.088988000
1519.546681000
1520.004352000
1520.462141000
1520.920184000
1521.378206000
1521.836346000
1522.294740000
1522.753113000
1523.211603000
1523.670348000
1524.129073000
1524.587915000
1525.047011000
1525.506087000
1525.965280000
1526.424729000
1526.884157000
1527.343702000
1527.803502000
1528.263282000
1528.723179000
1529.183331000
1529.643463000
1530.103713000
1530.564218000
1531.024703000
1531.485305000
1531.946163000
1532.407000000
1532.867955000
1533.329166000
1533.790356000
1534.251665000
1534.713229000
1535.174773000
1535.636434000
1536.098353000
1536.560250000
1537.022265000
1537.484537000
1537.946789000
1538.409158000
1538.871784000
1539.334389000
1539.797113000
1540.260094000
1540.723053000
1541.186132000
1541.649467000
1542.112781000
1542.576214000
1543.039905000
1543.503574000
1543.967362000
1544.431408000
1544.895433000
1545.359576000
1545.823977000
1546.288357000
1546.752856000
1547.217613000
1547.682349000
1548.147204000
1548.612317000
1549.077409000
1549.542620000
1550.008089000
1550.473538000
1550.939105000
1551.404931000
1551.870736000
1552.336660000
1552.802843000
1553.269005000
1553.735286000
1554.201826000
1554.668346000
1555.134984000
1555.601881000
1556.068758000
1556.535754000
1557.003009000
1557.470243000
1557.937597000
1558.405210000
1558.872802000
1559.340514000
1559.808486000
1560.276436000
1560.744506000
1561.212836000
1561.681145000
1562.149574000
1562.618263000
1563.086931000
1563.555718000
1564.024766000
1564.493793000
1564.962940000
1565.432347000
1565.901733000
1566.371240000
1566.841007000
1567.310752000
1567.780618000
1568.250745000
1568.720851000
1569.191077000
1569.661564000
1570.132030000
1570.602616000
1571.073464000
1571.544290000
1572.015237000
1572.486445000
1572.957632000
1573.428940000
1573.900509000
1574.372057000
1574.843726000
1575.315657000
1575.787566000
1576.259596000
1576.731888000
1577.204159000
1577.676551000
1578.149205000
1578.621838000
1579.094591000
1579.567608000
1580.040603000
1580.513718000
1580.987097000
1581.460454000
1581.933933000
1582.407674000
1582.881394000
1583.355235000
1583.829339000
1584.303422000
1584.777626000
1585.252094000
1585.726540000
1586.201107000
1586.675938000
1587.150748000
1587.625679000
1588.100874000
1588.576047000
1589.051342000
1589.526901000
1590.002439000
1590.478098000
1590.954021000
1591.429923000
1591.905946000
1592.382234000
1592.858501000
1593.334889000
1593.811542000
1594.288173000
1594.764926000
1595.241944000
1595.718941000
1596.196059000
1596.673443000
1597.150805000
1597.628289000
1598.106038000
1598.583766000
1599.061616000
1599.539731000
1600.017825000
1600.496041000
1600.974522000
1601.452982000
1601.931565000
1602.410413000
1602.889240000
1603.368189000
1603.847404000
1604.326597000
1604.805913000
1605.285495000
1605.765056000
1606.244739000
1606.724689000
1607.204617000
1607.684668000
1608.164985000
1608.645281000
1609.125699000
1609.606385000
1610.087049000
1610.567835000
1611.048889000
1611.529921000
1612.011076000
1612.492498000
1612.973899000
1613.455422000
1613.937213000
1614.418983000
1614.900875000
1615.383036000
1615.865174000
1616.347436000
1616.829966000
1617.312474000
1617.795105000
1618.278004000
1618.760882000
1619.243883000
1619.727152000
1620.210400000
1620.693771000
1621.177410000
1621.661028000
1622.144770000
1622.628780000
1623.112768000
1623.596880000
1624.081261000
1624.565620000
1625.050103000
1625.534855000
1626.019586000
1626.504440000
1626.989563000
1627.474665000
1627.959890000
1628.445386000
1628.930859000
1629.416456000
1629.902323000
1630.388169000
1630.874138000
1631.360378000
