0.000000000
173.929716429
347.859432857
521.789149286
695.718865714
869.648582143
1043.578298571
1217.508015000
1219.706075667
1221.901820667
1224.095128000
1226.285865667
1228.473900333
1230.659092000
1232.841295333
1235.020358333
1237.196123000
1239.368424000
1241.537089333
1243.701938000
1245.862781000
1248.019419667
1250.171646000
1252.319241333
1254.461973000
1256.599600000
1258.731862000
1260.858488667
1262.979191000
1265.093662333
1267.201575667
1269.302583000
1271.396313000
1273.482366667
1275.560316000
1277.629700667
1279.690023333
1281.740745000
1283.781280667
1285.810992667
1287.829184000
1289.835087000
1291.827856333
1293.806554000
1295.770135333
1297.717428000
1299.647110000
1301.557677000
1303.447407333
1305.314307000
1307.156045000
1308.969859000
1310.752430000
1312.499695000
1314.206569667
1315.866516000
1317.470814333
1319.007247333
1320.457428000
1321.790248000
1322.939105000
1323.609937000
1324.017627000
1324.425500333
1324.833399000
1325.241401667
1325.649508333
1326.057720000
1326.466035000
1326.874454333
1327.282978000
1327.691606667
1328.100339000
1328.509176000
1328.918117000
1329.327162333
1329.736313000
1330.145567000
1330.554926000
1330.964390000
1331.373958000
1331.783630333
1332.193408000
1332.603290000
1333.013276000
1333.423367000
1333.833563000
1334.243864000
1334.654269000
1335.064780000
1335.475394667
1335.886114000
1336.296939000
1336.707869000
1337.118903000
1337.530043000
1337.941287000
1338.352637000
1338.764091000
1339.175650667
1339.587315000
1339.998920000
1340.410878000
1340.822816000
1341.234860000
1341.647133000
1342.059388000
1342.471747000
1342.884336000
1343.296906000
1343.709582000
1344.122487000
1344.535373000
1344.948365000
1345.361586000
1345.774789000
1346.188097000
1346.601635000
1347.015154000
1347.428779000
1347.842633000
1348.256469000
1348.670411000
1349.084583000
1349.498736000
1349.912995000
1350.327484000
1350.741954000
1351.156531000
1351.571337000
1351.986125000
1352.401019000
1352.816144000
1353.231249000
1353.646461000
1354.061904000
1354.477328000
1354.892858000
1355.308618000
1355.724360000
1356.140209000
1356.556288000
1356.972349000
1357.388516000
1357.804914000
1358.221293000
1358.637779000
1359.054496000
1359.471194000
1359.887999000
1360.305036000
1360.722053000
1361.139178000
1361.556533000
1361.973871000
1362.391315000
1362.808990000
1363.226647000
1363.644411000
1364.062406000
1364.480383000
1364.898467000
1365.316783000
1365.735080000
1366.153484000
1366.572121000
1366.990738000
1367.409463000
1367.828420000
1368.247359000
1368.666404000
1369.085682000
1369.504942000
1369.924308000
1370.343907000
1370.763488000
1371.183176000
1371.603097000
1372.022999000
1372.443008000
1372.863251000
1373.283474000
1373.703806000
1374.124370000
1374.544916000
1374.965569000
1375.386456000
1375.807324000
1376.228299000
1376.649509000
1377.070699000
1377.491997000
1377.913529000
1378.335042000
1378.756663000
1379.178518000
1379.600354000
1380.022298000
1380.444476000
1380.866635000
1381.288902000
1381.711404000
1382.133887000
1382.556477000
1382.979302000
1383.402109000
1383.825023000
1384.248173000
1384.671303000
1385.094541000
1385.518015000
1385.941469000
1386.365032000
1386.788830000
1387.212609000
1387.636496000
1388.060619000
1388.484722000
1388.908934000
1389.333382000
1389.757811000
1390.182348000
1390.607120000
1391.031874000
1391.456736000
1391.881835000
1392.306914000
1392.732102000
1393.157525000
1393.582930000
1394.008444000
1394.434194000
1394.859925000
1395.285764000
1395.711840000
1396.137897000
1396.564063000
1396.990465000
1397.416849000
1397.843341000
1398.270070000
1398.696781000
1399.123600000
1399.550656000
1399.977693000
1400.404839000
1400.832222000
1401.259586000
1401.687060000
1402.114771000
1402.542462000
1402.970263000
1403.398302000
1403.826321000
1404.254450000
1404.682816000
1405.111163000
1405.539620000
1405.968315000
1406.396990000
1406.825775000
1407.254798000
1407.683802000
1408.112915000
1408.542267000
1408.971600000
1409.401042000
1409.830723000
1410.260384000
1410.690156000
1411.120166000
1411.550156000
1411.980257000
1412.410596000
1412.840916000
1413.271346000
1413.702015000
1414.132665000
1414.563425000
1414.994424000
1415.425404000
1415.856494000
1416.287823000
1416.719133000
1417.150553000
1417.582213000
1418.013854000
1418.445604000
1418.877595000
1419.309566000
1419.741647000
1420.173969000
1420.606271000
1421.038684000
1421.471336000
1421.903970000
1422.336714000
1422.769698000
1423.202663000
1423.635738000
1424.069054000
1424.502350000
1424.935758000
1425.369405000
1425.803034000
1426.236773000
1426.670753000
1427.104714000
1427.538786000
1427.973098000
1428.407392000
1428.841796000
1429.276441000
1429.711067000
1430.145804000
1430.580783000
1431.015742000
1431.450812000
1431.886123000
1432.321415000
1432.756819000
1433.192464000
1433.628090000
1434.063827000
1434.499806000
1434.935765000
1435.371836000
1435.808149000
1436.244443000
1436.680848000
1437.117495000
1437.554123000
1437.990862000
1438.427844000
1438.864806000
1439.301880000
1439.739197000
1440.176494000
1440.613903000
1441.051554000
1441.489186000
1441.926930000
1442.364917000
1442.802885000
1443.240964000
1443.679287000
1444.117590000
1444.556005000
1444.994663000
1445.433302000
1445.872053000
1446.311047000
1446.750022000
1447.189109000
1447.628440000
1448.067751000
1448.507174000
1448.946842000
1449.386490000
1449.826250000
1450.266254000
1450.706239000
1451.146336000
1451.586677000
1452.026999000
1452.467433000
1452.908112000
1453.348771000
1453.789542000
1454.230559000
1454.671556000
1455.112665000
1455.554019000
1455.995354000
1456.436801000
1456.878494000
1457.320166000
1457.761952000
1458.203983000
1458.645994000
1459.088118000
1459.530487000
1459.972837000
1460.415300000
1460.858008000
1461.300697000
1461.743499000
1462.186547000
1462.629574000
1463.072715000
1463.516103000
1463.959470000
1464.402950000
1464.846677000
1465.290384000
1465.734204000
1466.178271000
1466.622318000
1467.066479000
1467.510886000
1467.955273000
1468.399773000
1468.844521000
1469.289248000
1469.734090000
1470.179178000
1470.624246000
1471.069428000
1471.514858000
1471.960267000
1472.405790000
1472.851561000
1473.297311000
1473.743176000
1474.189288000
1474.635380000
1475.081586000
1475.528040000
1475.974474000
1476.421022000
1476.867818000
1477.314594000
1477.761484000
1478.208622000
1478.655740000
1479.102973000
1479.550453000
1479.997914000
1480.445489000
1480.893313000
1481.341117000
1481.789035000
1482.237202000
1482.685348000
1483.133609000
1483.582120000
1484.030610000
1484.479214000
1484.928068000
1485.376902000
1485.825850000
1486.275048000
1486.724226000
1487.173518000
1487.623060000
1488.072581000
1488.522218000
1488.972104000
1489.421970000
1489.871951000
1490.322182000
1490.772393000
1491.222719000
