0.000000000
181.883026714
363.766053429
545.649080143
727.532106857
909.415133571
1091.298160286
1273.181187000
1275.433608333
1277.685317667
1279.936260000
1282.186380000
1284.435618000
1286.683917000
1288.931215667
1291.177453333
1293.422568000
1295.666495333
1297.909169667
1300.150524000
1302.390490667
1304.628998333
1306.865976000
1309.101349333
1311.335043667
1313.566980000
1315.797079000
1318.025259333
1320.251437000
1322.475523333
1324.697431000
1326.917067000
1329.134335667
1331.349139667
1333.561377000
1335.770944667
1337.977731667
1340.181627000
1342.382514000
1344.580271333
1346.774774000
1348.965890000
1351.153484667
1353.337415000
1355.517534000
1357.693685667
1359.865709000
1362.033433333
1364.196681000
1366.355266000
1368.508990000
1370.657646333
1372.801016000
1374.938866333
1377.070952333
1379.197013000
1381.316771667
1383.429932000
1385.536178000
1387.635171333
1389.726547333
1391.809916000
1393.884852333
1395.950900000
1398.007560000
1400.054288333
1402.090491000
1404.115513000
1406.128631667
1408.129043333
1410.115852000
1412.088052333
1414.044506000
1415.983916000
1417.904796000
1419.805419000
1421.683760000
1423.537418000
1425.363496667
1427.158440000
1428.917793000
1430.635806333
1432.304806000
1433.914038333
1435.447373000
1436.877849000
1438.150186667
1439.020056333
1439.457214000
1439.894482667
1440.331863333
1440.769355000
1441.207058667
1441.644774333
1442.082602000
1442.520540667
1442.958592000
1443.396755000
1443.835029000
1444.273416000
1444.711914000
1445.150350000
1445.589028000
1446.027950000
1446.466853000
1446.905868000
1447.345126000
1447.784365000
1448.223716000
1448.663311000
1449.102887000
1449.542574000
1449.982506000
1450.422418000
1450.862443000
1451.302712000
1451.742961000
1452.183323000
1452.623929000
1453.064515000
1453.505214000
1453.946158000
1454.387082000
1454.828119000
1455.269401000
1455.710663000
1456.152037000
1456.593657000
1457.035257000
1457.476970000
1457.918928000
1458.360866000
1458.802917000
1459.245214000
1459.687491000
1460.129881000
1460.572517000
1461.015132000
1461.457861000
1461.900836000
1462.343791000
1462.786859000
1463.230173000
1463.673467000
1464.116875000
1464.560529000
1465.004163000
1465.447910000
1465.891903000
1466.335877000
1466.779965000
1467.224298000
1467.668612000
1468.113040000
1468.557714000
1469.002369000
1469.447136000
1469.892151000
1470.337147000
1470.782255000
1471.227611000
1471.672947000
1472.118397000
1472.564094000
1473.009771000
1473.455562000
1473.901601000
1474.347620000
1474.793752000
1475.240133000
1475.686493000
1476.132968000
1476.579690000
1477.026392000
1477.473209000
1477.920273000
1478.367318000
1478.814477000
1479.261884000
1479.709271000
1480.156773000
1480.604523000
1481.052253000
1481.500097000
1481.948190000
1482.396263000
1482.844450000
1483.292886000
1483.741303000
1484.189833000
1484.638613000
1485.087373000
1485.536248000
1485.985371000
1486.434475000
1486.883693000
1487.333161000
1487.782609000
1488.232171000
1488.681984000
1489.131776000
1489.581683000
1490.031840000
1490.481976000
1490.932228000
1491.382730000
1491.833211000
1492.283808000
1492.734655000
1493.185481000
1493.636423000
1494.087616000
1494.538788000
1494.990075000
1495.441613000
1495.893131000
1496.344764000
1496.796648000
1497.248512000
1497.700491000
1498.152721000
1498.604931000
1499.057256000
1499.509833000
1499.962390000
1500.415062000
1500.867985000
1501.320888000
1501.773907000
1502.227177000
1502.680427000
1503.133793000
1503.587411000
1504.041009000
1504.494722000
1504.948687000
1505.402632000
1505.856693000
1506.311006000
1506.765299000
1507.219707000
1507.674369000
1508.129009000
1508.583766000
1509.038776000
1509.493765000
1509.948870000
1510.404228000
1510.859566000
1511.315020000
1511.770727000
1512.226414000
1512.682217000
1513.138273000
1513.594308000
1514.050461000
1514.506866000
1514.963251000
1515.419753000
1515.876508000
1516.333243000
1516.790094000
1517.247200000
1517.704284000
1518.161486000
1518.618941000
1519.076376000
1519.533928000
1519.991734000
1520.449519000
1520.907421000
1521.365578000
1521.823714000
1522.281967000
1522.740475000
1523.198962000
1523.657566000
1524.116425000
1524.575264000
1525.034219000
1525.493430000
1525.952620000
1526.411927000
1526.871489000
1527.331031000
1527.790690000
1528.250605000
1528.710499000
1529.170510000
1529.630777000
1530.091023000
1530.551387000
1531.012006000
1531.472605000
1531.933322000
1532.394294000
1532.855246000
1533.316315000
1533.777641000
1534.238946000
1534.700368000
1535.162047000
1535.623706000
1536.085482000
1536.547515000
1537.009527000
1537.471657000
1537.934044000
1538.396410000
1538.858894000
1539.321635000
1539.784355000
1540.247194000
1540.710289000
1541.173364000
1541.636557000
1542.100007000
1542.563437000
1543.026985000
1543.490790000
1543.954575000
1544.418478000
1544.882639000
1545.346779000
1545.811037000
1546.275554000
1546.740049000
1547.204663000
1547.669536000
1548.134387000
1548.599357000
1549.064586000
1549.529794000
1549.995120000
1550.460705000
1550.926269000
1551.391952000
1551.857894000
1552.323814000
1552.789854000
1553.256153000
1553.722430000
1554.188827000
1554.655483000
1555.122118000
1555.588872000
1556.055886000
1556.522878000
1556.989990000
1557.457361000
1557.924711000
1558.392181000
1558.859910000
1559.327619000
1559.795447000
1560.263534000
1560.731601000
1561.199787000
1561.668233000
1562.136659000
1562.605204000
1563.074009000
1563.542793000
1564.011697000
1564.480861000
1564.950005000
1565.419268000
1565.888792000
1566.358295000
1566.827917000
1567.297801000
1567.767663000
1568.237646000
1568.707890000
1569.178112000
1569.648455000
1570.119059000
1570.589641000
1571.060344000
1571.531309000
1572.002252000
1572.473316000
1572.944641000
1573.415945000
1573.887370000
1574.359056000
1574.830721000
1575.302507000
1575.774555000
1576.246582000
1576.718729000
1577.191138000
1577.663526000
1578.136035000
1578.608807000
1579.081557000
1579.554428000
1580.027561000
1580.500674000
1580.973907000
1581.447403000
1581.920878000
1582.394474000
1582.868333000
1583.342171000
1583.816129000
1584.290351000
1584.764552000
1585.238874000
1585.713459000
1586.188023000
1586.662708000
1587.137657000
1587.612585000
1588.087633000
1588.562946000
1589.038238000
1589.513651000
1589.989328000
1590.464983000
1590.940760000
1591.416802000
1591.892822000
1592.368963000
1592.845369000
1593.321754000
1593.798261000
1594.275032000
1594.751782000
1595.228653000
1595.705790000
1596.182905000
1596.660141000
1597.137643000
1597.615124000
1598.092727000
1598.570594000
1599.048441000
1599.526409000
1600.004643000
1600.482856000
1600.961190000
1601.439791000
1601.918370000
1602.397071000
1602.876038000
1603.354983000
