0.000000000
171.948625571
343.897251143
515.845876714
687.794502286
859.743127857
1031.691753429
1203.640379000
1205.812719000
1207.981909333
1210.147785000
1212.310172333
1214.468892333
1216.623754000
1218.774561000
1220.921104333
1223.063165000
1225.200512667
1227.332906000
1229.460087000
1231.581787000
1233.697718667
1235.807577000
1237.911040000
1240.007762667
1242.097379000
1244.179495000
1246.253690000
1248.319512000
1250.376473333
1252.424047667
1254.461665000
1256.488703333
1258.504488000
1260.508276000
1262.499253333
1264.476519000
1266.439074000
1268.385802667
1270.315452667
1272.226608000
1274.117656000
1275.986743333
1277.831723000
1279.650071333
1281.438792667
1283.194265000
1284.912031667
1286.586474667
1288.210296000
1289.773631000
1291.262380333
1292.654636000
1293.911066667
1294.931873000
1295.403163000
1295.803698000
1296.204289000
1296.604982000
1297.005777667
1297.406675000
1297.807675000
1298.208777667
1298.609982000
1299.011290000
1299.412699667
1299.814212000
1300.215826333
1300.617543667
1301.019363000
1301.421286000
1301.823310667
1302.225439000
1302.627669000
1303.030001667
1303.432438000
1303.834976333
1304.237617667
1304.640362000
1305.043208333
1305.446158667
1305.849211000
1306.252366333
1306.655625667
1307.058987000
1307.462451333
1307.866018667
1308.269689000
1308.673462667
1309.077339667
1309.481319000
1309.885402333
1310.289588667
1310.693878000
1311.098270333
1311.502766333
1311.907365000
1312.312067667
1312.716873333
1313.121782000
1313.526876000
1313.931830000
1314.337008000
1314.742291000
1315.147798000
1315.553287000
1315.958880000
1316.364698000
1316.770498000
1317.176401000
1317.582530000
1317.988641000
1318.394855000
1318.801295000
1319.207717000
1319.614243000
1320.020994000
1320.427728000
1320.834565000
1321.241628000
1321.648673000
1322.055822000
1322.463197000
1322.870553000
1323.278014000
1323.685701000
1324.093370000
1324.501143000
1324.909143000
1325.317124000
1325.725209000
1326.133521000
1326.541815000
1326.950213000
1327.358838000
1327.767445000
1328.176156000
1328.585094000
1328.994013000
1329.403038000
1329.812289000
1330.221522000
1330.630859000
1331.040424000
1331.449971000
1331.859622000
1332.269500000
1332.679361000
1333.089326000
1333.499518000
1333.909693000
1334.319972000
1334.730479000
1335.140967000
1335.551561000
1335.962382000
1336.373185000
1336.784093000
1337.195229000
1337.606347000
1338.017570000
1338.429021000
1338.840454000
1339.251992000
1339.663758000
1340.075507000
1340.487360000
1340.899442000
1341.311505000
1341.723674000
1342.136072000
1342.548451000
1342.960935000
1343.373649000
1343.786344000
1344.199145000
1344.612174000
1345.025186000
1345.438303000
1345.851649000
1346.264977000
1346.678410000
1347.092073000
1347.505718000
1347.919468000
1348.333448000
1348.747409000
1349.161476000
1349.575773000
1349.990052000
1350.404436000
1350.819051000
1351.233647000
1351.648348000
1352.063281000
1352.478194000
1352.893214000
1353.308464000
1353.723695000
1354.139033000
1354.554601000
1354.970151000
1355.385807000
1355.801693000
1356.217561000
1356.633535000
1357.049741000
1357.465927000
1357.882220000
1358.298744000
1358.715250000
1359.131862000
1359.548705000
1359.965530000
1360.382461000
1360.799623000
1361.216767000
1361.634018000
1362.051500000
1362.468964000
1362.886534000
1363.304336000
1363.722120000
1364.140010000
1364.558132000
1364.976235000
1365.394446000
1365.812888000
1366.231312000
1366.649843000
1367.068606000
1367.487350000
1367.906202000
1368.325286000
1368.744351000
1369.163523000
1369.582929000
1370.002315000
1370.421808000
1370.841535000
1371.261242000
1371.681057000
1372.101105000
1372.521135000
1372.941271000
1373.361641000
1373.781992000
1374.202450000
1374.623142000
1375.043815000
1375.464596000
1375.885610000
1376.306606000
1376.727708000
1377.149045000
1377.570363000
1377.991789000
1378.413448000
1378.835089000
1379.256838000
1379.678820000
1380.100784000
1380.522856000
1380.945162000
1381.367449000
1381.789844000
1382.212473000
1382.635084000
1383.057802000
1383.480756000
1383.903690000
1384.326733000
1384.750010000
1385.173268000
1385.596635000
1386.020237000
1386.443819000
1386.867510000
1387.291437000
1387.715344000
1388.139359000
1388.563611000
1388.987843000
1389.412183000
1389.836759000
1390.261316000
1390.685982000
1391.110883000
1391.535766000
1391.960756000
1392.385983000
1392.811191000
1393.236508000
1393.662061000
1394.087594000
1394.513237000
1394.939115000
1395.364975000
1395.790944000
1396.217149000
1396.643335000
1397.069629000
1397.496161000
1397.922674000
1398.349295000
1398.776153000
1399.202993000
1399.629941000
1400.057127000
1400.484293000
1400.911568000
1401.339081000
1401.766575000
1402.194178000
1402.622018000
1403.049839000
1403.477769000
1403.905937000
1404.334086000
1404.762345000
1405.190841000
1405.619318000
1406.047904000
1406.476729000
1406.905534000
1407.334449000
1407.763602000
1408.192735000
1408.621979000
1409.051461000
1409.480923000
1409.910495000
1410.340306000
1410.770098000
1411.199999000
1411.630139000
1412.060260000
1412.490491000
1412.920961000
1413.351411000
1413.781972000
1414.212771000
1414.643551000
1415.074442000
1415.505571000
1415.936682000
1416.367902000
1416.799362000
1417.230802000
1417.662353000
1418.094144000
1418.525915000
1418.957796000
1419.389918000
1419.822020000
1420.254232000
1420.686684000
1421.119117000
1421.551661000
1421.984444000
1422.417209000
1422.850084000
1423.283199000
1423.716295000
1424.149501000
1424.582948000
1425.016376000
1425.449915000
1425.883694000
1426.317454000
1426.751324000
1427.185436000
1427.619528000
1428.053731000
1428.488175000
1428.922600000
1429.357136000
1429.791913000
1430.226670000
1430.661539000
1431.096649000
1431.531740000
1431.966941000
1432.402385000
1432.837809000
1433.273344000
1433.709121000
1434.144879000
1434.580748000
1435.016859000
1435.452950000
1435.889153000
1436.325598000
1436.762024000
1437.198561000
1437.635340000
1438.072100000
1438.508972000
1438.946086000
1439.383181000
1439.820387000
1440.257836000
1440.695266000
1441.132807000
1441.570591000
1442.008356000
1442.446232000
1442.884352000
1443.322452000
1443.760664000
1444.199119000
1444.637555000
1445.076102000
1445.514894000
1445.953665000
1446.392549000
1446.831676000
1447.270784000
1447.710004000
1448.149468000
1448.588912000
1449.028469000
1449.468269000
1449.908050000
1450.347943000
1450.788081000
1451.228199000
1451.668429000
1452.108904000
1452.549359000
1452.989926000
1453.430738000
1453.871531000
1454.312436000
1454.753586000
1455.194716000
1455.635959000
1456.077447000
1456.518915000
1456.960496000
1457.402323000
1457.844129000
1458.286048000
1458.728213000
1459.170358000
1459.612616000
1460.055119000
1460.497603000
1460.940200000
1461.383042000
1461.825865000
1462.268801000
1462.711983000
1463.155145000
