0.000000000
197.900912857
395.801825714
593.702738571
791.603651429
989.504564286
1187.405477143
1385.306390000
1386.938731000
1388.566552333
1390.189727000
1391.808122667
1393.421594000
1395.029989000
1396.633142000
1398.230874667
1399.822999000
1401.409308333
1402.989582333
1404.563583000
1406.131052667
1407.691712333
1409.245258000
1410.791359000
1412.329654667
1413.859749000
1415.381206667
1416.893545000
1418.396231000
1419.888666667
1421.370181667
1422.840019000
1424.297314000
1425.741070333
1427.170130000
1428.583126667
1429.978420333
1431.354006000
1432.707362000
1434.035211333
1435.333080000
1436.594394000
1437.808201667
1438.950045000
1440.814838000
1443.034464000
1445.252411000
1447.468635333
1449.683093333
1451.895741000
1454.106535000
1456.315430000
1458.522380000
1460.727338667
1462.930260000
1465.131097000
1467.329800000
1469.526321667
1471.720613000
1473.912623000
1476.102301000
1478.289595000
1480.474453333
1482.656823000
1484.836648000
1487.013874667
1489.188445667
1491.360305000
1493.529392667
1495.695650333
1497.859017000
1500.019431000
1502.176828333
1504.331145000
1506.482314000
1508.630267333
1510.774937000
1512.916250000
1515.054134333
1517.188515000
1519.319314000
1521.446453333
1523.569850000
1525.689419667
1527.805075667
1529.916729000
1532.024285667
1534.127650000
1536.226722000
1538.321398000
1540.411571000
1542.497128000
1544.577953667
1546.653924667
1548.724914000
1550.790788333
1552.851408333
1554.906626000
1556.956285667
1559.000225000
1561.038270000
1563.069426000
1565.095530000
1567.114546000
1569.126864000
1571.132245000
1573.131035000
1575.121760000
1577.105318000
1579.080199000
1581.046650000
1583.004290000
1584.953282000
1586.891997000
1588.821086000
1590.738821000
1592.645145000
1594.539904000
1596.421142000
1598.288490000
1600.140862000
1601.977539000
1603.795916000
1605.595283000
1607.372362000
1609.124964000
1610.849605000
1612.542212000
1614.195517000
1615.801493000
1617.345141000
1618.802203000
1620.117347000
1620.981286000
1621.464854000
1621.948545000
1622.432505000
1622.916444000
1623.400505000
1623.884836000
1624.369145000
1624.853578000
1625.338280000
1625.822960000
1626.307764000
1626.792977000
1627.278028000
1627.763203000
1628.248648000
1628.734072000
1629.219619000
1629.705435000
1630.191231000
1630.677150000
1631.163339000
1631.649506000
1632.135797000
1632.622359000
1633.108899000
1633.595563000
1634.082497000
1634.569410000
1635.056447000
1635.543754000
1636.031040000
1636.518450000
1637.006130000
1637.493789000
1637.981573000
1638.469627000
1638.957660000
1639.445817000
1639.934245000
1640.422652000
1640.911183000
1641.399985000
1641.888766000
1642.377672000
1642.866849000
1643.356004000
1643.845284000
1644.334836000
1644.824366000
1645.314021000
1645.803948000
1646.293853000
1646.783883000
1647.274185000
1647.764465000
1648.254871000
1648.745549000
1649.236205000
1649.726986000
1650.218040000
1650.709072000
1651.200229000
1651.691659000
1652.183067000
1652.674601000
1653.166408000
1653.658192000
1654.150103000
1654.642286000
1655.134447000
1655.626734000
1656.119295000
1656.611834000
1657.104498000
1657.597436000
1658.090352000
1658.583393000
1659.076709000
1659.570002000
1660.063422000
1660.557115000
1661.050787000
1661.544584000
1662.038656000
1662.532706000
1663.026882000
1663.521332000
1664.015760000
1664.510315000
1665.005144000
1665.499951000
1665.994884000
1666.490093000
1666.985279000
1667.480591000
1667.976179000
1668.471745000
1668.967437000
1669.463404000
1669.959349000
1670.455421000
1670.951769000
1671.448094000
1671.944546000
1672.441273000
1672.937979000
1673.434811000
1673.931919000
1674.429005000
1674.926218000
1675.423707000
1675.921174000
1676.418768000
1676.916638000
1677.414487000
1677.912462000
1678.410713000
1678.908943000
1679.407300000
1679.905933000
1680.404544000
1680.903283000
1681.402298000
1681.901291000
1682.400412000
1682.899810000
1683.399185000
1683.898688000
1684.398469000
1684.898227000
1685.398113000
1685.898276000
1686.398417000
1686.898686000
1687.399232000
1687.899757000
1688.400409000
1688.901339000
1689.402246000
1689.903282000
1690.404596000
1690.905887000
1691.407307000
1691.909005000
1692.410680000
1692.912484000
1693.414566000
1693.916626000
1694.418814000
1694.921281000
1695.423726000
1695.926299000
1696.429151000
1696.931980000
1697.434938000
1697.938175000
1698.441390000
1698.944733000
1699.448356000
1699.951957000
1700.455686000
1700.959694000
1701.463680000
1701.967795000
1702.472190000
1702.976562000
1703.481063000
1703.985845000
1704.490603000
1704.995491000
1705.500659000
1706.005805000
1706.511079000
1707.016634000
1707.522167000
1708.027828000
1708.533771000
1709.039690000
1709.545739000
1710.052069000
1710.558377000
1711.064814000
1711.571532000
1712.078227000
1712.585052000
1713.092158000
1713.599241000
1714.106454000
1714.613949000
1715.121421000
1715.629023000
1716.136907000
1716.644767000
1717.152758000
1717.661031000
1718.169281000
1718.677660000
1719.186323000
1719.694962000
1720.203731000
1720.712783000
1721.221812000
1721.730971000
1722.240413000
1722.749832000
1723.259381000
1723.769213000
1724.279023000
1724.788962000
1725.299185000
1725.809385000
1726.319715000
1726.830329000
1727.340920000
1727.851641000
1728.362646000
1728.873628000
1729.384741000
1729.896137000
1730.407511000
1730.919015000
1731.430803000
1731.942569000
1732.454465000
1732.966645000
1733.478803000
1733.991091000
1734.503664000
1735.016213000
1735.528894000
1736.041860000
1736.554802000
1737.067876000
1737.581234000
1738.094570000
1738.608036000
1739.121788000
1739.635517000
1740.149377000
1740.663523000
1741.177645000
1741.691899000
1742.206438000
1742.720955000
1743.235602000
1743.750536000
1744.265447000
1744.780489000
1745.295817000
1745.811122000
1746.326558000
1746.842281000
1747.357981000
1747.873813000
1748.389931000
1748.906026000
1749.422253000
1749.938766000
1750.455257000
1750.971879000
1751.488788000
1752.005674000
1752.522692000
1753.039998000
1753.557280000
1754.074694000
1754.592396000
1755.110074000
1755.627885000
1756.145983000
1756.664058000
1757.182266000
1757.700761000
1758.219233000
1758.737837000
1759.256730000
1759.775599000
1760.294601000
1760.813891000
1761.333158000
1761.852557000
1762.372245000
1762.891910000
1763.411707000
1763.931793000
1764.451856000
1764.972052000
1765.492536000
1766.012997000
1766.533591000
1767.054475000
1767.575335000
1768.096328000
1768.617610000
1769.138869000
1769.660262000
1770.181943000
1770.703602000
1771.225393000
1771.747475000
