0.000000000
200.720968429
401.441936857
602.162905286
802.883873714
1003.604842143
1204.325810571
1405.046779000
1406.703523333
1408.356913667
1410.006877000
1411.653335667
1413.296208667
1414.935407000
1416.570838333
1418.202405000
1419.830000000
1421.453512333
1423.072823333
1424.687806000
1426.298326667
1427.904240667
1429.505395000
1431.101626333
1432.692759333
1434.278608000
1435.858969667
1437.433630000
1439.002357000
1440.564901667
1442.120992667
1443.670337000
1445.212619667
1446.747493000
1448.274580000
1449.793465667
1451.303694333
1452.804762000
1454.296105667
1455.777100667
1457.247040000
1458.705123000
1460.150435000
1461.581919000
1462.998340000
1464.398233000
1465.779833000
1467.140963000
1468.478868333
1469.789923000
1471.069106000
1472.308874333
1473.496159000
1474.597986667
1476.646785333
1478.843040000
1481.037268333
1483.229428667
1485.419477000
1487.607370667
1489.793065667
1491.976518000
1494.157683000
1496.336514333
1498.512968000
1500.686996333
1502.858552667
1505.027589000
1507.194057667
1509.357909667
1511.519095000
1513.677563667
1515.833264667
1517.986146000
1520.136153667
1522.283235667
1524.427337000
1526.568401667
1528.706373333
1530.841195000
1532.972807000
1535.101150333
1537.226164000
1539.347784000
1541.465948333
1543.580591000
1545.691645667
1547.799043333
1549.902714000
1552.002585667
1554.098584667
1556.190635000
1558.278657667
1560.362573667
1562.442298000
1564.517747333
1566.588830000
1568.655457000
1570.717531000
1572.774954667
1574.827626000
1576.874619000
1578.917257000
1580.955420000
1582.987764000
1585.015382000
1587.036923000
1589.052856000
1591.063035000
1593.067904000
1595.066096000
1597.058634000
1599.044137000
1601.023007000
1602.995032000
1604.960574000
1606.918209000
1608.868265000
1610.811040000
1612.745059000
1614.671145000
1616.587773000
1618.495116000
1620.392723000
1622.280660000
1624.157235000
1626.022944000
1627.875952000
1629.716005000
1631.542706000
1633.353862000
1635.148726000
1636.926284000
1638.683589000
1640.418855000
1642.129652000
1643.811126000
1645.458632000
1647.064858000
1648.619182000
1650.102019000
1651.476409000
1652.610770000
1653.118401000
1653.610174000
1654.102219000
1654.594243000
1655.086540000
1655.578815000
1656.071215000
1656.563889000
1657.056541000
1657.549319000
1658.042223000
1658.535400000
1659.028555000
1659.521985000
1660.015457000
1660.509139000
1661.002798000
1661.496583000
1661.990643000
1662.484680000
1662.978844000
1663.473282000
1663.967698000
1664.462240000
1664.957057000
1665.451852000
1665.946773000
1666.441969000
1666.937143000
1667.432443000
1667.928018000
1668.423572000
1668.919251000
1669.415206000
1669.911139000
1670.407199000
1670.903534000
1671.399847000
1671.896286000
1672.393002000
1672.889695000
1673.386515000
1673.883611000
1674.380685000
1674.877885000
1675.375362000
1675.872816000
1676.370398000
1676.868256000
1677.366092000
1677.864054000
1678.362294000
1678.860511000
1679.358855000
1679.857476000
1680.356075000
1680.854801000
1681.353804000
1681.852785000
1682.351893000
1682.851279000
1683.350642000
1683.850133000
1684.349901000
1684.849646000
1685.349520000
1685.849671000
1686.349799000
1686.850055000
1687.350590000
1687.851101000
1688.351741000
1688.852659000
1689.353554000
1689.854577000
1690.355879000
1690.857158000
1691.358565000
1691.860250000
1692.361913000
1692.863704000
1693.365774000
1693.867822000
1694.369997000
1694.872452000
1695.374884000
1695.877444000
1696.380284000
1696.883101000
1697.386046000
1697.889271000
1698.392474000
1698.895804000
1699.399415000
1699.903002000
1700.406719000
1700.910715000
1701.414689000
1701.918791000
1702.423173000
1702.927533000
1703.432022000
1703.936791000
1704.441537000
1704.946412000
1705.451567000
1705.956700000
1706.461962000
1706.967505000
1707.473025000
1707.978674000
1708.484604000
1708.990511000
1709.496547000
1710.002865000
1710.509160000
1711.015584000
1711.522289000
1712.028972000
1712.535784000
1713.042878000
1713.549949000
1714.057149000
1714.564631000
1715.072091000
1715.579680000
1716.087551000
1716.595399000
1717.103377000
1717.611637000
1718.119875000
1718.628242000
1719.136891000
1719.645518000
1720.154275000
1720.663314000
1721.172330000
1721.681477000
1722.190906000
1722.700312000
1723.209849000
1723.719668000
1724.229465000
1724.739392000
1725.249602000
1725.759790000
1726.270107000
1726.780708000
1727.291286000
1727.801995000
1728.312987000
1728.823957000
1729.335056000
1729.846440000
1730.357801000
1730.869293000
1731.381068000
1731.892821000
1732.404704000
1732.916872000
1733.429017000
1733.941292000
1734.453852000
1734.966389000
1735.479057000
1735.992010000
1736.504940000
1737.018001000
1737.531347000
1738.044669000
1738.558123000
1739.071862000
1739.585578000
1740.099426000
1740.613558000
1741.127668000
1741.641909000
1742.156436000
1742.670939000
1743.185574000
1743.700495000
1744.215393000
1744.730422000
1745.245738000
1745.761030000
1746.276454000
1746.792164000
1747.307851000
1747.823670000
1748.339775000
1748.855857000
1749.372071000
1749.888572000
1750.405050000
1750.921659000
1751.438555000
1751.955429000
1752.472434000
1752.989726000
1753.506996000
1754.024397000
1754.542086000
1755.059752000
1755.577549000
1756.095635000
1756.613697000
1757.131892000
1757.650374000
1758.168833000
1758.687425000
1759.206304000
1759.725161000
1760.244150000
1760.763427000
1761.282681000
1761.802067000
1762.321742000
1762.841394000
1763.361178000
1763.881252000
1764.401302000
1764.921484000
1765.441956000
1765.962404000
1766.482985000
1767.003856000
1767.524703000
1768.045683000
1768.566952000
1769.088199000
1769.609578000
1770.131247000
1770.652892000
1771.174671000
1771.696739000
1772.218785000
1772.740963000
1773.263432000
1773.785877000
1774.308455000
1774.831324000
1775.354170000
1775.877149000
1776.400418000
1776.923664000
1777.447044000
1777.970714000
1778.494361000
1779.018142000
1779.542213000
1780.066261000
1780.590443000
1781.114916000
1781.639366000
1782.163949000
1782.688824000
1783.213676000
1783.738661000
1784.263938000
1784.789192000
1785.314579000
1785.840259000
1786.365915000
1786.891705000
1787.417787000
1787.943846000
1788.470039000
1788.996525000
1789.522986000
1790.049583000
1790.576471000
1791.103336000
1791.630336000
1792.157628000
1792.684897000
1793.212301000
1793.739997000
1794.267670000
1794.795477000
1795.323578000
1795.851655000
1796.379867000
1796.908372000
1797.436854000
1797.965471000
1798.494381000
1799.023267000
1799.552289000
