0.000000000
192.048059714
384.096119429
576.144179143
768.192238857
960.240298571
1152.288358286
1344.336418000
1345.872187000
1347.397999000
1348.913294000
1350.417439667
1351.909720333
1353.389318000
1354.855288000
1356.306529667
1357.741739000
1359.159349667
1360.557433333
1361.933554000
1363.284509667
1364.605857333
1365.890873000
1367.127586667
1368.358195000
1370.608749000
1372.858308667
1375.106832333
1377.354277000
1379.600598667
1381.845751667
1384.089693000
1386.332375000
1388.573752667
1390.813778000
1393.052405000
1395.289584333
1397.525266000
1399.759402333
1401.991941000
1404.222831000
1406.452021000
1408.679456333
1410.905084000
1413.128849000
1415.350694667
1417.570564000
1419.788398667
1422.004140333
1424.217727000
1426.429098000
1428.638190000
1430.844938000
1433.049275333
1435.251136667
1437.450451000
1439.647147667
1441.841155000
1444.032398000
1446.220799667
1448.406281667
1450.588764000
1452.768161667
1454.944390667
1457.117362000
1459.286983667
1461.453162667
1463.615800000
1465.774796667
1467.930046667
1470.081442000
1472.228869667
1474.372213000
1476.511349000
1478.646151333
1480.776486333
1482.902216000
1485.023193000
1487.139265667
1489.250274000
1491.356047333
1493.456409333
1495.551171000
1497.640132667
1499.723083000
1501.799798000
1503.870036667
1505.933544000
1507.990045000
1510.039245667
1512.080828333
1514.114450000
1516.139740000
1518.156291000
1520.163663000
1522.161370333
1524.148878667
1526.125595000
1528.090863000
1530.043943333
1531.984006000
1533.909341000
1535.820219000
1537.715382000
1539.592241000
1541.449657000
1543.286129000
1545.098069000
1546.883481000
1548.637391000
1550.355240000
1552.030613000
1553.652634000
1555.206632000
1556.666738000
1557.974663000
1558.836126000
1559.303828000
1559.771790000
1560.239732000
1560.707933000
1561.176113000
1561.644413000
1562.112832000
1562.581511000
1563.050377000
1563.519155000
1563.988053000
1564.457211000
1564.926349000
1565.395606000
1565.865123000
1566.334620000
1566.804237000
1567.274114000
1567.743971000
1568.213947000
1568.684185000
1569.154401000
1569.624738000
1570.095336000
1570.565913000
1571.036610000
1571.507568000
1571.978505000
1572.449563000
1572.920882000
1573.392180000
1573.863598000
1574.335279000
1574.806938000
1575.278718000
1575.750759000
1576.222780000
1576.694921000
1577.167324000
1577.639707000
1578.112209000
1578.584975000
1579.057719000
1579.530584000
1580.003711000
1580.476818000
1580.950045000
1581.423535000
1581.897004000
1582.370593000
1582.844446000
1583.318278000
1583.792230000
1584.266446000
1584.740641000
1585.214956000
1585.689535000
1586.164093000
1586.638772000
1587.113715000
1587.588637000
1588.063679000
1588.538986000
1589.014272000
1589.489678000
1589.965349000
1590.440999000
1590.916770000
1591.392805000
1591.868819000
1592.344954000
1592.821354000
1593.297733000
1593.774233000
1594.250998000
1594.727742000
1595.204607000
1595.681737000
1596.158846000
1596.636077000
1597.113573000
1597.591047000
1598.068644000
1598.546505000
1599.024346000
1599.502308000
1599.980536000
1600.458742000
1600.937071000
1601.415665000
1601.894238000
1602.372933000
1602.851893000
1603.330833000
1603.809895000
1604.289222000
1604.768529000
1605.247958000
1605.727653000
1606.207326000
1606.687122000
1607.167185000
1607.647226000
1608.127390000
1608.607820000
1609.088229000
1609.568761000
1610.049559000
1610.530336000
1611.011236000
1611.492403000
1611.973548000
1612.454816000
1612.936352000
1613.417866000
1613.899503000
1614.381407000
1614.863290000
1615.345296000
1615.827570000
1616.309822000
1616.792197000
1617.274840000
1617.757462000
1618.240207000
1618.723220000
1619.206211000
1619.689326000
1620.172709000
1620.656070000
1621.139555000
1621.623308000
1622.107040000
1622.590895000
1623.075019000
1623.559122000
1624.043348000
1624.527843000
1625.012316000
1625.496913000
1625.981779000
1626.466623000
1626.951592000
1627.436829000
1627.922045000
1628.407385000
1628.892994000
1629.378582000
1629.864294000
1630.350275000
1630.836235000
1631.322319000
1631.808672000
1632.295005000
1632.781461000
1633.268187000
1633.754892000
1634.241721000
1634.728820000
1635.215898000
1635.703100000
1636.190572000
1636.678023000
1637.165598000
1637.653444000
1638.141268000
1638.629217000
1639.117437000
1639.605635000
1640.093957000
1640.582551000
1641.071123000
1641.559820000
1642.048788000
1642.537735000
1643.026806000
1643.516148000
1644.005469000
1644.494915000
1644.984633000
1645.474329000
1645.964150000
1646.454243000
1646.944314000
1647.434510000
1647.924978000
1648.415425000
1648.905997000
1649.396841000
1649.887663000
1650.378611000
1650.869831000
1651.361029000
1651.852353000
1652.343950000
1652.835524000
1653.327225000
1653.819198000
1654.311149000
1654.803226000
1655.295576000
1655.787904000
1656.280358000
1656.773086000
1657.265791000
1657.758622000
1658.251727000
1658.744810000
1659.238019000
1659.731502000
1660.224963000
1660.718549000
1661.212410000
1661.706249000
1662.200214000
1662.694453000
1663.188670000
1663.683013000
1664.177631000
1664.672227000
1665.166949000
1665.661946000
1666.156921000
1666.652022000
1667.147398000
1667.642752000
1668.138232000
1668.633988000
1669.129721000
1669.625581000
1670.121717000
1670.617830000
1671.114070000
1671.610586000
1672.107079000
1672.603699000
1673.100595000
1673.597469000
1674.094470000
1674.591746000
1675.089001000
1675.586382000
1676.084040000
1676.581676000
1677.079438000
1677.577477000
1678.075494000
1678.573638000
1679.072058000
1679.570457000
1680.068982000
1680.567785000
1681.066565000
1681.565472000
1682.064657000
1682.563819000
1683.063109000
1683.562676000
1684.062221000
1684.561893000
1685.061843000
1685.561770000
1686.061825000
1686.562158000
1687.062469000
1687.562907000
1688.063623000
1688.564317000
1689.065139000
1689.566239000
1690.067316000
1690.568521000
1691.070005000
1691.571467000
1692.073056000
1692.574924000
1693.076769000
1693.578743000
1694.080996000
1694.583226000
1695.085584000
1695.588221000
1696.090836000
1696.593579000
1697.096602000
1697.599602000
1698.102730000
1698.606138000
1699.109523000
1699.613037000
1700.116830000
1700.620601000
1701.124501000
1701.628680000
1702.132837000
1702.637123000
1703.141689000
1703.646232000
1704.150904000
1704.655857000
1705.160786000
1705.665845000
1706.171184000
1706.676501000
1707.181947000
1707.687673000
1708.193377000
1708.699210000
1709.205324000
1709.711415000
1710.217635000
1710.724137000
1711.230616000
1711.737224000
1712.244114000
1712.750981000
1713.257978000
1713.765256000
1714.272511000
1714.779896000
1715.287563000
1715.795207000
