0.000000000
206.248440429
412.496880857
618.745321286
824.993761714
1031.242202143
1237.490642571
1443.739083000
1445.420719000
1447.100341000
1448.777919000
1450.453423333
1452.126819667
1453.798074000
1455.467149667
1457.134007667
1458.798608000
1460.460906000
1462.120858333
1463.778417000
1465.433531333
1467.086148667
1468.736215000
1470.383671667
1472.028457667
1473.670510000
1475.309761667
1476.946141333
1478.579576000
1480.209987667
1481.837295333
1483.461413000
1485.082250000
1486.699712333
1488.313700000
1489.924106667
1491.530822667
1493.133730000
1494.732705667
1496.327617667
1497.918327000
1499.504688333
1501.086544000
1502.663729000
1504.236066000
1505.803366333
1507.365428000
1508.922036333
1510.472959333
1512.017948000
1513.556733333
1515.089025000
1516.614509000
1518.132841667
1519.643650333
1521.146524000
1522.641012000
1524.126616000
1525.602781000
1527.068887333
1528.524237000
1529.968037000
1531.399383667
1532.817229000
1534.220351000
1535.607297000
1536.976320333
1538.325268000
1539.651417333
1540.951207667
1542.219745000
1543.449799667
1544.629318333
1545.732025000
1547.407550333
1549.539450667
1551.668618000
1553.795013333
1555.918594667
1558.039321000
1560.157152667
1562.272046667
1564.383962000
1566.492855667
1568.598685667
1570.701408000
1572.800979667
1574.897356333
1576.990494000
1579.080347000
1581.166871333
1583.250019000
1585.329745667
1587.406002667
1589.478743000
1591.547918667
1593.613479667
1595.675378000
1597.733561667
1599.787980667
1601.838583000
1603.884498000
1605.927105000
1607.966346000
1610.000943000
1612.031450000
1614.058419000
1616.080575000
1618.099070000
1620.112632000
1622.121806000
1624.126527000
1626.127329000
1628.122944000
1630.114501000
1632.100734000
1634.082168000
1636.058729000
1638.030928000
1639.997505000
1641.958967000
1643.915816000
1645.866788000
1647.812964000
1649.753079000
1651.687618000
1653.616477000
1655.540124000
1657.457290000
1659.369006000
1661.274000000
1663.172713000
1665.065003000
1666.951289000
1668.830279000
1670.702373000
1672.567948000
1674.425692000
1676.275959000
1678.119075000
1679.953691000
1681.780096000
1683.598545000
1685.407629000
1687.207543000
1688.998431000
1690.778783000
1692.548647000
1694.307991000
1696.055125000
1697.789844000
1699.511808000
1701.218975000
1702.910658000
1704.585896000
1706.241871000
1707.876797000
1709.488171000
1711.071000000
1712.620078000
1714.127250000
1715.577251000
1716.942038000
1718.135177000
1718.730129000
1719.238652000
1719.747457000
1720.256240000
1720.765153000
1721.274348000
1721.783520000
1722.292823000
1722.802408000
1723.311971000
1723.821663000
1724.331639000
1724.841592000
1725.351675000
1725.862042000
1726.372385000
1726.883013000
1727.393617000
1727.904352000
1728.415423000
1728.926419000
1729.437698000
1729.948955000
1730.460342000
1730.972013000
1731.483661000
1731.995440000
1732.507503000
1733.019543000
1733.531714000
1734.044170000
1734.556602000
1735.069166000
1735.582014000
1736.094839000
1736.607795000
1737.121036000
1737.634254000
1738.147603000
1738.661238000
1739.174849000
1739.688591000
1740.202619000
1740.716624000
1741.230760000
1741.745182000
1742.259580000
1742.774110000
1743.288926000
1743.803719000
1744.318643000
1744.833853000
1745.349040000
1745.864359000
1746.379964000
1746.895546000
1747.411259000
1747.927259000
1748.443236000
1748.959345000
1749.475740000
1749.992112000
1750.508616000
1751.025407000
1751.542175000
1752.059075000
1752.576262000
1753.093425000
1753.610721000
1754.128304000
1754.645864000
1755.163556000
1755.681536000
1756.199493000
1756.717581000
1757.235958000
1757.754311000
1758.272797000
1758.791571000
1759.310321000
1759.829204000
1760.348376000
1760.867524000
1761.386804000
1761.906373000
1762.425919000
1762.945597000
1763.465564000
1763.985508000
1764.505584000
1765.025950000
1765.546292000
1766.066767000
1766.587531000
1767.108272000
1767.629146000
1768.150309000
1768.671449000
1769.192721000
1769.714284000
1770.235823000
1770.757495000
1771.279457000
1771.801396000
1772.323468000
1772.845830000
1773.368168000
1773.890640000
1774.413402000
1774.936141000
1775.459013000
1775.982176000
1776.505315000
1777.028588000
1777.552151000
1778.075691000
1778.599365000
1779.123330000
1779.647271000
1780.171346000
1780.695712000
1781.220055000
1781.744531000
1782.269299000
1782.794043000
1783.318921000
1783.844091000
1784.369238000
1784.894518000
1785.420090000
1785.945639000
1786.471322000
1786.997297000
1787.523248000
1788.049334000
1788.575712000
1789.102066000
1789.628555000
1790.155336000
1790.682094000
1791.208986000
1791.736171000
1792.263332000
1792.790628000
1793.318216000
1793.845782000
1794.373481000
1794.901474000
1795.429444000
1795.957548000
1796.485945000
1797.014319000
1797.542828000
1798.071630000
1798.600409000
1799.129322000
1799.658530000
1800.187713000
1800.717032000
1801.246645000
1801.776234000
1802.305959000
1802.835978000
1803.365973000
1803.896103000
1804.426528000
1804.956929000
1805.487465000
1806.018296000
1806.549104000
1807.080047000
1807.611284000
1808.142499000
1808.673848000
1809.205493000
1809.737114000
1810.268871000
1810.800923000
1811.332952000
1811.865116000
1812.397576000
1812.930012000
1813.462584000
1813.995451000
1814.528295000
1815.061275000
1815.594552000
1816.127804000
1816.661192000
1817.194877000
1817.728537000
1818.262335000
1818.796428000
1819.330498000
1819.864704000
1820.399206000
1820.933685000
1821.468301000
1822.003213000
1822.538101000
1823.073126000
1823.608448000
1824.143746000
1824.679181000
1825.214913000
1825.750622000
1826.286467000
1826.822609000
1827.358728000
1827.894984000
1828.431537000
1828.968066000
1829.504733000
1830.041697000
1830.578638000
1831.115716000
1831.653092000
1832.190443000
1832.727933000
1833.265720000
1833.803484000
1834.341385000
1834.879585000
1835.417760000
1835.956073000
1836.494685000
1837.033273000
1837.571999000
1838.111023000
1838.650024000
1839.189162000
1839.728600000
1840.268014000
1840.807565000
1841.347416000
1841.887243000
1842.427207000
1842.967472000
1843.507712000
1844.048091000
1844.588769000
1845.129424000
1845.670216000
1846.211309000
1846.752378000
1847.293584000
1847.835092000
1848.376575000
1848.918196000
1849.460119000
1850.002017000
1850.544053000
1851.086390000
1851.628704000
1852.171155000
1852.713908000
1853.256637000
1853.799504000
1854.342673000
1854.885818000
1855.429101000
1855.972686000
