0.000000000
185.943381143
371.886762286
557.830143429
743.773524571
929.716905714
1115.660286857
1301.603668000
1303.864656000
1306.125204667
1308.385272000
1310.644814000
1312.903787333
1315.162147000
1317.419848000
1319.676844333
1321.933089000
1324.188534333
1326.443132667
1328.696836000
1330.949593333
1333.201354667
1335.452069000
1337.701683000
1339.950145333
1342.197401000
1344.443393667
1346.688069667
1348.931370000
1351.173236000
1353.413610000
1355.652430000
1357.889633667
1360.125158667
1362.358939000
1364.590910000
1366.821003000
1369.049148000
1371.275274333
1373.499309667
1375.721178000
1377.940804667
1380.158108333
1382.373010000
1384.585425000
1386.795268000
1389.002450000
1391.206881333
1393.408466000
1395.607109000
1397.802707667
1399.995159667
1402.184356000
1404.370186333
1406.552534000
1408.731279000
1410.906296333
1413.077454000
1415.244617000
1417.407643333
1419.566384333
1421.720684000
1423.870380000
1426.015300000
1428.155265000
1430.290083333
1432.419555333
1434.543469000
1436.661600667
1438.773710000
1440.879545000
1442.978833667
1445.071287000
1447.156596000
1449.234426333
1451.304419667
1453.366188000
1455.419311667
1457.463331333
1459.497748000
1461.522014000
1463.535524333
1465.537613000
1467.527535333
1469.504460000
1471.467454000
1473.415454000
1475.347250667
1477.261447000
1479.156420333
1481.030256667
1482.880675000
1484.704910000
1486.499548000
1488.260274000
1489.981474000
1491.655568333
1493.271781000
1494.813621000
1496.252666667
1497.527018000
1498.330382000
1498.782773000
1499.235143000
1499.687630000
1500.140367000
1500.593085000
1501.045918000
1501.499005000
1501.952205000
1502.405385000
1502.858680000
1503.312228000
1503.765755000
1504.219398000
1504.673293000
1505.127168000
1505.581158000
1506.035401000
1506.489623000
1506.943962000
1507.398552000
1507.853123000
1508.307809000
1508.762748000
1509.217667000
1509.672702000
1510.127989000
1510.583256000
1511.038640000
1511.494276000
1511.949892000
1512.405625000
1512.861610000
1513.317575000
1513.773657000
1514.229992000
1514.686306000
1515.142737000
1515.599422000
1516.056086000
1516.512866000
1516.969901000
1517.426915000
1517.884045000
1518.341430000
1518.798794000
1519.256275000
1519.714010000
1520.171724000
1520.629556000
1521.087641000
1521.545707000
1522.003889000
1522.462325000
1522.920742000
1523.379275000
1523.838063000
1524.296830000
1524.755714000
1525.214854000
1525.673973000
1526.133209000
1526.592700000
1527.052171000
1527.511759000
1527.971602000
1528.431424000
1528.891364000
1529.351560000
1529.811735000
1530.272027000
1530.732576000
1531.193103000
1531.653748000
1532.114649000
1532.575530000
1533.036528000
1533.497782000
1533.959015000
1534.420366000
1534.881974000
1535.343561000
1535.805265000
1536.267227000
1536.729167000
1537.191226000
1537.653541000
1538.115835000
1538.578248000
1539.040917000
1539.503566000
1539.966332000
1540.429356000
1540.892359000
1541.355481000
1541.818859000
1542.282217000
1542.745693000
1543.209427000
1543.673140000
1544.136971000
1544.601060000
1545.065128000
1545.529314000
1545.993759000
1546.458182000
1546.922725000
1547.387525000
1547.852305000
1548.317203000
1548.782359000
1549.247495000
1549.712749000
1550.178262000
1550.643754000
1551.109365000
1551.575234000
1552.041083000
1552.507050000
1552.973277000
1553.439482000
1553.905807000
1554.372390000
1554.838953000
1555.305635000
1555.772576000
1556.239496000
1556.706536000
1557.173834000
1557.641112000
1558.108510000
1558.576166000
1559.043802000
1559.511558000
1559.979573000
1560.447567000
1560.915681000
1561.384055000
1561.852407000
1562.320880000
1562.789612000
1563.258324000
1563.727155000
1564.196247000
1564.665318000
1565.134508000
1565.603959000
1566.073389000
1566.542939000
1567.012750000
1567.482540000
1567.952450000
1568.422620000
1568.892770000
1569.363040000
1569.833571000
1570.304081000
1570.774711000
1571.245602000
1571.716473000
1572.187463000
1572.658716000
1573.129947000
1573.601298000
1574.072912000
1574.544504000
1575.016217000
1575.488191000
1575.960145000
1576.432219000
1576.904555000
1577.376870000
1577.849306000
1578.322004000
1578.794681000
1579.267479000
1579.740539000
1580.213578000
1580.686738000
1581.160161000
1581.633563000
1582.107085000
1582.580870000
1583.054635000
1583.528520000
1584.002668000
1584.476796000
1584.951044000
1585.425556000
1585.900046000
1586.374658000
1586.849533000
1587.324387000
1587.799363000
1588.274602000
1588.749820000
1589.225159000
1589.700762000
1590.176344000
1590.652048000
1591.128015000
1591.603962000
1592.080030000
1592.556362000
1593.032673000
1593.509105000
1593.985803000
1594.462479000
1594.939276000
1595.416339000
1595.893380000
1596.370543000
1596.847971000
1597.325378000
1597.802906000
1598.280700000
1598.758472000
1599.236367000
1599.714527000
1600.192665000
1600.670926000
1601.149452000
1601.627957000
1602.106584000
1602.585477000
1603.064348000
1603.543342000
1604.022601000
1604.501840000
1604.981200000
1605.460827000
1605.940433000
1606.420161000
1606.900155000
1607.380128000
1607.860224000
1608.340586000
1608.820927000
1609.301390000
1609.782120000
1610.262829000
1610.743660000
1611.224759000
1611.705836000
1612.187036000
1612.668503000
1613.149948000
1613.631517000
1614.113353000
1614.595167000
1615.077105000
1615.559310000
1616.041494000
1616.523800000
1617.006375000
1617.488928000
1617.971604000
1618.454549000
1618.937472000
1619.420518000
1619.903832000
1620.387125000
1620.870541000
1621.354226000
1621.837889000
1622.321675000
1622.805730000
1623.289764000
1623.773921000
1624.258347000
1624.742752000
1625.227280000
1625.712077000
1626.196853000
1626.681752000
1627.166921000
1627.652068000
1628.137339000
1628.622879000
1629.108398000
1629.594041000
1630.079953000
1630.565844000
1631.051859000
1631.538143000
1632.024406000
1632.510794000
1632.997451000
1633.484086000
1633.970846000
1634.457876000
1634.944885000
1635.432017000
1635.919421000
1636.406802000
1636.894308000
1637.382085000
1637.869840000
1638.357719000
1638.845870000
1639.333998000
1639.822252000
1640.310776000
1640.799279000
1641.287906000
1641.776805000
1642.265682000
1642.754683000
1643.243957000
1643.733208000
1644.222585000
1644.712233000
1645.201859000
1645.691610000
1646.181634000
1646.671635000
1647.161762000
1647.652161000
1648.142537000
1648.633039000
1649.123814000
1649.614567000
1650.105444000
1650.596595000
1651.087724000
1651.578977000
1652.070504000
1652.562009000
1653.053640000
1653.545543000
1654.037424000
1654.529431000
1655.021712000
1655.513970000
1656.006354000
1656.499011000
1656.991647000
1657.484408000
1657.977443000
1658.470456000
1658.963595000
1659.457007000
