0.000000000
163.800756429
327.601512857
491.402269286
655.203025714
819.003782143
982.804538571
1146.605295000
1148.562073000
1150.506055333
1152.436350000
1154.351976000
1156.251844000
1158.134742000
1159.999312667
1161.844024667
1163.667140000
1165.466665667
1167.240301000
1168.985352000
1170.698628667
1172.376295000
1174.013644000
1175.604771667
1177.142038333
1178.615161000
1180.009492667
1181.302303000
1182.452533000
1183.349776000
1183.746781667
1184.118762000
1184.490836333
1184.863006667
1185.235271000
1185.607631333
1185.980086667
1186.352637000
1186.725282333
1187.098022667
1187.470858000
1187.843789333
1188.216814667
1188.589936000
1188.963153000
1189.336464667
1189.709872000
1190.083374333
1190.456972333
1190.830665000
1191.204454333
1191.578338333
1191.952318000
1192.326392667
1192.700563333
1193.074829000
1193.449191333
1193.823648333
1194.198201000
1194.572849667
1194.947593667
1195.322434000
1195.697369333
1196.072400333
1196.447527000
1196.822750333
1197.198068667
1197.573483000
1197.948993333
1198.324599333
1198.700301000
1199.076099667
1199.451993333
1199.827983000
1200.204068667
1200.580251333
1200.956529000
1201.332902667
1201.709373333
1202.085939000
1202.462601667
1202.839360333
1203.216215000
1203.593165667
1203.970213333
1204.347357000
1204.724596667
1205.101932333
1205.479365000
1205.856893667
1206.234519333
1206.612241000
1206.990058667
1207.367973333
1207.745984000
1208.124092000
1208.502296000
1208.880597000
1209.258994000
1209.637488000
1210.016078000
1210.394614000
1210.773360000
1211.152316000
1211.531255000
1211.910291000
1212.289538000
1212.668768000
1213.048094000
1213.427631000
1213.807152000
1214.186769000
1214.566597000
1214.946408000
1215.326316000
1215.706435000
1216.086537000
1216.466736000
1216.847146000
1217.227539000
1217.608030000
1217.988731000
1218.369416000
1218.750198000
1219.131191000
1219.512168000
1219.893241000
1220.274526000
1220.655795000
1221.037160000
1221.418738000
1221.800298000
1222.181956000
1222.563825000
1222.945678000
1223.327628000
1223.709791000
1224.091936000
1224.474179000
1224.856634000
1225.239072000
1225.621608000
1226.004356000
1226.387087000
1226.769915000
1227.152957000
1227.535981000
1227.919103000
1228.302438000
1228.685756000
1229.069171000
1229.452800000
1229.836411000
1230.220121000
1230.604043000
1230.987949000
1231.371952000
1231.756169000
1232.140368000
1232.524666000
1232.909177000
1233.293670000
1233.678262000
1234.063068000
1234.447857000
1234.832743000
1235.217844000
1235.602927000
1235.988108000
1236.373504000
1236.758882000
1237.144359000
1237.530050000
1237.915723000
1238.301495000
1238.687481000
1239.073450000
1239.459518000
1239.845800000
1240.232065000
1240.618428000
1241.005006000
1241.391567000
1241.778226000
1242.165100000
1242.551957000
1242.938913000
1243.326083000
1243.713236000
1244.100488000
1244.487956000
1244.875406000
1245.262954000
1245.650718000
1246.038465000
1246.426311000
1246.814372000
1247.202416000
1247.590559000
1247.978917000
1248.367258000
1248.755698000
1249.144354000
1249.532993000
1249.921731000
1250.310685000
1250.699621000
1251.088657000
1251.477909000
1251.867143000
1252.256477000
1252.646027000
1253.035559000
1253.425191000
1253.815040000
1254.204871000
1254.594802000
1254.984949000
1255.375078000
1255.765308000
1256.155754000
1256.546182000
1256.936711000
1257.327456000
1257.718184000
1258.109011000
1258.500056000
1258.891083000
1259.282210000
1259.673554000
1260.064881000
1260.456308000
1260.847952000
1261.239578000
1261.631305000
1262.023249000
1262.415175000
1262.807202000
1263.199446000
1263.591673000
1263.984000000
1264.376545000
1264.769073000
1265.161700000
1265.554546000
1265.947374000
1266.340302000
1266.733449000
1267.126578000
1267.519808000
1267.913256000
1268.306686000
1268.700217000
1269.093966000
1269.487698000
1269.881530000
1270.275581000
1270.669614000
1271.063748000
1271.458101000
1271.852437000
1272.246873000
1272.641528000
1273.036165000
1273.430903000
1273.825861000
1274.220800000
1274.615841000
1275.011101000
1275.406343000
1275.801687000
1276.197250000
1276.592795000
1276.988441000
1277.384307000
1277.780155000
1278.176104000
1278.572274000
1278.968425000
1279.364678000
1279.761151000
1280.157606000
1280.554162000
1280.950938000
1281.347697000
1281.744557000
1282.141638000
1282.538701000
1282.935865000
1283.333249000
1283.730616000
1284.128085000
1284.525774000
1284.923446000
1285.321218000
1285.719212000
1286.117189000
1286.515266000
1286.913565000
1287.311846000
1287.710229000
1288.108833000
1288.507419000
1288.906107000
1289.305016000
1289.703908000
1290.102901000
1290.502116000
1290.901314000
1291.300613000
1291.700134000
1292.099637000
1292.499242000
1292.899069000
1293.298878000
1293.698789000
1294.098922000
1294.499038000
1294.899255000
1295.299695000
1295.700117000
1296.100642000
1296.501388000
1296.902117000
1297.302948000
1297.704002000
1298.105038000
1298.506176000
1298.907537000
1299.308880000
1299.710325000
1300.111994000
1300.513645000
1300.915398000
1301.317374000
1301.719332000
1302.121393000
1302.523677000
1302.925944000
1303.328313000
1303.730905000
1304.133480000
1304.536157000
1304.939058000
1305.341941000
1305.744926000
1306.148136000
1306.551328000
1306.954622000
1307.358141000
1307.761641000
1308.165245000
1308.569072000
1308.972882000
1309.376795000
1309.780932000
1310.185051000
1310.589273000
1310.993720000
1311.398149000
1311.802680000
1312.207437000
1312.612176000
1313.017017000
1313.422084000
1313.827133000
1314.232285000
1314.637662000
1315.043021000
1315.448483000
1315.854171000
1316.259840000
1316.665613000
1317.071612000
1317.477592000
1317.883676000
1318.289986000
1318.696277000
1319.102672000
1319.509293000
1319.915896000
1320.322602000
1320.729535000
1321.136449000
1321.543467000
1321.950711000
1322.357937000
1322.765267000
1323.172823000
1323.580361000
1323.988003000
1324.395871000
1324.803722000
1325.211676000
1325.619857000
1326.028020000
1326.436286000
1326.844780000
1327.253255000
1327.661835000
1328.070642000
1328.479430000
1328.888323000
1329.297443000
1329.706544000
1330.115750000
1330.525184000
1330.934599000
1331.344118000
1331.753865000
1332.163594000
1332.573427000
1332.983488000
1333.393531000
1333.803678000
1334.214053000
1334.624410000
1335.034871000
1335.445561000
1335.856232000
1336.267008000
1336.678012000
1337.088998000
1337.500089000
1337.911408000
1338.322708000
1338.734114000
1339.145748000
1339.557364000
1339.969085000
1340.381035000
1340.792966000
1341.205002000
1341.617267000
1342.029514000
1342.441866000
1342.854447000
1343.267010000
1343.679678000
1344.092575000
1344.505454000
1344.918438000
1345.331651000
1345.744846000
1346.158147000
1346.571677000
1346.985189000
1347.398806000
1347.812653000
1348.226481000
1348.640415000
1349.054579000
1349.468725000
1349.882976000
1350.297457000
1350.711920000
1351.126489000
