0.000000000
177.889640000
355.779280000
533.668920000
711.558560000
889.448200000
1067.337840000
1245.227480000
1247.460459333
1249.692170000
1251.922535000
1254.151473667
1256.378901333
1258.604735000
1260.828885333
1263.051261667
1265.271771000
1267.490317667
1269.706801667
1271.921121000
1274.133169000
1276.342837000
1278.550010000
1280.754572333
1282.956400000
1285.155367000
1287.351342333
1289.544188000
1291.733762000
1293.919915333
1296.102493000
1298.281333000
1300.456266333
1302.627114333
1304.793692000
1306.955803000
1309.113241333
1311.265791000
1313.413223667
1315.555297000
1317.691757000
1319.822330667
1321.946732000
1324.064653000
1326.175767667
1328.279725667
1330.376152000
1332.464645667
1334.544771333
1336.616061000
1338.678005667
1340.730054333
1342.771603000
1344.801991667
1346.820493667
1348.826306000
1350.818537667
1352.796193000
1354.758152000
1356.703151333
1358.629748333
1360.536286000
1362.420842000
1364.281159333
1366.114555000
1367.917790667
1369.686880000
1371.416809000
1373.101082000
1374.730965000
1376.294085000
1377.771545667
1379.130657667
1380.298181000
1380.947111333
1381.369441000
1381.791879000
1382.214547333
1382.637200667
1383.059962000
1383.482831333
1383.905808667
1384.328894000
1384.752087333
1385.175388667
1385.598798000
1386.022315333
1386.445941333
1386.869675000
1387.293517333
1387.717467333
1388.141526000
1388.565692333
1388.989967667
1389.414351000
1389.838842667
1390.263442667
1390.688151000
1391.112968333
1391.537893667
1391.962928000
1392.387900000
1392.813108000
1393.238553000
1393.663979000
1394.089513000
1394.515283000
1394.941035000
1395.366895000
1395.792992000
1396.219070000
1396.645256000
1397.071680000
1397.498084000
1397.924597000
1398.351347000
1398.778078000
1399.204917000
1399.631994000
1400.059052000
1400.486219000
1400.913623000
1401.341008000
1401.768502000
1402.196234000
1402.623946000
1403.051768000
1403.479827000
1403.907867000
1404.336017000
1404.764404000
1405.192772000
1405.621250000
1406.049965000
1406.478662000
1406.907467000
1407.336511000
1407.765536000
1408.194670000
1408.624043000
1409.053396000
1409.482860000
1409.912561000
1410.342244000
1410.772036000
1411.202067000
1411.632078000
1412.062200000
1412.492560000
1412.922901000
1413.353352000
1413.784042000
1414.214713000
1414.645494000
1415.076514000
1415.507515000
1415.938625000
1416.369976000
1416.801307000
1417.232748000
1417.664429000
1418.096090000
1418.527862000
1418.959873000
1419.391865000
1419.823968000
1420.256310000
1420.688634000
1421.121067000
1421.553741000
1421.986395000
1422.419160000
1422.852165000
1423.285151000
1423.718248000
1424.151585000
1424.584902000
1425.018330000
1425.451999000
1425.885649000
1426.319409000
1426.753411000
1427.187393000
1427.621485000
1428.055819000
1428.490133000
1428.924559000
1429.359225000
1429.793872000
1430.228630000
1430.663630000
1431.098610000
1431.533701000
1431.969034000
1432.404348000
1432.839772000
1433.275439000
1433.711085000
1434.146844000
1434.582844000
1435.018824000
1435.454917000
1435.891251000
1436.327565000
1436.763992000
1437.200660000
1437.637309000
1438.074070000
1438.511073000
1438.948056000
1439.385152000
1439.822489000
1440.259808000
1440.697238000
1441.134911000
1441.572564000
1442.010329000
1442.448338000
1442.886327000
1443.324427000
1443.762771000
1444.201095000
1444.639532000
1445.078211000
1445.516871000
1445.955644000
1446.394659000
1446.833656000
1447.272764000
1447.712116000
1448.151449000
1448.590894000
1449.030582000
1449.470252000
1449.910033000
1450.350059000
1450.790065000
1451.230183000
1451.670546000
1452.110889000
1452.551345000
1452.992045000
1453.432725000
1453.873519000
1454.314556000
1454.755575000
1455.196705000
1455.638081000
1456.079437000
1456.520906000
1456.962620000
1457.404314000
1457.846121000
1458.288173000
1458.730206000
1459.172352000
1459.614743000
1460.057114000
1460.499598000
1460.942328000
1461.385038000
1461.827862000
1462.270931000
1462.713980000
1463.157143000
1463.600552000
1464.043940000
1464.487442000
1464.931191000
1465.374919000
1465.818761000
1466.262850000
1466.706918000
1467.151100000
1467.595529000
1468.039938000
1468.484460000
1468.929229000
1469.373978000
1469.818841000
1470.263951000
1470.709041000
1471.154245000
1471.599696000
1472.045127000
1472.490671000
1472.936464000
1473.382236000
1473.828122000
1474.274256000
1474.720370000
1475.166597000
1475.613073000
1476.059529000
1476.506098000
1476.952916000
1477.399714000
1477.846625000
1478.293785000
1478.740925000
1479.188180000
1479.635682000
1480.083165000
1480.530762000
1480.978607000
1481.426432000
1481.874372000
1482.322561000
1482.770729000
1483.219012000
1483.667544000
1484.116056000
1484.564683000
1485.013558000
1485.462414000
1485.911384000
1486.360604000
1486.809803000
1487.259117000
1487.708681000
1488.158225000
1488.607883000
1489.057791000
1489.507679000
1489.957682000
1490.407935000
1490.858168000
1491.308515000
1491.759113000
1492.209691000
1492.660384000
1493.111327000
1493.562250000
1494.013288000
1494.464576000
1494.915845000
1495.367228000
1495.818862000
1496.270477000
1496.722206000
1497.174186000
1497.626147000
1498.078222000
1498.530549000
1498.982855000
1499.435277000
1499.887950000
1500.340603000
1500.793372000
1501.246392000
1501.699391000
1502.152507000
1502.605874000
1503.059221000
1503.512683000
1503.966398000
1504.420092000
1504.873902000
1505.327964000
1505.782006000
1506.236164000
1506.690574000
1507.144963000
1507.599469000
1508.054227000
1508.508965000
1508.963819000
1509.418925000
1509.874012000
1510.329214000
1510.784669000
1511.240104000
1511.695655000
1512.151459000
1512.607243000
1513.063143000
1513.519297000
1513.975430000
1514.431679000
1514.888182000
1515.344665000
1515.801264000
1516.258116000
1516.714949000
1517.171897000
1517.629100000
1518.086282000
1518.543581000
1519.001134000
1519.458667000
1519.916316000
1520.374220000
1520.832103000
1521.290103000
1521.748357000
1522.206591000
1522.664942000
1523.123547000
1523.582132000
1524.040834000
1524.499791000
1524.958727000
1525.417781000
1525.877089000
1526.336377000
1526.795783000
1527.255443000
1527.715083000
1528.174840000
1528.634852000
1529.094844000
1529.554954000
1530.015319000
1530.475663000
1530.936125000
1531.396843000
1531.857540000
1532.318355000
1532.779426000
1533.240476000
1533.701643000
1534.163067000
1534.624471000
1535.085992000
1535.547769000
1536.009526000
1536.471401000
1536.933532000
1537.395643000
1537.857871000
1538.320357000
1538.782821000
1539.245404000
1539.708244000
1540.171063000
1540.634000000
1541.097194000
1541.560368000
1542.023660000
1542.487209000
1542.950737000
1543.414384000
1543.878289000
1544.342172000
1544.806174000
1545.270434000
1545.734673000
1546.199031000
1546.663646000
1547.128241000
1547.592954000
