0.000000000
156.789076000
313.578152000
470.367228000
627.156304000
783.945380000
940.734456000
1097.523532000
1098.788938333
1099.932441333
1100.888737000
1101.405734000
1101.756691000
1102.107736667
1102.458872000
1102.810097333
1103.161412667
1103.512817000
1103.864311333
1104.215895667
1104.567569000
1104.919333000
1105.271186667
1105.623130000
1105.975163000
1106.327286000
1106.679499000
1107.031802000
1107.384194667
1107.736678000
1108.089250333
1108.441913667
1108.794666000
1109.147509333
1109.500442000
1109.853465000
1110.206578333
1110.559781667
1110.913076000
1111.266459333
1111.619933667
1111.973498000
1112.327152333
1112.680897333
1113.034732000
1113.388657667
1113.742673667
1114.096780000
1114.450976667
1114.805263667
1115.159641000
1115.514109333
1115.868668333
1116.223317000
1116.578056667
1116.932887333
1117.287808000
1117.642819333
1117.997921333
1118.353114000
1118.708397667
1119.063771667
1119.419237000
1119.774792333
1120.130438667
1120.486176000
1120.842003667
1121.197922667
1121.553933000
1121.910033667
1122.266225333
1122.622508000
1122.978880667
1123.335345333
1123.691901000
1124.048547667
1124.405285333
1124.762114000
1125.119033667
1125.476044333
1125.833147000
1126.190339667
1126.547624333
1126.905000000
1127.262467000
1127.620025333
1127.977675000
1128.335415667
1128.693248000
1129.051171000
1129.409186000
1129.767292333
1130.125490000
1130.483779667
1130.842160000
1131.200632000
1131.559196000
1131.917851333
1132.276598000
1132.635436667
1132.994402000
1133.353281000
1133.712358000
1134.071527000
1134.430896000
1134.790248000
1135.149692000
1135.509336000
1135.868964000
1136.228684000
1136.588603000
1136.948507000
1137.308502000
1137.668697000
1138.028876000
1138.389147000
1138.749619000
1139.110074000
1139.470621000
1139.831368000
1140.192099000
1140.552923000
1140.913947000
1141.274954000
1141.636054000
1141.997354000
1142.358639000
1142.720015000
1143.081592000
1143.443153000
1143.804807000
1144.166661000
1144.528499000
1144.890429000
1145.252561000
1145.614676000
1145.976884000
1146.339293000
1146.701685000
1147.064171000
1147.426857000
1147.789528000
1148.152291000
1148.515255000
1148.878203000
1149.241244000
1149.604487000
1149.967713000
1150.331032000
1150.694553000
1151.058058000
1151.421655000
1151.785454000
1152.149237000
1152.513113000
1152.877191000
1153.241253000
1153.605408000
1153.969765000
1154.334106000
1154.698540000
1155.063176000
1155.427796000
1155.792509000
1156.157424000
1156.522324000
1156.887316000
1157.252511000
1157.617690000
1157.982962000
1158.348437000
1158.713896000
1159.079448000
1159.445203000
1159.810941000
1160.176773000
1160.542808000
1160.908827000
1161.274940000
1161.641255000
1162.007554000
1162.373947000
1162.740544000
1163.107123000
1163.473797000
1163.840674000
1164.207535000
1164.574489000
1164.941648000
1165.308790000
1165.676025000
1166.043465000
1166.410888000
1166.778405000
1167.146126000
1167.513831000
1167.881629000
1168.249632000
1168.617618000
1168.985699000
1169.353983000
1169.722252000
1170.090614000
1170.459181000
1170.827731000
1171.196376000
1171.565225000
1171.934058000
1172.302985000
1172.672117000
1173.041233000
1173.410442000
1173.779857000
1174.149255000
1174.518748000
1174.888446000
1175.258127000
1175.627902000
1175.997883000
1176.367848000
1176.737907000
1177.108171000
1177.478419000
1177.848762000
1178.219310000
1178.589842000
1178.960468000
1179.331300000
1179.702115000
1180.073026000
1180.444142000
1180.815241000
1181.186436000
1181.557836000
1181.929220000
1182.300699000
1182.672384000
1183.044053000
1183.415816000
1183.787786000
1184.159739000
1184.531787000
1184.904042000
1185.276280000
1185.648614000
1186.021154000
1186.393677000
1186.766296000
1187.139121000
1187.511930000
1187.884834000
1188.257945000
1188.631039000
1189.004229000
1189.377626000
1189.751007000
1190.124482000
1190.498165000
1190.871832000
1191.245593000
1191.619563000
1191.993515000
1192.367564000
1192.741820000
1193.116059000
1193.490393000
1193.864936000
1194.239462000
1194.614084000
1194.988913000
1195.363726000
1195.738635000
1196.113751000
1196.488851000
1196.864047000
1197.239451000
1197.614839000
1197.990322000
1198.366014000
1198.741689000
1199.117460000
1199.493440000
1199.869402000
1200.245461000
1200.621729000
1200.997980000
1201.374327000
1201.750883000
1202.127422000
1202.504057000
1202.880902000
1203.257730000
1203.634653000
1204.011787000
1204.388903000
1204.766116000
1205.143538000
1205.520943000
1205.898445000
1206.276156000
1206.653851000
1207.031642000
1207.409642000
1207.787626000
1208.165707000
1208.543997000
1208.922270000
1209.300640000
1209.679221000
1210.057784000
1210.436444000
1210.815314000
1211.194167000
1211.573117000
1211.952278000
1212.331421000
1212.710662000
1213.090113000
1213.469547000
1213.849078000
1214.228820000
1214.608544000
1214.988366000
1215.368399000
1215.748415000
1216.128527000
1216.508851000
1216.889158000
1217.269562000
1217.650177000
1218.030775000
1218.411471000
1218.792378000
1219.173268000
1219.554255000
1219.935453000
1220.316635000
1220.697914000
1221.079405000
1221.460878000
1221.842450000
1222.224233000
1222.605999000
1222.987862000
1223.369938000
1223.751996000
1224.134152000
1224.516520000
1224.898872000
1225.281320000
1225.663982000
1226.046626000
1226.429368000
1226.812322000
1227.195259000
1227.578294000
1227.961542000
1228.344773000
1228.728102000
1229.111643000
1229.495167000
1229.878790000
1230.262625000
1230.646443000
1231.030359000
1231.414489000
1231.798601000
1232.182811000
1232.567235000
1232.951641000
1233.336146000
1233.720864000
1234.105565000
1234.490365000
1234.875378000
1235.260373000
1235.645468000
1236.030776000
1236.416066000
1236.801455000
1237.187059000
1237.572645000
1237.958329000
1238.344228000
1238.730109000
1239.116089000
1239.502283000
1239.888460000
1240.274736000
1240.661226000
1241.047699000
1241.434271000
1241.821057000
1242.207826000
1242.594694000
1242.981776000
1243.368842000
1243.756006000
1244.143385000
1244.530747000
1244.918208000
1245.305884000
1245.693542000
1246.081300000
1246.469273000
1246.857229000
1247.245284000
1247.633554000
1248.021807000
1248.410159000
1248.798727000
1249.187277000
1249.575927000
1249.964792000
1250.353640000
1250.742588000
1251.131751000
1251.520897000
1251.910142000
1252.299604000
1252.689048000
1253.078592000
1253.468352000
1253.858094000
1254.247936000
1254.637995000
1255.028036000
1255.418177000
1255.808534000
1256.198874000
1256.589314000
1256.979970000
1257.370609000
1257.761348000
1258.152304000
1258.543242000
1258.934280000
1259.325536000
1259.716774000
1260.108111000
1260.499667000
1260.891204000
1261.282842000
1261.674697000
1262.066534000
1262.458472000
1262.850627000
1263.242765000
1263.635003000
1264.027459000
1264.419897000
1264.812436000
1265.205192000
1265.597931000
1265.990770000
1266.383828000
1266.776868000
