0.000000000
176.541482143
353.082964286
529.624446429
706.165928571
882.707410714
1059.248892857
1235.790375000
1238.013537333
1240.235147667
1242.455114000
1244.673343667
1246.889739667
1249.104203000
1251.316630333
1253.526916000
1255.734950000
1257.940618333
1260.143803667
1262.344383000
1264.542230667
1266.737214667
1268.929197000
1271.118036667
1273.303583667
1275.485684000
1277.664175667
1279.838889667
1282.009649000
1284.176267333
1286.338550000
1288.496293000
1290.649281000
1292.797286333
1294.940069000
1297.077377333
1299.208941000
1301.334476000
1303.453678667
1305.566227000
1307.671775000
1309.769955667
1311.860372333
1313.942599000
1316.016178000
1318.080611000
1320.135361000
1322.179839667
1324.213407333
1326.235360000
1328.244924333
1330.241241000
1332.223357000
1334.190205000
1336.140582667
1338.073127000
1339.986280333
1341.878247000
1343.746936000
1345.589880000
1347.404132000
1349.186111000
1350.931376667
1352.634285000
1354.287428000
1355.880663000
1357.399246333
1358.819694000
1360.098045000
1361.107385000
1361.547578000
1361.964955000
1362.382472000
1362.800062000
1363.217758667
1363.635561333
1364.053471000
1364.471487667
1364.889611000
1365.307841000
1365.726177667
1366.144621333
1366.563172000
1366.981829000
1367.400593000
1367.819464000
1368.238442667
1368.657527333
1369.076719000
1369.496018667
1369.915425000
1370.334938000
1370.754558000
1371.174286000
1371.594120000
1372.014062000
1372.434111000
1372.854267000
1373.274531000
1373.694902000
1374.115380000
1374.535797000
1374.956574000
1375.377333000
1375.798198000
1376.219298000
1376.640378000
1377.061566000
1377.482988000
1377.904392000
1378.325903000
1378.747647000
1379.169374000
1379.591207000
1380.013275000
1380.435325000
1380.857482000
1381.279873000
1381.702246000
1382.124726000
1382.547441000
1382.970137000
1383.392941000
1383.815980000
1384.239000000
1384.662128000
1385.085491000
1385.508835000
1385.932288000
1386.355975000
1386.779644000
1387.203420000
1387.627432000
1388.051425000
1388.475527000
1388.899864000
1389.324182000
1389.748608000
1390.173270000
1390.597913000
1391.022664000
1391.447652000
1391.872620000
1392.297697000
1392.723010000
1393.148304000
1393.573706000
1393.999345000
1394.424965000
1394.850694000
1395.276658000
1395.702604000
1396.128659000
1396.554950000
1396.981223000
1397.407604000
1397.834222000
1398.260821000
1398.687528000
1399.114473000
1399.541399000
1399.968433000
1400.395705000
1400.822958000
1401.250320000
1401.677919000
1402.105499000
1402.533189000
1402.961116000
1403.389023000
1403.817040000
1404.245295000
1404.673531000
1405.101876000
1405.530458000
1405.959022000
1406.387695000
1406.816606000
1407.245498000
1407.674500000
1408.103740000
1408.532960000
1408.962291000
1409.391859000
1409.821409000
1410.251068000
1410.680966000
1411.110845000
1411.540833000
1411.971060000
1412.401268000
1412.831586000
1413.262143000
1413.692680000
1414.123328000
1414.554214000
1414.985082000
1415.416059000
1415.847276000
1416.278474000
1416.709781000
1417.141328000
1417.572856000
1418.004495000
1418.436372000
1418.868231000
1419.300200000
1419.732408000
1420.164598000
1420.596898000
1421.029437000
1421.461958000
1421.894589000
1422.327460000
1422.760312000
1423.193275000
1423.626478000
1424.059661000
1424.492955000
1424.926490000
1425.360006000
1425.793632000
1426.227499000
1426.661346000
1427.095305000
1427.529504000
1427.963684000
1428.397975000
1428.832507000
1429.267020000
1429.701643000
1430.136508000
1430.571354000
1431.006310000
1431.441509000
1431.876687000
1432.311977000
1432.747509000
1433.183021000
1433.618644000
1434.054510000
1434.490355000
1434.926312000
1435.362512000
1435.798691000
1436.234983000
1436.671516000
1437.108030000
1437.544655000
1437.981523000
1438.418372000
1438.855332000
1439.292534000
1439.729717000
1440.167012000
1440.604550000
1441.042068000
1441.479697000
1441.917570000
1442.355423000
1442.793388000
1443.231597000
1443.669785000
1444.108086000
1444.546630000
1444.985154000
1445.423791000
1445.862671000
1446.301531000
1446.740504000
1447.179720000
1447.618917000
1448.058226000
1448.497778000
1448.937311000
1449.376957000
1449.816846000
1450.256716000
1450.696699000
1451.136925000
1451.577132000
1452.017451000
1452.458015000
1452.898560000
1453.339216000
1453.780118000
1454.220999000
1454.661994000
1455.103233000
1455.544452000
1455.985785000
1456.427362000
1456.868919000
1457.310590000
1457.752505000
1458.194401000
1458.636410000
1459.078664000
1459.520899000
1459.963246000
1460.405839000
1460.848412000
1461.291098000
1461.734031000
1462.176943000
1462.619968000
1463.063240000
1463.506492000
1463.949856000
1464.393468000
1464.837059000
1465.280763000
1465.724714000
1466.168646000
1466.612690000
1467.056981000
1467.501252000
1467.945637000
1468.390269000
1468.834880000
1469.279606000
1469.724578000
1470.169530000
1470.614596000
1471.059909000
1471.505202000
1471.950609000
1472.396264000
1472.841898000
1473.287646000
1473.733642000
1474.179618000
1474.625707000
1475.072045000
1475.518362000
1475.964794000
1476.411473000
1476.858133000
1477.304906000
1477.751928000
1478.198930000
1478.646045000
1479.093410000
1479.540754000
1479.988212000
1480.435919000
1480.883606000
1481.331407000
1481.779457000
1482.227487000
1482.675631000
1483.124024000
1483.572398000
1484.020885000
1484.469622000
1484.918339000
1485.367170000
1485.816250000
1486.265311000
1486.714486000
1487.163911000
1487.613315000
1488.062835000
1488.512604000
1488.962352000
1489.412216000
1489.862330000
1490.312423000
1490.762631000
1491.213090000
1491.663528000
1492.114081000
1492.564885000
1493.015668000
1493.466567000
1493.917716000
1494.368845000
1494.820089000
1495.271583000
1495.723058000
1496.174647000
1496.626488000
1497.078308000
1497.530244000
1497.982430000
1498.434597000
1498.886879000
1499.339412000
1499.791925000
1500.244553000
1500.697433000
1501.150293000
1501.603268000
1502.056495000
1502.509702000
1502.963024000
1503.416598000
1503.870152000
1504.323821000
1504.777743000
1505.231644000
1505.685662000
1506.139931000
1506.594180000
1507.048545000
1507.503162000
1507.957760000
1508.412473000
1508.867439000
1509.322384000
1509.777445000
1510.232760000
1510.688054000
1511.143464000
1511.599127000
1512.054770000
1512.510529000
1512.966541000
1513.422533000
1513.878642000
1514.335003000
1514.791345000
1515.247802000
1515.704514000
1516.161205000
1516.618012000
1517.075073000
1517.532114000
1517.989272000
1518.446683000
1518.904074000
1519.361582000
1519.819344000
1520.277085000
1520.734943000
1521.193056000
1521.651148000
1522.109357000
1522.567821000
1523.026264000
1523.484824000
1523.943639000
1524.402433000
1524.861344000
1525.320511000
1525.779657000
1526.238920000
1526.698438000
1527.157936000
1527.617550000
1528.077421000
