0.000000000
188.940999857
377.881999714
566.822999571
755.763999429
944.704999286
1133.645999143
1322.586999000
1324.014087667
1325.420808333
1326.804479000
1328.161462333
1329.486441333
1330.770575000
1331.993690333
1333.994828333
1336.252811000
1338.510099667
1340.766650333
1343.022420000
1345.277365333
1347.531441667
1349.784604000
1352.036806000
1354.288002000
1356.538145000
1358.787187000
1361.035080333
1363.281775000
1365.527220667
1367.771367667
1370.014163000
1372.255556000
1374.495491000
1376.733915000
1378.970772667
1381.206007667
1383.439562000
1385.671376000
1387.901392000
1390.129548000
1392.355781333
1394.580028667
1396.802225000
1399.022303000
1401.240195333
1403.455832000
1405.669142333
1407.880051000
1410.088485000
1412.294365667
1414.497614000
1416.698149000
1418.895884667
1421.090736667
1423.282616000
1425.471428667
1427.657080333
1429.839473000
1432.018505667
1434.194071667
1436.366063000
1438.534366333
1440.698862667
1442.859430000
1445.015941333
1447.168262000
1449.316255000
1451.459772333
1453.598662667
1455.732766000
1457.861914667
1459.985930000
1462.104627000
1464.217807000
1466.325262333
1468.426771000
1470.522097333
1472.610990333
1474.693183000
1476.768387000
1478.836295667
1480.896576000
1482.948871667
1484.992793333
1487.027920000
1489.053791000
1491.069903000
1493.075700000
1495.070570000
1497.053831333
1499.024723000
1500.982389000
1502.925860667
1504.854034000
1506.765637333
1508.659194667
1510.532973000
1512.384910000
1514.212513667
1516.012720000
1517.780979000
1519.514074000
1521.203777000
1522.841284000
1524.413079000
1525.895000000
1527.241037000
1528.280442000
1528.740343000
1529.200362000
1529.660637000
1530.120891000
1530.581262000
1531.041889000
1531.502496000
1531.963399000
1532.424241000
1532.885200000
1533.346416000
1533.807611000
1534.268923000
1534.730492000
1535.192040000
1535.653706000
1536.115629000
1536.577531000
1537.039550000
1537.501827000
1537.964082000
1538.426456000
1538.889087000
1539.351697000
1539.814425000
1540.277410000
1540.740374000
1541.203456000
1541.666796000
1542.130115000
1542.593552000
1543.057247000
1543.520921000
1543.984714000
1544.448764000
1544.912793000
1545.376940000
1545.841346000
1546.305731000
1546.770234000
1547.234995000
1547.699736000
1548.164595000
1548.629713000
1549.094809000
1549.560025000
1550.025498000
1550.490951000
1550.956523000
1551.422354000
1551.888163000
1552.354092000
1552.820279000
1553.286446000
1553.752731000
1554.219276000
1554.685799000
1555.152442000
1555.619344000
1556.086225000
1556.553225000
1557.020485000
1557.487724000
1557.955082000
1558.422699000
1558.890296000
1559.358012000
1559.825988000
1560.293943000
1560.762018000
1561.230352000
1561.698666000
1562.167099000
1562.635792000
1563.104465000
1563.573257000
1564.042309000
1564.511340000
1564.980492000
1565.449903000
1565.919294000
1566.388805000
1566.858576000
1567.328327000
1567.798197000
1568.268328000
1568.738439000
1569.208669000
1569.679161000
1570.149631000
1570.620222000
1571.091074000
1571.561905000
1572.032856000
1572.504069000
1572.975261000
1573.446573000
1573.918146000
1574.389699000
1574.861372000
1575.333307000
1575.805221000
1576.277256000
1576.749552000
1577.221828000
1577.694224000
1578.166883000
1578.639520000
1579.112278000
1579.585299000
1580.058298000
1580.531419000
1581.004802000
1581.478164000
1581.951647000
1582.425392000
1582.899117000
1583.372962000
1583.847071000
1584.321159000
1584.795367000
1585.269839000
1585.744290000
1586.218862000
1586.693698000
1587.168512000
1587.643447000
1588.118647000
1588.593825000
1589.069124000
1589.544688000
1590.020230000
1590.495893000
1590.971821000
1591.447728000
1591.923756000
1592.400048000
1592.876319000
1593.352712000
1593.829369000
1594.306005000
1594.782763000
1595.259785000
1595.736786000
1596.213909000
1596.691297000
1597.168664000
1597.646153000
1598.123906000
1598.601639000
1599.079493000
1599.557613000
1600.035711000
1600.513932000
1600.992418000
1601.470883000
1601.949470000
1602.428322000
1602.907154000
1603.386107000
1603.865327000
1604.344525000
1604.823846000
1605.303432000
1605.782998000
1606.262685000
1606.742640000
1607.222572000
1607.702628000
1608.182949000
1608.663250000
1609.143673000
1609.624363000
1610.105031000
1610.585823000
1611.066881000
1611.547918000
1612.029077000
1612.510504000
1612.991909000
1613.473437000
1613.955233000
1614.437007000
1614.918904000
1615.401069000
1615.883212000
1616.365478000
1616.848013000
1617.330525000
1617.813161000
1618.296065000
1618.778947000
1619.261953000
1619.745227000
1620.228479000
1620.711855000
1621.195499000
1621.679121000
1622.162867000
1622.646882000
1623.130875000
1623.614992000
1624.099377000
1624.583741000
1625.068229000
1625.552985000
1626.037720000
1626.522579000
1627.007707000
1627.492814000
1627.978044000
1628.463544000
1628.949022000
1629.434624000
1629.920495000
1630.406345000
1630.892319000
1631.378563000
1631.864786000
1632.351132000
1632.837749000
1633.324343000
1633.811062000
1634.298052000
1634.785019000
1635.272111000
1635.759474000
1636.246814000
1636.734280000
1637.222015000
1637.709729000
1638.197568000
1638.685678000
1639.173765000
1639.661978000
1640.150461000
1640.638923000
1641.127509000
1641.616367000
1642.105203000
1642.594164000
1643.083396000
1643.572607000
1644.061942000
1644.551549000
1645.041134000
1645.530845000
1646.020827000
1646.510787000
1647.000873000
1647.491231000
1647.981566000
1648.472027000
1648.962761000
1649.453472000
1649.944309000
1650.435418000
1650.926506000
1651.417718000
1651.909204000
1652.400668000
1652.892257000
1653.384119000
1653.875959000
1654.367925000
1654.860164000
1655.352381000
1655.844724000
1656.337340000
1656.829934000
1657.322654000
1657.815648000
1658.308620000
1658.801717000
1659.295088000
1659.788438000
1660.281913000
1660.775662000
1661.269389000
1661.763243000
1662.257370000
1662.751476000
1663.245708000
1663.740214000
1664.234698000
1664.729308000
1665.224193000
1665.719056000
1666.214046000
1666.709310000
1667.204552000
1667.699921000
1668.195564000
1668.691186000
1669.186934000
1669.682957000
1670.178959000
1670.675087000
1671.171490000
1671.667871000
1672.164379000
1672.661163000
1673.157925000
1673.654813000
1674.151978000
1674.649120000
1675.146389000
1675.643934000
1676.141458000
1676.639108000
1677.137034000
1677.634938000
1678.132970000
1678.631278000
1679.129564000
1679.627977000
1680.126667000
1680.625334000
1681.124129000
1681.623201000
1682.122250000
1682.621427000
1683.120882000
1683.620314000
1684.119873000
1684.619710000
1685.119525000
1685.619467000
1686.119687000
1686.619884000
1687.120210000
1687.620813000
