0.000000000
175.907964857
351.815929714
527.723894571
703.631859429
879.539824286
1055.447789143
1231.355754000
1233.573618000
1235.789772333
1238.004120000
1240.216559333
1242.426988000
1244.635297000
1246.841375333
1249.045108667
1251.246377000
1253.445057667
1255.641021333
1257.834134000
1260.024258667
1262.211249333
1264.394956000
1266.575222000
1268.751882667
1270.924767000
1273.093694667
1275.258477667
1277.418919000
1279.574810333
1281.725934000
1283.872059000
1286.012941667
1288.148325000
1290.277937000
1292.401487000
1294.518668667
1296.629154000
1298.732592667
1300.828609667
1302.916803000
1304.996739667
1307.067955333
1309.129943000
1311.182155667
1313.223998333
1315.254818000
1317.273899333
1319.280456000
1321.273615000
1323.252405000
1325.215740667
1327.162399000
1329.090992667
1330.999935000
1332.887397000
1334.751248000
1336.588973667
1338.397567000
1340.173372000
1341.911852000
1343.607231000
1345.251917667
1346.835486000
1348.342722000
1349.749224333
1351.008641000
1351.976949000
1352.396972667
1352.812013333
1353.227207333
1353.642459333
1354.057818000
1354.473282333
1354.888852667
1355.304529000
1355.720311667
1356.136200667
1356.552196000
1356.968296667
1357.384504333
1357.800818000
1358.217238667
1358.633764333
1359.050398000
1359.467136667
1359.883982333
1360.300934000
1360.717992667
1361.135157333
1361.552429000
1361.969806667
1362.387291333
1362.804882000
1363.222580000
1363.640384333
1364.058295000
1364.476313000
1364.894437333
1365.312669000
1365.731091000
1366.149368000
1366.567878000
1366.986494000
1367.405344000
1367.824174000
1368.243111000
1368.662281000
1369.081433000
1369.500691000
1369.920182000
1370.339655000
1370.759234000
1371.179047000
1371.598841000
1372.018742000
1372.438876000
1372.858991000
1373.279214000
1373.699670000
1374.120108000
1374.540652000
1374.961431000
1375.382190000
1375.803057000
1376.224158000
1376.645240000
1377.066429000
1377.487852000
1377.909257000
1378.330769000
1378.752515000
1379.174242000
1379.596077000
1380.018147000
1380.440197000
1380.862355000
1381.284748000
1381.707122000
1382.129603000
1382.552320000
1382.975017000
1383.397822000
1383.820863000
1384.243884000
1384.667013000
1385.090377000
1385.513723000
1385.937176000
1386.360865000
1386.784535000
1387.208313000
1387.632326000
1388.056320000
1388.480423000
1388.904761000
1389.329080000
1389.753508000
1390.178171000
1390.602815000
1391.027568000
1391.452557000
1391.877526000
1392.302604000
1392.727919000
1393.153214000
1393.578618000
1394.004258000
1394.429879000
1394.855608000
1395.281575000
1395.707522000
1396.133578000
1396.559870000
1396.986144000
1397.412526000
1397.839145000
1398.265745000
1398.692455000
1399.119401000
1399.546328000
1399.973363000
1400.400637000
1400.827891000
1401.255254000
1401.682854000
1402.110436000
1402.538126000
1402.966054000
1403.393963000
1403.821982000
1404.250238000
1404.678475000
1405.106821000
1405.535405000
1405.963970000
1406.392644000
1406.821557000
1407.250450000
1407.679453000
1408.108694000
1408.537916000
1408.967247000
1409.396817000
1409.826368000
1410.256028000
1410.685927000
1411.115807000
1411.545797000
1411.976025000
1412.406235000
1412.836554000
1413.267112000
1413.697651000
1414.128299000
1414.559187000
1414.990056000
1415.421035000
1415.852253000
1416.283452000
1416.714761000
1417.146309000
1417.577838000
1418.009478000
1418.441357000
1418.873217000
1419.305187000
1419.737397000
1420.169587000
1420.601888000
1421.034430000
1421.466951000
1421.899584000
1422.332456000
1422.765309000
1423.198273000
1423.631477000
1424.064662000
1424.497958000
1424.931494000
1425.365010000
1425.798638000
1426.232506000
1426.666355000
1427.100315000
1427.534515000
1427.968697000
1428.402989000
1428.837522000
1429.272036000
1429.706661000
1430.141527000
1430.576374000
1431.011332000
1431.446531000
1431.881711000
1432.317002000
1432.752535000
1433.188049000
1433.623673000
1434.059540000
1434.495387000
1434.931345000
1435.367546000
1435.803727000
1436.240019000
1436.676554000
1437.113069000
1437.549696000
1437.986565000
1438.423415000
1438.860376000
1439.297580000
1439.734764000
1440.172060000
1440.609599000
1441.047119000
1441.484750000
1441.922624000
1442.360478000
1442.798445000
1443.236654000
1443.674844000
1444.113146000
1444.551691000
1444.990217000
1445.428855000
1445.867736000
1446.306598000
1446.745572000
1447.184789000
1447.623987000
1448.063297000
1448.502851000
1448.942386000
1449.382032000
1449.821923000
1450.261795000
1450.701778000
1451.142006000
1451.582214000
1452.022535000
1452.463100000
1452.903645000
1453.344303000
1453.785206000
1454.226089000
1454.667085000
1455.108325000
1455.549546000
1455.990880000
1456.432458000
1456.874017000
1457.315689000
1457.757606000
1458.199503000
1458.641513000
1459.083768000
1459.526004000
1459.968353000
1460.410947000
1460.853522000
1461.296209000
1461.739143000
1462.182056000
1462.625083000
1463.068356000
1463.511609000
1463.954975000
1464.398587000
1464.842180000
1465.285886000
1465.729838000
1466.173771000
1466.617816000
1467.062109000
1467.506381000
1467.950767000
1468.395400000
1468.840013000
1469.284740000
1469.729713000
1470.174667000
1470.619734000
1471.065049000
1471.510343000
1471.955751000
1472.401407000
1472.847043000
1473.292792000
1473.738789000
1474.184766000
1474.630857000
1475.077196000
1475.523515000
1475.969948000
1476.416629000
1476.863289000
1477.310064000
1477.757087000
1478.204090000
1478.651207000
1479.098573000
1479.545918000
1479.993378000
1480.441086000
1480.888774000
1481.336577000
1481.784628000
1482.232659000
1482.680805000
1483.129199000
1483.577574000
1484.026063000
1484.474801000
1484.923519000
1485.372352000
1485.821433000
1486.270495000
1486.719672000
1487.169098000
1487.618504000
1488.068024000
1488.517794000
1488.967545000
1489.417410000
1489.867525000
1490.317619000
1490.767829000
1491.218289000
1491.668728000
1492.119283000
1492.570088000
1493.020873000
1493.471772000
1493.922923000
1494.374053000
1494.825298000
1495.276794000
1495.728270000
1496.179861000
1496.631703000
1497.083524000
1497.535461000
1497.987649000
1498.439817000
1498.892100000
1499.344635000
1499.797149000
1500.249779000
1500.702660000
1501.155521000
1501.608498000
1502.061726000
1502.514934000
1502.968257000
1503.421833000
1503.875388000
1504.329059000
1504.782982000
1505.236884000
1505.690903000
1506.145174000
1506.599424000
1507.053791000
1507.508409000
1507.963008000
1508.417722000
1508.872689000
1509.327636000
1509.782699000
1510.238015000
1510.693310000
1511.148722000
1511.604386000
1512.060030000
1512.515791000
1512.971804000
1513.427798000
1513.883907000
1514.340270000
1514.796613000
1515.253072000
1515.709785000
1516.166477000
1516.623286000
1517.080348000
1517.537390000
1517.994549000
1518.451962000
1518.909354000
1519.366863000
