0.000000000
208.985923714
417.971847429
626.957771143
835.943694857
1044.929618571
1253.915542286
1462.901466000
1464.587405667
1466.271731333
1467.954422000
1469.635458000
1471.314816000
1472.992472000
1474.668400667
1476.342576667
1478.014970000
1479.685554000
1481.354296000
1483.021165000
1484.686126333
1486.349144667
1488.010184000
1489.669205667
1491.326169333
1492.981032000
1494.633751333
1496.284280000
1497.932571000
1499.578574667
1501.222238667
1502.863508000
1504.502327000
1506.138635667
1507.772373000
1509.403473000
1511.031870333
1512.657493000
1514.280268000
1515.900118000
1517.516962000
1519.130716333
1520.741292000
1522.348596000
1523.952531333
1525.552995333
1527.149880000
1528.743073000
1530.332453333
1531.917896000
1533.499267000
1535.076426667
1536.649225000
1538.217504667
1539.781096000
1541.339820000
1542.893487333
1544.441892667
1545.984818000
1547.522028333
1549.053270333
1550.578273000
1552.096740667
1553.608353333
1555.112762000
1556.609585000
1558.098403333
1559.578754000
1561.050125667
1562.511946333
1563.963574000
1565.404284333
1566.833250667
1568.249523000
1569.651997667
1571.039374333
1572.410099000
1573.762279000
1575.093557000
1576.400909000
1577.680292333
1578.926002333
1580.129252000
1581.274216667
1582.316285000
1584.354855000
1586.441714667
1588.525437667
1590.605985000
1592.683317667
1594.757396667
1596.828181000
1598.895630667
1600.959706000
1603.020366000
1605.077570667
1607.131277000
1609.181444000
1611.228030667
1613.270993000
1615.310290000
1617.345064000
1619.377305000
1621.405141000
1623.429136000
1625.449246000
1627.466030000
1629.478232000
1631.487012000
1633.491120000
1635.491111000
1637.487535000
1639.479144000
1641.466491000
1643.450118000
1645.428784000
1647.403034000
1649.373406000
1651.338663000
1653.299344000
1655.255393000
1657.207338000
1659.153951000
1661.096341000
1663.033283000
1664.965298000
1666.892902000
1668.814874000
1670.731727000
1672.643966000
1674.550373000
1676.451453000
1678.347698000
1680.237894000
1682.122534000
1684.001535000
1685.875373000
1687.742837000
1689.604398000
1691.460517000
1693.309980000
1695.153794000
1696.990743000
1698.821266000
1700.645242000
1702.463087000
1704.273575000
1706.077649000
1707.874073000
1709.663225000
1711.444928000
1713.219525000
1714.985744000
1716.743898000
1718.494267000
1720.235535000
1721.968452000
1723.691656000
1725.405304000
1727.108990000
1728.802762000
1730.485080000
1732.156349000
1733.814870000
1735.460321000
1737.091723000
1738.708376000
1740.307850000
1741.888796000
1743.449308000
1744.985278000
1746.493198000
1747.965601000
1749.392326000
1750.753516000
1751.999290000
1752.785404000
1753.302776000
1753.820125000
1754.337607000
1754.855220000
1755.373121000
1755.890999000
1756.409009000
1756.927307000
1757.445581000
1757.964144000
1758.482683000
1759.001355000
1759.520159000
1760.039251000
1760.558320000
1761.077677000
1761.597011000
1762.116478000
1762.636078000
1763.155966000
1763.675830000
1764.195828000
1764.716114000
1765.236606000
1765.757002000
1766.277530000
1766.798348000
1767.319143000
1767.840071000
1768.361288000
1768.882481000
1769.403808000
1769.925424000
1770.447017000
1770.968743000
1771.490759000
1772.012752000
1772.534878000
1773.057294000
1773.579686000
1774.102212000
1774.625028000
1775.147821000
1775.670747000
1776.193964000
1776.717157000
1777.240484000
1777.764102000
1778.287696000
1778.811424000
1779.335443000
1779.859438000
1780.383567000
1780.907987000
1781.432384000
1781.956915000
1782.481737000
1783.006535000
1783.531468000
1784.056692000
1784.581893000
1785.107228000
1785.632854000
1786.158457000
1786.684194000
1787.210224000
1787.736229000
1788.262369000
1788.788802000
1789.315211000
1789.841754000
1790.368589000
1790.895401000
1791.422348000
1791.949587000
1792.476803000
1793.004153000
1793.531796000
1794.059416000
1794.587170000
1795.115218000
1795.643242000
1796.171401000
1796.699853000
1797.228281000
1797.756844000
1798.285701000
1798.814535000
1799.343503000
1799.872765000
1800.402004000
1800.931377000
1801.461045000
1801.990689000
1802.520468000
1803.050541000
1803.580591000
1804.110776000
1804.641256000
1805.171712000
1805.702303000
1806.233189000
1806.764051000
1807.295049000
1807.826342000
1808.357611000
1808.889015000
1809.420715000
1809.952391000
1810.484203000
1811.016310000
1811.548394000
1812.080613000
1812.613128000
1813.145619000
1813.678246000
1814.211169000
1814.744068000
1815.277103000
1815.810434000
1816.343741000
1816.877185000
1817.410925000
1817.944640000
1818.478493000
1819.012641000
1819.546766000
1820.081027000
1820.615585000
1821.150119000
1821.684790000
1822.219758000
1822.754701000
1823.289781000
1823.825159000
1824.360512000
1824.896002000
1825.431790000
1825.967554000
1826.503454000
1827.039652000
1827.575826000
1828.112137000
1828.648746000
1829.185331000
1829.722053000
1830.259073000
1830.796069000
1831.333202000
1831.870634000
1832.408041000
1832.945586000
1833.483429000
1834.021248000
1834.559205000
1835.097460000
1835.635691000
1836.174060000
1836.712728000
1837.251371000
1837.790153000
1838.329233000
1838.868289000
1839.407483000
1839.946977000
1840.486446000
1841.026053000
1841.565960000
1842.105843000
1842.645863000
1843.186184000
1843.726480000
1844.266914000
1844.807649000
1845.348359000
1845.889207000
1846.430356000
1846.971480000
1847.512743000
1848.054306000
1848.595846000
1849.137523000
1849.679501000
1850.221455000
1850.763548000
1851.305941000
1851.848310000
1852.390818000
1852.933627000
1853.476412000
1854.019335000
1854.562560000
1855.105761000
1855.649100000
1856.192741000
1856.736358000
1857.280114000
1857.824172000
1858.368205000
1858.912377000
1859.456852000
1860.001302000
1860.545891000
1861.090783000
1861.635650000
1862.180656000
1862.725966000
1863.271250000
1863.816674000
1864.362401000
1864.908104000
1865.453946000
1866.000091000
1866.546211000
1867.092471000
1867.639035000
1868.185574000
1868.732253000
1869.279235000
1869.826193000
1870.373290000
1870.920691000
1871.468068000
1872.015585000
1872.563406000
1873.111202000
1873.659138000
1874.207378000
1874.755594000
1875.303950000
1875.852611000
1876.401247000
1876.950023000
1877.499104000
1878.048160000
1878.597356000
1879.146858000
1879.696335000
1880.245952000
1880.795875000
1881.345773000
1881.895811000
1882.446155000
1882.996474000
1883.546934000
1884.097700000
