33.819 4.636 0.176 -62.115 69.613
0.956 1.229 0.021 -15.833 69.871
2.773 1.422 0.027 -15.043 69.810
8.199 1.684 0.021 -14.030 69.701
13.264 1.987 0.032 -13.000 69.564
15.620 2.034 0.021 -12.480 69.503
23.714 2.347 0.053 -10.330 69.516
45.184 4.215 0.105 7.485 69.997
47.718 4.157 0.101 8.007 69.799
49.708 4.251 0.080 8.520 69.506
48.479 4.432 0.102 10.315 69.929
50.337 4.451 0.103 10.975 69.677
58.698 4.529 0.169 -62.787 68.990
50.451 4.483 0.174 -62.084 68.914
48.687 4.313 0.170 -61.120 68.595
1.407 1.304 0.032 -15.665 69.462
17.968 2.250 0.043 -11.975 69.443
22.184 2.467 0.061 -10.995 69.280
23.621 2.432 0.061 -10.425 69.377
49.445 3.947 0.073 7.090 69.311
51.777 4.518 0.104 9.015 69.271
53.111 4.605 0.111 9.595 68.996
51.983 4.440 0.102 11.470 69.489
52.912 4.443 0.104 11.820 69.355
46.523 4.132 0.175 -60.625 68.469
33.714 3.544 0.198 -60.000 68.309
39.773 3.216 0.189 -59.390 68.154
1.336 1.192 0.035 -18.116 67.820
48.647 3.626 0.091 0.980 67.714
0.604 1.172 0.079 -18.525 66.813
0.741 1.008 0.061 -18.375 67.183
52.990 4.478 0.364 -33.595 65.509
30.150 3.839 0.100 -3.700 66.206
31.691 3.500 0.100 -3.000 65.971
41.518 3.674 0.104 -2.050 65.652
48.405 3.552 0.081 1.075 65.910
51.707 3.657 0.091 1.610 65.570
52.874 4.495 0.363 -33.535 65.484
51.532 4.442 0.290 -33.000 65.261
47.968 3.937 0.137 -32.000 64.844
41.354 3.385 0.064 -31.335 64.566
42.676 3.623 0.101 -1.545 65.482
47.025 3.844 0.110 -1.000 65.299
51.312 3.738 0.090 0.000 64.963
53.088 4.022 0.105 0.815 64.689
53.381 3.579 0.075 2.115 65.250
53.893 2.941 0.050 2.634 64.919
39.011 3.567 0.066 -31.010 64.431
0.315 1.283 0.106 -23.605 63.548
50.238 4.261 0.136 -4.936 63.749
54.085 4.268 0.222 -38.665 63.019
53.081 4.224 0.193 -37.933 62.780
51.830 3.948 0.160 -37.261 62.578
0.187 1.086 0.078 -24.640 63.040
0.970 1.160 0.084 -23.998 63.219
52.588 4.252 0.175 -4.934 63.275
50.833 4.035 0.143 -36.782 62.408
49.074 3.936 0.114 -36.157 62.220
0.243 1.232 0.047 -26.750 61.737
4.905 1.702 0.035 -26.120 61.529
39.672 4.077 0.097 -57.215 60.794
4.940 1.553 0.023 -26.233 61.451
56.423 4.795 0.182 -59.720 59.903
55.113 4.645 0.156 -59.082 59.604
46.540 4.379 0.130 -57.870 60.227
49.956 4.637 0.130 -56.875 59.524
70.973 4.399 0.081 -51.790 59.883
80.508 4.366 0.083 -51.205 60.046
44.809 3.655 0.087 -20.905 59.785
47.856 3.905 0.118 -20.410 59.547
79.316 5.918 0.145 177.181 59.864
58.520 4.817 0.185 -59.079 59.395
55.025 4.385 0.109 -57.595 59.147
52.144 4.465 0.126 -57.221 59.343
58.299 4.320 0.113 -51.720 58.968
59.314 4.665 0.203 -42.655 59.099
51.707 4.524 0.141 -42.000 58.927
48.835 4.282 0.107 -41.000 58.664
45.011 4.194 0.097 -40.440 58.516
48.335 4.143 0.137 -20.205 59.448
77.399 5.777 0.156 177.190 58.999
74.336 5.926 0.161 -178.252 57.923
73.431 5.911 0.167 -176.981 57.620
66.885 4.877 0.143 -55.971 57.773
64.567 4.777 0.124 -55.410 57.629
50.927 4.013 0.111 -53.965 57.754
35.344 4.413 0.136 -53.185 58.175
43.911 4.307 0.098 -40.270 58.472
0.273 1.715 0.007 -32.737 57.753
3.542 1.605 0.014 -32.230 57.607
75.205 6.027 0.132 177.201 57.998
74.235 4.778 0.135 -55.793 57.298
68.361 4.348 0.116 -54.967 57.090
61.148 4.126 0.115 -54.213 57.021
46.870 3.565 0.064 -24.823 57.229
49.126 3.794 0.081 -24.070 56.944
50.290 3.745 0.060 -23.305 56.918
74.023 6.035 0.124 177.207 57.420
68.019 4.786 0.115 -53.745 56.299
69.610 4.816 0.121 -53.255 55.867
50.803 3.962 0.116 -23.845 56.491
51.732 5.159 0.059 -155.725 53.910
54.555 5.502 0.028 -163.585 52.542
52.895 5.210 0.062 -159.745 53.066
54.724 5.296 0.032 -163.525 52.453
54.859 5.177 0.027 -163.475 52.377
63.295 5.257 0.016 -171.835 50.526
64.562 5.010 0.014 -171.660 50.251
106.150 4.445 0.111 -44.680 50.343
102.036 4.275 0.092 -44.480 50.375
81.659 4.913 0.095 -41.375 48.539
88.362 5.023 0.057 -14.719 48.599
106.673 5.068 0.083 -14.144 48.762
4.376 2.951 0.062 -130.735 48.359
1.998 2.855 0.063 -129.855 48.166
0.242 2.581 0.064 -129.000 47.979
2.362 2.884 0.064 -128.115 47.785
4.009 3.199 0.074 -127.415 47.632
98.422 5.087 0.119 -42.025 48.392
4.387 2.783 0.060 -130.855 47.312
1.687 2.626 0.059 -129.911 47.060
1.236 2.809 0.061 -128.821 46.701
2.408 3.055 0.067 -128.286 46.593
5.549 3.267 0.076 -126.704 47.074
6.440 3.329 0.082 -126.375 46.681
3.114 3.109 0.067 -127.955 46.394
122.638 5.190 0.056 -42.755 45.844
108.366 6.417 0.116 -7.845 46.012
8.899 3.235 0.059 -131.545 45.294
5.445 2.805 0.047 -131.080 45.073
0.513 2.466 0.025 -130.051 44.651
1.799 2.985 0.063 -129.155 44.713
5.445 3.075 0.069 -126.590 44.640
6.192 3.429 0.081 -126.160 44.643
119.872 5.101 0.129 -43.870 44.921
115.182 4.869 0.099 -43.485 44.728
108.052 6.731 0.105 -8.582 44.735
0.353 2.461 0.004 -129.984 44.449
169.233 6.089 0.237 -53.280 43.535
122.652 5.106 0.100 -45.663 44.038
119.497 5.256 0.107 -45.349 43.867
119.273 7.131 0.150 -8.579 44.481
90.000 7.819 0.533 32.211 43.790
90.000 8.321 0.561 32.680 43.592
168.277 6.281 0.232 -53.370 43.452
90.000 7.506 0.493 32.156 43.064
90.000 8.250 0.551 33.023 43.288
90.000 7.898 0.503 34.000 42.885
80.000 5.672 0.246 37.270 42.663
80.000 6.317 0.326 37.962 42.932
80.000 6.468 0.350 38.770 42.646
17.169 4.742 0.092 138.205 42.614
192.921 6.209 0.223 -64.033 41.638
185.958 7.167 0.172 -60.540 41.794
184.951 7.105 0.190 -60.338 41.853
125.644 6.146 0.071 -13.245 42.140
23.975 5.260 0.226 5.170 41.565
80.000 5.588 0.241 37.990 42.349
80.000 6.604 0.368 39.180 42.420
19.102 4.856 0.081 136.380 41.829
18.096 4.910 0.088 137.000 42.096
17.252 4.835 0.090 137.715 42.404
4.378 3.233 0.069 -125.517 40.711
5.501 3.684 0.097 -125.499 40.505
191.375 6.416 0.218 -64.250 41.449
174.493 6.972 0.145 -59.905 41.116
116.804 6.329 0.063 -13.630 40.504
23.065 5.342 0.217 5.370 41.399
18.731 5.573 0.237 5.920 40.941
128.322 5.606 0.050 146.132 40.816
128.081 5.730 0.055 146.703 41.156
129.364 5.822 0.077 147.575 40.525
127.989 5.851 0.038 159.950 41.100
9.119 3.659 0.092 -125.495 40.460
117.723 6.537 0.067 -13.545 40.495
121.232 6.649 0.097 -13.224 40.461
18.321 4.889 0.230 6.345 39.860
19.985 4.823 0.216 6.550 39.842
128.834 5.815 0.055 145.390 40.238
129.443 5.581 0.037 145.607 39.893
129.310 5.664 0.041 146.830 40.339
130.292 5.790 0.072 147.945 40.000
126.955 5.620 0.067 150.816 40.047
196.895 7.038 0.294 -72.277 38.601
24.263 4.332 0.153 5.548 38.527
130.937 5.507 0.019 145.433 38.855
130.193 5.577 0.032 145.526 39.354
131.095 5.630 0.068 147.095 39.238
131.914 5.831 0.064 148.128 39.086
132.303 5.872 0.063 148.635 39.023
179.146 6.230 0.156 -68.880 38.065
21.065 4.441 0.144 2.446 37.649
22.981 4.308 0.155 5.609 37.999
131.665 5.470 0.028 145.335 38.331
132.753 5.818 0.065 147.690 38.469
20.932 4.178 0.088 -123.505 37.217
20.365 4.147 0.133 -123.375 37.280
199.251 6.324 0.257 -74.040 36.507
174.566 6.102 0.131 -70.260 37.117
0.394 1.939 0.011 -32.302 37.298
18.751 4.509 0.145 2.494 37.474
20.956 4.531 0.146 2.518 37.387
21.068 4.501 0.171 5.675 37.418
134.221 6.061 0.068 153.250 36.694
133.248 6.133 0.073 153.906 36.741
134.132 6.063 0.071 154.963 36.816
134.471 6.120 0.069 155.575 36.860
196.857 6.274 0.222 -73.750 36.451
194.059 6.323 0.208 -73.415 36.386
149.915 6.497 0.112 -12.900 35.847
134.853 5.858 0.063 145.155 36.266
135.778 5.888 0.065 146.014 36.097
136.735 5.997 0.064 146.611 35.775
134.430 6.058 0.067 152.640 36.400
20.469 4.483 0.053 -121.980 34.830
181.129 6.540 0.153 -72.692 34.752
174.393 6.194 0.129 -71.927 34.633
158.766 6.219 0.092 -69.845 34.537
2.309 2.692 0.033 -36.510 34.591
0.677 2.578 0.028 -36.400 34.925
187.996 6.181 0.139 -10.794 34.709
197.002 6.090 0.149 -10.405 34.562
138.655 6.045 0.064 146.477 34.531
137.339 6.049 0.064 146.550 35.386
185.363 6.713 0.157 -73.150 33.998
175.660 6.541 0.113 -72.185 33.737
161.863 6.292 0.096 -70.540 34.141
1.697 3.022 0.026 -37.695 33.929
0.483 2.865 0.025 -37.095 34.310
163.667 5.983 0.116 -12.715 34.010
193.925 6.548 0.144 -10.530 34.484
197.273 6.748 0.166 -10.342 34.220
139.390 6.036 0.064 146.489 34.327
140.133 6.003 0.063 147.070 34.059
140.281 6.004 0.058 147.665 34.035
141.364 5.877 0.061 149.355 33.922
141.849 5.996 0.066 150.120 33.859
142.527 6.062 0.063 152.019 33.962
142.298 6.171 0.064 152.845 33.876
140.777 5.944 0.062 153.915 33.997
140.656 5.897 0.065 154.560 34.021
93.227 5.597 0.017 -160.231 32.636
185.784 6.831 0.147 -73.600 33.129
185.610 6.841 0.153 -73.450 33.419
168.069 6.562 0.101 -71.775 32.618
165.597 6.650 0.106 -71.325 32.957
129.449 5.740 0.069 143.350 33.255
93.386 5.330 0.016 -160.225 31.999
199.544 6.632 0.297 -76.525 31.784
199.662 6.539 0.213 -76.137 32.138
151.352 6.101 0.083 -69.807 32.056
146.702 5.890 0.081 -69.010 31.671
183.879 5.807 0.128 -11.890 32.282
194.594 6.106 0.146 -11.120 32.178
32.748 4.790 0.090 138.130 32.250
130.773 6.022 0.030 142.985 32.246
132.113 5.878 0.062 143.740 31.864
93.517 5.585 0.016 -160.220 31.483
169.030 6.688 0.108 -72.740 30.830
143.690 5.738 0.077 -68.590 31.469
139.456 5.743 0.077 -68.000 31.184
127.676 5.659 0.076 -67.031 30.692
27.352 4.792 0.076 133.870 30.990
133.845 5.915 0.061 143.982 31.069
134.650 5.985 0.060 144.772 31.005
144.334 6.178 0.062 146.136 30.829
146.886 6.273 0.063 147.199 30.690
147.639 6.274 0.063 148.032 30.707
148.340 6.310 0.064 148.755 30.725
122.260 5.622 0.079 -66.530 30.425
119.992 5.456 0.077 -66.293 30.299
115.514 5.326 0.073 -65.405 29.826
79.670 4.454 0.044 -29.250 30.233
89.219 4.735 0.051 -27.740 29.709
91.100 4.855 0.050 -27.415 29.596
18.862 4.495 0.048 136.170 29.658
15.777 4.591 0.039 137.000 29.836
20.092 4.327 0.061 137.695 29.985
152.373 6.214 0.098 -71.629 28.543
106.431 5.320 0.065 -63.635 28.875
104.048 5.332 0.060 -63.185 28.613
84.124 5.344 0.016 -158.756 27.519
0.841 3.844 0.149 -111.850 27.570
151.333 6.332 0.099 -71.500 28.497
148.794 6.217 0.089 -71.071 28.166
140.478 6.080 0.079 -69.679 27.814
138.494 5.931 0.080 -69.275 27.701
101.505 5.345 0.061 -62.705 28.334
98.185 5.599 0.059 -62.077 27.967
94.889 5.942 0.057 -61.455 27.605
133.833 5.805 0.091 -20.868 27.951
146.192 5.896 0.065 147.115 27.588
154.548 6.150 0.014 150.050 27.729
86.669 4.684 0.018 -160.283 26.950
84.237 4.724 0.013 -158.754 26.991
0.350 3.523 0.115 -111.620 27.420
0.220 3.416 0.106 -111.425 27.294
141.342 6.946 0.393 -89.826 26.985
143.348 6.803 0.367 -88.936 27.067
142.693 6.631 0.310 -88.012 26.957
141.620 6.439 0.262 -87.039 26.811
142.813 6.743 0.225 -86.412 26.653
91.133 6.027 0.059 -60.745 27.191
86.624 6.097 0.060 -59.896 26.681
145.636 5.968 0.073 146.335 27.186
146.899 5.892 0.071 147.004 27.136
149.550 5.945 0.063 147.850 27.069
154.410 6.104 0.023 149.324 27.167
154.818 6.004 0.018 149.802 26.972
86.879 4.818 0.013 -160.281 26.192
84.410 4.873 0.008 -158.751 26.192
142.057 7.477 0.376 -93.874 25.928
140.235 7.534 0.381 -93.160 25.914
134.070 7.427 0.374 -92.005 25.763
134.104 7.431 0.332 -90.884 25.922
132.811 7.135 0.312 -89.950 25.985
130.760 6.911 0.310 -88.928 26.130
130.263 6.728 0.291 -87.968 26.127
133.667 6.487 0.248 -86.964 26.030
137.702 6.212 0.221 -86.220 25.921
195.629 5.614 0.092 -75.260 25.709
82.118 6.106 0.068 -59.068 26.164
76.410 6.035 0.058 -58.128 25.576
155.465 5.892 0.018 150.335 26.416
159.583 6.056 0.048 157.704 25.528
143.223 7.737 0.365 -94.725 25.225
133.888 7.618 0.327 -93.983 24.989
134.024 7.406 0.311 -93.091 24.950
138.474 7.167 0.275 -92.250 24.731
135.523 6.324 0.223 -86.709 25.426
130.750 6.193 0.218 -86.251 25.426
195.305 5.684 0.100 -75.070 25.365
119.705 5.972 0.042 -68.070 24.950
75.942 5.813 0.061 -56.960 24.944
134.206 5.825 0.078 -22.779 24.765
146.225 6.207 0.075 146.140 25.181
160.801 5.948 0.043 157.611 25.118
0.443 3.478 0.124 -108.620 23.634
0.086 3.514 0.113 -108.465 23.526
139.862 7.530 0.423 -95.560 24.152
137.540 7.712 0.387 -94.879 24.057
133.365 7.586 0.316 -94.048 23.976
131.986 7.289 0.279 -93.122 24.141
144.554 6.995 0.252 -92.305 24.389
58.983 5.746 0.066 -54.425 24.283
52.308 5.620 0.079 -53.352 24.000
46.673 5.424 0.075 -52.257 23.714
136.218 5.843 0.072 -22.930 24.203
147.819 5.956 0.099 -21.660 23.815
151.332 5.892 0.101 -21.000 23.690
156.974 6.015 0.122 -20.295 23.557
84.324 4.308 0.056 -157.551 23.395
2.064 3.674 0.088 -108.863 22.618
3.952 3.401 0.105 -108.040 23.230
134.446 7.534 0.383 -95.060 22.989
141.114 7.242 0.289 -93.882 23.117
147.691 6.852 0.251 -93.440 23.048
38.423 5.234 0.066 -50.840 23.348
12.023 4.227 0.102 -46.850 22.783
9.656 4.235 0.092 -46.470 22.779
11.661 4.015 0.002 -44.047 23.403
13.675 3.867 0.002 -43.499 23.205
165.361 6.036 0.139 -19.715 23.447
176.654 6.103 0.177 -18.936 23.210
191.900 6.112 0.292 -17.862 22.988
194.611 5.909 0.335 -17.494 23.374
84.664 5.212 0.255 65.384 22.752
87.936 5.383 0.283 65.697 22.763
52.473 5.893 0.087 125.255 22.650
165.404 5.596 0.038 157.105 22.885
0.676 3.358 0.096 -108.588 22.455
1.974 3.570 0.111 -108.085 22.179
6.351 3.592 0.123 -107.370 21.761
132.764 7.155 0.391 -95.570 22.453
130.128 7.137 0.375 -95.115 21.816
148.274 6.895 0.279 -94.173 22.052
115.645 5.886 0.079 -67.838 22.266
113.050 6.039 0.077 -67.255 22.248
110.325 5.877 0.065 -66.490 22.137
77.935 5.188 0.205 65.032 22.193
51.998 5.737 0.068 125.345 22.425
70.090 5.542 0.041 134.185 21.970
166.061 5.358 0.030 156.981 22.335
145.102 6.976 0.337 -94.826 21.149
66.636 5.681 0.042 133.870 21.410
96.898 4.463 0.059 -159.310 19.579
61.283 4.677 0.131 60.365 20.133
61.525 4.357 0.090 60.570 20.004
62.681 5.065 0.133 64.055 19.905
63.094 5.350 0.148 64.938 19.878
63.568 4.538 0.132 66.095 19.766
108.024 6.590 0.437 89.015 19.505
166.444 5.987 0.069 155.235 19.997
176.564 5.506 0.179 -18.972 19.099
62.443 5.090 0.127 64.919 19.479
62.802 4.471 0.121 65.895 19.411
80.087 4.415 0.100 67.993 19.106
78.362 4.292 0.102 68.770 18.695
110.540 5.635 0.261 86.815 18.654
108.290 6.550 0.372 88.129 18.820
108.085 6.609 0.418 88.750 19.290
30.732 5.786 0.147 119.210 19.021
170.172 6.077 0.045 156.216 18.961
151.252 4.685 0.108 -20.992 17.510
157.117 4.848 0.120 -20.042 17.518
170.701 5.299 0.155 -19.078 17.977
59.822 5.430 0.142 64.924 17.876
70.141 4.672 0.103 68.202 18.038
71.711 4.769 0.114 68.758 18.112
108.961 6.183 0.296 87.019 17.928
107.400 6.423 0.341 88.014 17.923
107.079 6.409 0.352 88.615 18.063
28.545 4.934 0.110 116.297 17.997
171.333 5.947 0.036 156.004 18.025
132.751 4.321 0.077 -23.606 16.804
151.670 4.834 0.110 -20.950 17.203
157.528 4.816 0.105 -20.185 16.630
173.580 5.477 0.163 -18.571 17.220
177.946 5.540 0.186 -18.177 17.212
58.727 5.661 0.143 64.812 17.242
58.825 4.984 0.110 66.640 17.143
67.351 4.548 0.096 68.815 17.406
124.993 6.216 0.257 84.018 16.606
108.435 5.805 0.233 86.500 16.797
107.011 6.133 0.285 87.088 16.991
106.662 6.340 0.311 87.830 17.228
105.804 6.213 0.295 88.949 17.225
29.460 4.547 0.115 115.555 16.610
0.941 2.604 0.055 -105.655 16.074
0.223 2.692 0.055 -105.260 16.109
131.680 4.701 0.082 -23.795 15.962
161.185 5.010 0.113 -19.755 16.308
169.067 5.196 0.136 -19.023 16.038
176.887 5.561 0.179 -18.317 16.395
1.869 1.792 0.028 41.675 15.981
15.312 3.394 0.087 53.957 16.272
124.977 6.193 0.251 83.093 15.578
123.896 6.460 0.273 84.100 16.101
119.606 6.370 0.270 84.685 16.327
107.631 5.958 0.231 86.381 15.729
108.269 6.062 0.251 86.761 16.237
24.250 4.890 0.107 115.705 16.300
194.404 5.630 0.097 -66.560 14.872
193.929 5.708 0.104 -66.460 14.660
128.335 4.156 0.080 -23.988 15.105
58.639 4.843 0.089 67.875 15.238
125.553 6.204 0.245 81.450 14.621
125.256 6.110 0.229 81.535 14.566
123.567 6.045 0.224 83.123 15.019
120.171 5.902 0.207 83.950 14.683
156.449 5.985 0.063 150.020 14.832
157.323 6.030 0.060 150.955 15.128
187.478 5.932 0.096 -67.692 14.015
192.582 5.928 0.120 -66.665 14.015
193.375 5.758 0.108 -66.345 14.415
124.869 4.901 0.070 -24.242 13.976
124.216 5.842 0.204 81.290 13.970
122.505 5.837 0.194 82.051 13.879
120.530 5.824 0.199 82.906 13.766
119.580 5.838 0.194 83.830 14.138
158.788 5.825 0.105 -19.635 12.639
178.649 5.767 0.117 -18.964 12.915
187.104 5.583 0.130 -18.440 13.132
122.638 5.539 0.187 81.305 13.074
120.269 5.816 0.202 81.837 12.973
117.154 5.753 0.207 83.035 12.869
116.057 5.812 0.184 83.535 12.909
155.075 5.964 0.109 -19.797 12.147
150.431 6.016 0.115 -19.440 11.581
54.721 4.431 0.066 69.375 12.014
55.233 4.370 0.062 69.850 12.177
122.065 5.570 0.167 81.229 12.078
120.934 5.839 0.208 82.070 12.127
114.989 5.783 0.196 82.820 12.038
23.925 3.059 0.102 -87.960 10.773
152.711 5.889 0.125 -19.000 10.888
120.734 5.861 0.174 81.351 11.136
120.334 5.976 0.181 81.681 11.228
0.352 2.840 0.016 -104.120 10.003
22.633 3.370 0.067 -87.540 9.604
22.751 3.249 0.058 -87.089 9.817
21.168 3.456 0.045 -86.500 9.502
100.120 7.244 0.274 -55.645 9.806
99.214 6.620 0.209 -55.365 9.718
85.204 6.179 0.124 -53.380 9.651
80.912 5.939 0.161 -52.200 9.626
153.389 5.861 0.142 -18.635 10.313
0.999 2.941 0.028 -104.806 9.086
0.237 2.938 0.012 -104.156 9.028
19.880 3.440 0.039 -86.185 9.265
105.763 6.577 0.254 -55.648 8.821
91.424 5.765 0.108 -52.580 8.792
85.867 5.947 0.157 -52.380 9.231
57.556 4.486 0.119 71.820 8.559
0.194 2.768 0.027 -103.987 8.467
105.325 6.412 0.258 -55.535 8.494
55.591 4.426 0.082 71.365 8.360
55.959 4.469 0.099 71.590 8.459
14.099 3.048 0.010 -84.535 6.931
13.638 3.109 0.024 -84.375 6.770
92.978 6.124 0.229 -50.775 6.814
90.050 6.380 0.223 -49.611 6.569
116.487 5.353 0.117 -13.670 6.766
116.000 5.445 0.151 -12.875 6.561
94.796 5.744 0.225 -51.080 6.420
89.787 6.426 0.217 -49.520 6.472
89.339 6.255 0.222 -49.045 5.931
87.146 6.155 0.229 -48.234 5.644
80.228 5.503 0.105 -46.235 5.681
115.163 5.452 0.143 -12.940 6.480
117.358 5.582 0.157 -12.120 5.710
119.507 5.653 0.197 -11.475 5.509
147.099 6.341 0.139 50.895 5.661
100.232 6.150 0.258 -48.660 5.251
99.275 6.194 0.266 -47.922 4.889
87.328 5.947 0.228 -47.125 4.899
79.911 5.613 0.130 -46.197 5.148
84.593 5.314 0.153 -45.425 4.509
115.382 5.537 0.149 -11.745 5.127
116.777 5.582 0.178 -11.014 4.929
116.867 5.502 0.187 -10.347 4.635
104.179 6.327 0.212 0.122 4.802
105.856 6.398 0.192 1.360 4.524
105.941 6.251 0.178 1.710 4.529
107.023 6.195 0.210 2.940 4.646
111.500 6.319 0.320 3.816 4.865
103.987 6.022 0.342 -47.846 4.325
96.731 6.014 0.264 -46.875 4.229
90.185 5.820 0.185 -45.997 4.071
84.155 5.645 0.142 -45.201 3.702
112.173 5.521 0.143 -10.972 4.316
117.296 5.557 0.200 -10.115 4.481
102.103 5.080 0.100 -8.517 3.562
101.553 5.209 0.116 -7.964 3.649
106.043 5.555 0.178 -2.874 3.778
104.159 5.063 0.246 -2.380 4.001
93.301 5.969 0.129 -0.932 4.160
98.418 5.855 0.162 -0.133 4.277
103.830 6.211 0.174 1.014 4.375
102.014 6.199 0.189 2.132 4.127
103.028 6.005 0.173 2.732 3.910
102.807 6.169 0.261 3.951 4.028
64.008 5.715 0.112 92.875 3.598
1.472 2.546 0.062 -94.535 2.709
1.424 2.513 0.057 -94.345 2.689
103.447 6.118 0.423 -47.705 3.386
98.237 6.246 0.318 -46.895 2.802
89.405 5.769 0.173 -45.897 3.046
83.148 5.522 0.131 -45.092 2.947
80.287 5.407 0.109 -44.478 2.791
74.779 5.359 0.101 -43.255 2.631
99.058 5.069 0.096 -8.539 3.482
87.644 5.972 0.109 -3.800 3.088
100.587 6.450 0.141 -3.270 3.429
90.912 5.878 0.127 2.471 3.308
92.613 5.847 0.127 2.802 3.268
98.028 6.161 0.208 3.952 3.286
98.777 5.800 0.203 4.762 3.024
101.697 5.468 0.194 5.655 2.687
108.902 5.029 0.178 7.215 2.618
112.788 5.118 0.259 8.258 2.881
113.606 5.231 0.268 8.677 2.654
68.620 5.928 0.120 93.230 3.223
56.892 6.151 0.137 93.705 2.722
1.057 2.450 0.068 -91.655 2.291
1.384 2.475 0.069 -91.445 2.254
10.714 3.518 0.059 -80.100 2.007
104.301 6.401 0.303 -46.758 2.356
102.172 6.078 0.241 -46.078 2.006
84.289 5.628 0.130 -44.937 2.142
80.369 5.416 0.107 -43.903 1.980
75.847 5.325 0.099 -43.365 2.145
101.196 5.483 0.159 5.420 2.409
103.238 5.168 0.137 5.797 2.029
105.857 4.837 0.142 6.703 2.093
112.126 4.912 0.222 8.415 2.230
114.786 4.835 0.217 8.817 2.241
154.935 6.548 0.157 49.405 1.934
55.927 6.334 0.157 94.209 2.151
7.128 3.429 0.060 -83.709 1.114
101.029 6.074 0.249 -45.765 1.411
88.786 5.571 0.134 -44.801 1.321
85.573 5.402 0.112 -43.974 1.256
80.706 5.328 0.111 -43.306 1.259
100.906 5.042 0.119 5.550 1.497
149.749 7.248 0.235 47.020 0.833
106.585 5.600 0.161 -42.600 -0.346
101.515 5.701 0.141 -42.285 0.026
96.349 5.649 0.138 -41.318 -0.201
90.024 5.262 0.113 -40.420 -0.335
77.639 5.040 0.082 -38.260 -0.411
157.324 6.406 0.245 44.120 -0.388
157.676 6.089 0.203 44.720 0.099
19.301 3.113 0.151 -81.880 -1.394
104.651 5.849 0.213 -41.920 -1.166
95.649 5.412 0.153 -40.900 -1.067
79.181 5.390 0.099 -38.565 -0.830
78.425 5.161 0.088 -38.415 -0.624
155.774 6.150 0.206 44.150 -0.974
155.058 6.072 0.160 44.939 -1.018
153.932 5.772 0.116 45.500 -1.356
109.531 5.967 0.287 -42.215 -1.705
99.643 5.452 0.185 -41.205 -1.533
156.521 6.122 0.206 43.146 -2.256
154.309 6.079 0.181 44.020 -1.506
146.414 5.918 0.138 44.831 -2.325
61.000 4.340 0.063 56.925 -2.141
32.275 3.733 0.038 -81.750 -2.619
108.363 5.355 0.145 -35.915 -2.897
106.543 5.088 0.111 -35.272 -3.320
102.212 5.503 0.125 -34.400 -3.282
118.945 5.593 0.114 8.082 -3.481
154.518 5.930 0.188 42.851 -3.146
154.399 5.900 0.158 43.856 -3.280
144.420 5.929 0.135 44.925 -2.541
62.904 4.382 0.075 56.325 -3.093
62.242 4.378 0.076 56.730 -2.984
1.187 3.219 0.012 -105.882 -4.280
1.889 3.181 0.012 -102.962 -4.136
1.529 2.567 0.032 -11.820 -4.493
117.925 5.743 0.132 8.285 -3.928
118.312 5.816 0.144 8.540 -4.148
143.890 5.597 0.157 42.250 -4.449
151.632 5.880 0.190 42.580 -3.581
144.992 5.944 0.146 44.035 -3.601
62.017 4.295 0.083 56.480 -3.580
61.847 4.337 0.082 56.520 -3.517
72.829 6.002 0.086 79.820 -3.510
0.619 3.125 0.009 -105.999 -4.829
112.646 5.127 0.108 -34.595 -4.507
3.204 2.721 0.016 -12.550 -4.852
0.475 2.423 0.030 -11.955 -4.934
117.849 5.913 0.173 9.075 -4.738
134.409 5.215 0.136 42.248 -5.339
139.311 5.933 0.151 43.119 -4.828
138.678 5.794 0.131 43.643 -4.831
47.345 4.185 0.055 -138.140 -6.402
119.154 5.556 0.148 -34.530 -5.633
118.167 5.450 0.120 -34.323 -5.598
2.050 2.309 0.030 -11.626 -5.526
114.101 6.162 0.191 9.134 -6.270
129.769 5.263 0.141 42.198 -6.000
67.444 5.836 0.079 79.910 -5.500
47.005 4.150 0.056 -137.560 -7.211
46.940 4.180 0.056 -137.450 -7.365
116.575 5.565 0.123 -33.750 -7.066
112.222 5.564 0.095 -33.089 -6.915
106.343 5.746 0.092 -32.204 -7.133
114.815 6.146 0.171 9.257 -6.969
117.735 6.114 0.184 10.038 -7.113
129.305 5.486 0.170 42.149 -6.657
121.307 5.545 0.117 43.310 -7.382
72.483 6.248 0.095 101.405 -7.404
71.526 6.343 0.117 101.740 -7.086
47.907 3.966 0.011 -138.250 -8.341
46.743 4.167 0.056 -137.120 -7.826
112.205 5.858 0.098 -32.853 -7.721
109.477 6.126 0.097 -32.165 -8.189
7.406 3.307 0.018 -14.685 -8.151
3.842 2.875 0.006 -14.175 -7.814
3.283 2.127 0.023 -13.163 -8.287
113.993 5.977 0.120 9.200 -7.646
117.187 5.848 0.139 10.293 -8.054
117.393 5.712 0.134 10.510 -8.296
124.473 5.676 0.140 42.970 -8.249
94.344 6.431 0.063 103.755 -8.316
49.115 4.213 0.021 -138.670 -8.698
48.517 4.086 0.002 -138.470 -8.528
29.063 4.322 0.075 -81.635 -8.688
29.380 4.788 0.055 -81.435 -8.607
114.065 5.484 0.094 -33.692 -9.315
109.129 5.791 0.092 -32.676 -9.094
107.426 5.979 0.093 -32.190 -8.864
3.304 2.464 0.009 -13.515 -8.758
1.140 2.215 0.013 -13.137 -8.746
117.601 5.480 0.112 10.448 -8.977
118.044 5.474 0.112 10.537 -8.951
131.051 4.914 0.143 42.058 -9.247
94.317 6.378 0.069 103.560 -8.583
55.004 4.125 0.010 -140.650 -10.378
53.804 4.388 0.026 -140.245 -10.034
112.170 5.516 0.130 -35.046 -10.435
105.837 5.581 0.095 -34.115 -10.421
109.434 5.632 0.089 -33.335 -9.564
117.422 5.253 0.096 10.500 -9.500
117.655 4.852 0.092 10.744 -9.945
130.053 4.810 0.147 42.068 -9.726
106.006 5.913 0.042 106.030 -9.753
1.993 3.392 0.068 153.025 -10.078
0.894 3.204 0.056 153.852 -10.126
55.505 4.012 0.024 -140.820 -10.522
112.987 5.665 0.166 -35.690 -11.286
109.545 5.454 0.123 -35.055 -10.850
105.969 5.451 0.093 -34.359 -10.844
116.706 4.581 0.092 11.324 -11.259
116.898 4.603 0.098 11.570 -11.470
134.720 4.762 0.136 42.673 -11.082
147.489 5.528 0.060 118.889 -11.423
65.144 4.795 0.056 -142.955 -12.299
61.278 4.608 0.062 -142.123 -11.609
39.799 4.891 0.023 -79.715 -11.911
116.556 5.176 0.137 -36.694 -12.193
113.623 5.493 0.127 -36.052 -12.013
109.980 5.455 0.099 -35.490 -12.212
116.132 4.594 0.089 11.369 -11.523
117.236 4.743 0.110 11.690 -11.520
137.606 4.853 0.153 42.356 -11.856
137.136 4.672 0.149 42.555 -11.677
68.191 4.134 0.089 50.033 -12.189
135.102 5.711 0.034 115.975 -11.788
148.657 5.540 0.064 118.873 -11.686
115.654 5.157 0.130 -37.541 -13.239
114.543 5.357 0.129 -37.158 -13.024
111.647 5.506 0.108 -36.151 -12.630
116.510 4.674 0.115 11.336 -12.616
117.716 4.629 0.135 11.636 -12.770
143.792 5.010 0.161 41.892 -12.898
141.640 5.558 0.156 42.635 -12.739
144.540 5.611 0.152 44.252 -13.218
145.937 5.711 0.156 44.565 -13.386
154.311 5.313 0.133 46.093 -12.699
155.972 5.460 0.148 46.670 -13.204
156.362 5.742 0.086 119.139 -13.245
58.322 4.716 0.063 -145.805 -13.958
57.319 4.622 0.062 -145.420 -13.774
41.815 4.854 0.032 -78.165 -13.832
117.772 5.280 0.135 -37.885 -14.192
114.400 5.428 0.120 -37.185 -13.664
114.385 4.795 0.111 11.078 -14.041
146.349 5.491 0.147 43.136 -13.538
147.544 5.722 0.156 44.177 -13.646
154.852 5.746 0.160 45.074 -13.883
156.542 5.881 0.176 45.733 -13.841
130.031 6.002 0.095 111.984 -13.906
67.354 4.340 0.059 -149.250 -15.452
44.405 4.610 0.143 -77.072 -15.379
116.720 5.533 0.140 -37.725 -15.311
114.147 5.530 0.130 -37.255 -15.249
116.684 5.197 0.162 11.131 -14.755
118.682 5.125 0.172 11.500 -14.648
153.838 5.767 0.164 44.285 -14.529
130.209 6.027 0.095 111.365 -15.361
134.964 6.033 0.098 111.770 -15.350
154.708 6.006 0.083 113.080 -15.345
152.012 6.204 0.077 114.819 -15.457
153.702 6.468 0.098 118.485 -14.751
155.576 6.356 0.099 118.560 -14.794
69.269 4.332 0.059 -149.550 -16.073
2.323 2.978 0.024 -114.535 -16.024
1.514 2.908 0.023 -114.000 -15.947
0.023 2.878 0.019 -112.974 -15.801
1.172 3.040 0.019 -112.000 -15.661
1.795 3.134 0.021 -111.485 -15.588
44.507 4.569 0.165 -76.794 -15.714
44.782 4.484 0.118 -76.355 -16.047
114.482 5.551 0.148 10.440 -16.266
116.059 5.369 0.162 10.758 -15.961
126.193 6.041 0.076 110.370 -16.192
127.051 5.949 0.069 110.565 -16.317
139.139 5.907 0.135 112.077 -16.075
152.896 6.113 0.073 114.892 -15.631
155.700 6.274 0.075 117.464 -15.939
156.347 6.275 0.076 117.649 -16.012
2.202 2.896 0.030 -114.725 -17.473
1.250 2.758 0.030 -114.065 -17.391
0.501 2.839 0.026 -112.775 -17.231
1.084 2.887 0.027 -112.325 -17.175
115.668 5.556 0.161 10.216 -16.844
118.129 5.507 0.184 10.629 -16.824
158.682 5.395 0.251 40.125 -17.180
157.873 5.362 0.214 41.003 -16.980
52.085 4.734 0.008 86.190 -17.025
42.613 5.090 0.016 89.485 -17.025
44.868 4.878 0.015 90.000 -17.025
53.183 4.841 0.024 90.795 -17.025
124.108 5.883 0.077 109.215 -17.424
125.722 5.966 0.084 109.887 -17.333
130.786 5.919 0.103 111.071 -17.000
135.905 5.782 0.123 111.818 -16.933
3.303 3.016 0.030 -115.505 -17.569
2.886 2.878 0.028 -115.220 -17.534
110.245 5.353 0.132 9.210 -17.949
113.803 5.472 0.127 9.954 -18.121
158.680 5.962 0.288 38.470 -18.095
158.122 6.056 0.288 38.590 -18.336
157.216 5.916 0.259 39.790 -18.077
156.246 5.228 0.215 40.645 -18.187
124.718 5.818 0.073 109.344 -17.806
126.857 5.747 0.094 109.978 -17.955
130.433 5.680 0.126 110.930 -17.822
135.831 5.848 0.120 112.015 -17.645
112.423 5.012 0.117 -37.310 -18.885
114.199 5.129 0.119 10.210 -18.615
156.611 6.019 0.261 38.915 -18.990
154.880 5.919 0.246 40.070 -19.004
123.748 5.819 0.074 108.470 -18.972
124.727 5.799 0.088 108.973 -18.893
126.433 5.763 0.120 109.605 -18.784
89.135 5.502 0.032 5.115 -20.265
152.207 5.484 0.217 40.410 -19.698
149.708 5.229 0.205 40.655 -20.198
124.137 5.774 0.090 108.375 -19.622
125.201 5.545 0.104 108.900 -19.723
127.938 5.647 0.082 109.760 -20.193
118.023 5.144 0.108 -38.326 -21.372
64.990 4.211 0.012 54.410 -20.573
122.480 5.623 0.066 106.485 -20.987
122.702 5.620 0.074 106.725 -21.244
127.999 5.810 0.092 111.026 -21.341
0.424 2.448 0.023 -176.749 -22.268
1.036 2.381 0.031 -176.435 -22.168
117.092 4.973 0.111 -38.253 -21.941
105.295 5.108 0.073 8.405 -21.712
107.263 5.052 0.063 8.755 -21.866
154.523 5.283 0.155 37.328 -21.712
65.299 3.955 0.050 56.150 -22.052
127.804 5.995 0.089 110.411 -22.459
127.284 5.877 0.087 110.989 -21.993
128.113 5.872 0.089 111.740 -21.973
0.932 2.448 0.021 -176.510 -22.503
1.003 2.357 0.026 -176.480 -22.514
50.920 4.662 0.024 -71.580 -23.419
117.080 5.143 0.122 -38.039 -23.117
114.489 5.122 0.105 -37.350 -22.913
148.706 4.810 0.146 37.048 -23.126
148.604 4.854 0.121 37.796 -22.967
127.700 5.953 0.087 110.295 -22.704
127.497 5.938 0.092 110.932 -22.777
118.240 5.186 0.126 -38.811 -24.204
115.460 5.265 0.128 -37.849 -23.716
121.254 5.660 0.132 11.415 -24.148
123.389 5.401 0.145 11.715 -23.858
145.608 4.625 0.138 37.147 -23.754
144.647 4.682 0.131 37.575 -23.866
122.871 5.578 0.070 106.430 -23.726
122.818 5.518 0.068 106.515 -23.748
115.175 5.206 0.119 -38.727 -25.005
113.867 5.455 0.123 -38.329 -24.779
48.782 4.970 0.059 -2.140 -25.010
120.139 5.669 0.105 11.385 -25.039
122.056 5.501 0.115 11.705 -24.832
121.757 5.581 0.061 106.700 -24.684
59.000 5.049 0.113 165.340 -24.983
59.000 5.099 0.117 165.780 -24.700
89.702 5.168 0.055 -173.870 -26.398
117.086 5.768 0.161 -39.515 -25.598
114.979 5.476 0.116 -39.133 -25.756
59.000 4.912 0.114 166.130 -26.425
59.000 4.885 0.116 166.535 -26.379
93.175 5.375 0.058 -173.975 -26.755
38.876 4.278 0.059 -139.985 -27.113
3.540 2.911 0.047 65.950 -27.332
102.292 5.598 0.062 -174.430 -28.300
57.841 4.375 0.056 -145.220 -28.256
114.704 5.737 0.230 -46.280 -28.447
72.244 4.728 0.062 -29.937 -28.120
0.994 3.006 0.035 65.465 -27.593
1.806 3.509 0.046 65.995 -27.654
3.281 2.984 0.054 66.575 -27.541
103.285 5.592 0.058 -174.540 -28.674
102.880 5.625 0.060 -174.495 -28.521
59.678 4.093 0.055 -145.475 -28.779
43.679 4.309 0.067 -140.575 -29.457
41.958 4.183 0.074 -140.400 -29.154
118.134 5.658 0.310 -46.745 -29.357
116.120 5.753 0.234 -46.017 -29.001
115.955 5.767 0.165 -45.430 -29.382
105.060 5.142 0.114 -40.771 -29.006
120.434 4.699 0.137 12.395 -28.920
123.630 4.855 0.136 13.067 -29.193
125.949 5.424 0.068 112.435 -29.292
64.965 5.657 0.116 156.460 -29.290
64.666 5.393 0.114 156.894 -29.114
46.563 4.395 0.066 -140.845 -29.923
117.304 5.715 0.257 -46.084 -29.749
115.513 5.579 0.174 -45.251 -30.201
123.921 4.916 0.145 13.242 -29.668
125.151 4.910 0.155 13.644 -30.228
71.985 5.029 0.097 48.210 -30.285
69.345 5.203 0.087 48.990 -30.492
125.956 5.471 0.078 113.430 -30.382
62.584 5.497 0.086 154.421 -29.666
56.617 5.415 0.086 154.879 -29.666
48.982 4.421 0.062 -141.218 -30.568
39.096 4.314 0.004 -73.190 -31.000
117.760 5.655 0.158 -46.520 -31.218
117.499 5.508 0.143 -46.435 -31.266
113.573 5.736 0.187 -44.580 -30.554
112.118 5.536 0.172 -44.000 -30.860
109.366 5.692 0.153 -43.156 -31.292
69.256 5.134 0.077 49.060 -30.510
127.996 5.266 0.073 113.735 -31.039
36.868 4.325 0.030 -74.221 -32.344
38.260 4.140 0.019 -73.255 -32.085
122.583 6.315 0.256 -48.550 -32.185
120.439 6.150 0.223 -47.997 -31.981
117.785 5.998 0.177 -47.035 -32.157
115.119 5.862 0.147 -45.994 -32.154
107.781 5.352 0.119 -42.620 -31.554
105.196 5.299 0.112 -41.880 -31.914
102.456 5.438 0.105 -41.175 -32.258
124.173 4.976 0.145 14.730 -32.239
7.817 2.637 0.046 57.278 -32.461
21.185 4.542 0.075 169.174 -31.847
36.708 4.092 0.038 -74.014 -32.882
37.561 4.198 0.033 -73.323 -32.903
121.563 6.410 0.271 -48.905 -33.254
119.097 6.294 0.210 -47.901 -32.825
115.808 6.060 0.170 -46.925 -33.065
114.312 5.996 0.149 -46.034 -32.720
110.482 5.932 0.134 -45.162 -33.160
90.129 5.132 0.078 -37.150 -32.910
3.989 2.977 0.047 57.076 -32.744
13.738 3.148 0.049 57.700 -32.736
124.981 5.393 0.091 111.332 -32.759
35.334 3.925 0.043 -74.255 -34.181
123.688 6.523 0.284 -49.830 -34.039
120.650 6.356 0.215 -49.275 -34.368
117.184 6.238 0.174 -47.880 -33.892
114.478 6.216 0.141 -47.058 -34.051
111.181 6.137 0.119 -46.287 -34.428
105.145 5.790 0.113 -43.885 -33.813
101.770 5.708 0.102 -42.979 -34.272
125.129 6.475 0.249 -50.794 -35.127
122.190 6.368 0.188 -50.140 -35.271
119.412 6.263 0.178 -48.985 -34.540
116.827 6.388 0.145 -48.190 -34.571
109.053 6.125 0.108 -45.805 -34.635
107.028 6.018 0.101 -45.275 -34.863
99.083 5.950 0.103 -42.515 -34.508
97.568 5.790 0.097 -42.300 -34.617
72.262 5.610 0.080 158.450 -35.366
77.536 5.633 0.082 159.115 -34.947
82.374 5.510 0.083 159.635 -35.484
126.135 6.178 0.210 -51.575 -36.142
123.572 6.405 0.197 -50.927 -36.055
120.994 6.316 0.161 -50.174 -35.875
117.086 6.288 0.126 -48.992 -36.000
114.469 6.290 0.113 -48.340 -36.402
99.643 5.172 0.092 23.815 -36.441
104.024 5.694 0.114 25.180 -36.005
97.556 5.751 0.071 110.037 -35.727
81.924 6.006 0.079 129.183 -36.281
70.571 5.351 0.083 158.125 -35.571
80.397 5.488 0.087 159.480 -35.538
79.621 5.576 0.079 159.767 -35.940
29.659 4.310 0.023 -76.920 -37.467
124.631 6.495 0.186 -51.784 -37.051
122.753 6.455 0.166 -51.177 -36.861
119.729 6.456 0.143 -50.395 -36.986
112.419 6.107 0.099 -47.835 -36.708
110.201 6.165 0.097 -47.286 -37.040
99.530 5.353 0.068 24.030 -36.812
103.799 5.711 0.155 25.405 -36.858
103.258 5.498 0.212 25.537 -37.357
72.652 5.748 0.067 123.723 -36.937
72.702 6.020 0.073 129.405 -36.609
62.454 6.074 0.074 129.618 -36.923
70.486 6.220 0.090 135.560 -37.201
75.329 5.516 0.078 159.295 -36.705
76.354 5.352 0.074 160.490 -37.494
82.120 5.475 0.076 160.935 -37.258
29.894 4.380 0.031 -76.635 -37.528
30.421 4.371 0.029 -76.000 -37.664
30.960 4.536 0.039 -75.345 -37.805
127.637 6.393 0.161 -52.760 -37.999
124.243 6.365 0.162 -52.021 -37.597
102.334 5.857 0.234 25.707 -38.000
1.573 2.570 0.046 50.320 -37.693
1.095 2.387 0.026 50.575 -37.664
46.772 5.710 0.080 137.150 -37.818
74.003 5.340 0.072 160.290 -37.600
73.446 5.380 0.078 161.170 -38.338
78.159 5.396 0.079 161.820 -38.009
101.096 5.691 0.254 25.971 -39.001
44.637 5.568 0.070 139.292 -39.273
78.591 5.749 0.107 150.213 -39.215
75.812 5.781 0.100 150.874 -39.225
71.958 5.286 0.073 160.840 -38.505
124.580 6.194 0.108 -53.570 -39.835
122.985 6.325 0.108 -53.123 -39.806
101.180 5.477 0.260 26.159 -39.708
41.932 5.557 0.071 139.274 -39.616
78.276 5.431 0.101 150.024 -40.158
123.497 6.466 0.115 -54.784 -41.103
124.347 6.437 0.121 -54.368 -41.135
27.504 4.833 0.054 128.339 -41.077
27.990 4.979 0.061 129.982 -41.297
27.885 5.074 0.057 131.068 -41.443
41.947 5.712 0.078 141.040 -40.894
78.591 5.533 0.103 150.125 -41.173
77.256 5.537 0.093 150.630 -41.434
114.496 6.576 0.105 -55.940 -42.279
120.925 6.576 0.141 -55.215 -41.650
27.672 4.860 0.054 132.175 -41.592
27.480 4.827 0.055 132.964 -41.698
81.652 5.528 0.102 150.025 -41.688
76.896 5.414 0.086 150.770 -41.506
9.756 3.361 0.033 -77.960 -43.115
11.642 3.469 0.038 -77.000 -43.005
12.683 3.636 0.056 -76.370 -42.933
123.820 6.607 0.138 -55.035 -42.956
106.956 6.459 0.137 -56.830 -43.742
112.055 6.308 0.100 -56.445 -43.500
0.608 2.536 0.050 -77.795 -44.894
2.527 2.881 0.044 -77.000 -44.733
4.016 3.148 0.053 -76.390 -44.610
99.766 6.267 0.210 -57.785 -46.438
101.848 6.158 0.194 -57.751 -46.786
113.276 6.080 0.160 -57.105 -46.971
124.806 6.382 0.119 -56.085 -46.996
0.253 2.720 0.017 100.390 -47.409
0.298 2.666 0.015 100.540 -47.483
11.511 3.743 0.068 -77.520 -47.598
11.045 3.825 0.065 -77.190 -47.564
120.667 5.868 0.175 -57.100 -47.523
0.401 2.807 0.017 101.072 -47.682
0.197 2.815 0.011 101.846 -47.863
1.586 3.371 0.052 127.000 -48.236
4.225 4.011 0.037 127.585 -48.309
0.112 3.014 0.026 109.225 -49.448
0.152 3.916 0.038 126.955 -48.763
62.859 4.661 0.072 151.965 -49.328
0.097 3.128 0.021 109.445 -49.516
0.089 3.078 0.031 109.865 -49.645
0.003 3.955 0.043 114.445 -49.845
0.131 3.896 0.041 114.975 -49.960
0.773 3.267 0.004 133.170 -50.045
0.790 3.241 0.004 133.650 -50.077
57.236 4.664 0.076 151.243 -50.123
62.048 4.712 0.071 151.745 -49.571
43.446 4.260 0.068 151.216 -51.786
36.057 3.986 0.061 151.840 -52.752
29.981 4.267 0.063 153.826 -53.957
26.841 3.825 0.057 153.918 -55.012
13.059 4.211 0.092 -57.845 -56.232
11.118 3.726 0.098 -57.280 -56.354
24.745 3.776 0.060 153.980 -55.725
11.035 4.003 0.127 -56.005 -56.631
26.665 4.221 0.081 -54.740 -59.902
109.602 6.292 0.138 92.715 -60.460
108.644 5.790 0.075 40.022 -61.466
115.079 5.589 0.111 89.400 -61.257
115.260 5.555 0.114 89.780 -61.320
115.514 5.726 0.111 91.166 -60.819
116.741 5.880 0.124 92.230 -61.299
116.258 5.907 0.125 92.732 -61.033
50.925 5.773 0.102 100.751 -61.073
43.824 5.502 0.099 117.470 -61.276
43.683 5.812 0.102 132.537 -61.094
12.098 3.777 0.059 -64.068 -61.883
122.389 5.602 0.096 61.660 -62.418
121.843 5.507 0.097 63.709 -62.330
121.649 5.710 0.105 65.585 -62.310
122.350 5.638 0.103 67.215 -62.261
122.380 5.519 0.104 68.710 -62.279
121.745 5.544 0.116 70.505 -62.060
123.102 5.842 0.141 72.111 -62.483
117.614 5.555 0.118 90.440 -61.917
117.299 5.710 0.120 91.030 -61.707
117.843 5.845 0.124 92.000 -61.687
118.635 5.823 0.124 92.880 -61.755
120.937 5.833 0.145 93.835 -62.297
120.749 5.747 0.133 97.338 -62.398
85.981 5.935 0.115 100.698 -61.871
53.454 5.127 0.085 140.060 -61.675
18.779 3.796 0.063 151.090 -62.269
13.328 3.844 0.079 -66.390 -63.486
117.683 6.458 0.111 28.464 -62.934
125.380 5.528 0.088 60.375 -63.486
124.181 5.625 0.100 62.055 -63.001
124.137 5.594 0.107 63.741 -63.007
124.193 5.700 0.110 65.535 -63.000
124.434 5.682 0.111 67.260 -63.004
124.378 5.658 0.120 68.725 -63.003
124.328 5.622 0.123 70.534 -62.992
124.400 5.763 0.134 72.139 -63.017
125.373 5.750 0.136 73.942 -63.434
124.783 5.545 0.131 75.768 -63.108
121.106 5.674 0.131 91.230 -62.861
122.251 5.640 0.139 91.530 -63.220
127.230 5.661 0.133 97.346 -62.554
76.014 5.272 0.068 -97.987 -64.092
19.933 4.142 0.086 -70.090 -64.415
13.268 3.807 0.078 -66.320 -63.524
16.192 4.808 0.075 -46.418 -63.920
125.401 5.590 0.091 60.425 -63.530
127.907 5.671 0.094 60.565 -63.654
125.518 5.765 0.121 62.450 -63.584
127.275 5.787 0.131 62.515 -63.680
125.496 5.779 0.121 63.769 -63.589
125.633 5.767 0.130 65.487 -63.676
127.562 5.685 0.130 67.303 -63.738
126.903 5.503 0.138 68.741 -63.703
125.809 5.556 0.135 70.553 -63.613
128.113 5.661 0.139 72.175 -63.725
126.202 5.536 0.129 75.735 -63.580
18.169 4.314 0.085 153.870 -64.330
77.611 5.370 0.067 -97.982 -64.857
25.094 4.242 0.070 -73.985 -65.100
24.219 4.285 0.073 -73.193 -64.985
21.901 4.282 0.079 -72.000 -65.166
19.978 4.306 0.089 -71.180 -65.408
126.515 5.912 0.119 25.500 -64.910
24.178 4.082 0.075 153.590 -64.546
60.411 4.818 0.063 -129.375 -66.399
21.023 4.531 0.095 -72.825 -66.281
20.033 4.139 0.093 -72.099 -65.947
18.954 4.297 0.094 -70.815 -65.515
132.913 6.127 0.166 25.580 -66.350
122.500 5.288 0.072 -4.955 -67.070
139.118 5.415 0.106 6.015 -67.011
142.187 5.149 0.078 6.035 -67.638
128.046 6.028 0.151 -40.965 -69.084
125.881 6.162 0.136 -40.475 -68.785
14.757 3.405 0.060 42.080 86.550
10.281 3.842 0.067 48.750 86.730
16.562 4.236 0.057 63.640 86.930
1.780 4.179 0.073 15.290 85.500
0.464 3.885 0.083 20.000 85.790
0.322 3.717 0.079 23.330 85.930
10.619 3.311 0.069 35.000 86.130
3.748 3.703 0.070 37.860 86.325
0.266 3.107 0.090 9.170 84.980
2.250 3.279 0.073 -3.410 83.570
1.176 3.322 0.049 1.370 84.260
19.904 3.178 0.082 2.194 78.694
8.630 3.398 0.119 3.893 78.860
3.333 2.031 0.083 6.355 76.658
6.058 2.015 0.096 8.660 76.915
51.448 4.118 0.086 -6.815 75.521
50.937 4.678 0.316 -75.790 74.660
51.226 4.061 0.090 -8.691 75.158
51.346 4.126 0.086 -7.210 75.447
34.024 3.788 0.249 14.515 75.405
47.394 5.230 0.359 -74.535 74.306
49.372 4.394 0.215 -68.710 74.227
49.500 3.810 0.104 -12.670 73.922
50.129 3.834 0.089 -11.725 74.303
141.387 7.684 0.436 -132.600 73.078
142.371 7.730 0.463 -131.763 73.040
53.063 4.092 0.167 -64.880 73.324
48.550 3.546 0.098 -14.404 73.201
1.982 1.970 0.035 3.488 72.529
141.195 7.488 0.381 -143.235 71.719
136.888 7.706 0.532 -134.130 71.898
39.906 2.908 0.100 -14.955 72.223
3.002 2.142 0.078 2.297 72.270
10.558 2.414 0.075 3.572 72.007
52.511 4.128 0.157 -61.375 70.962
10.240 2.808 0.096 -17.645 70.686
10.040 2.598 0.091 -17.310 71.000
21.434 3.259 0.094 4.330 71.363
43.239 4.235 0.150 -61.715 70.342
14.689 2.823 0.167 -19.370 70.080
3.216 1.979 0.060 -16.245 70.085
42.206 4.030 0.098 7.046 70.241
45.388 4.014 0.108 8.025 70.059
42.195 3.931 0.018 3.815 69.683
48.788 3.675 0.010 3.460 68.800
46.054 3.989 0.019 3.620 69.198
30.021 4.865 0.047 -140.583 58.059
40.399 5.689 0.023 -147.690 57.283
88.589 5.487 0.127 -51.635 54.387
81.790 5.464 0.104 -51.000 53.905
80.979 5.471 0.091 -50.485 53.514
80.104 5.538 0.090 -50.255 53.340
193.722 7.327 0.219 -57.165 43.595
18.330 4.077 0.001 -134.610 42.911
16.980 4.035 0.002 -134.000 42.978
14.753 3.833 0.002 -133.000 43.089
12.581 3.830 0.004 -132.005 43.159
10.286 3.791 0.005 -131.000 43.063
7.728 3.557 0.005 -130.000 42.951
5.204 3.567 0.006 -129.000 42.839
2.730 3.082 0.002 -128.000 42.722
0.231 2.780 0.001 -127.000 42.604
1.425 2.895 0.002 -126.310 42.523
191.015 7.404 0.222 -58.555 43.008
188.529 7.381 0.201 -58.223 42.971
187.811 7.167 0.189 -57.020 43.325
2.632 2.970 0.004 -125.805 42.463
3.449 3.504 0.010 -125.480 42.425
178.636 7.355 0.119 -59.000 41.853
170.568 7.113 0.134 -57.754 41.943
159.284 7.249 0.119 -56.960 41.540
154.385 7.348 0.112 -56.327 41.593
124.027 5.672 0.036 -46.725 42.040
120.073 5.975 0.046 -46.285 41.857
90.000 7.046 0.357 30.445 42.277
90.000 7.185 0.370 30.720 42.402
161.773 7.217 0.095 -57.914 41.080
154.109 7.286 0.097 -57.122 40.968
151.137 7.164 0.094 -55.765 41.236
147.788 7.026 0.077 -55.245 40.736
152.414 6.811 0.061 -58.605 39.695
153.159 7.216 0.086 -58.100 40.140
150.138 7.190 0.082 -56.725 40.356
145.384 6.942 0.065 -56.000 39.879
142.031 6.754 0.057 -54.839 40.169
132.498 6.735 0.054 -54.230 39.761
131.300 6.650 0.047 -54.918 39.187
124.540 6.267 0.031 -53.997 39.028
120.237 5.883 0.016 -53.450 38.986
185.074 6.277 0.075 -11.305 33.533
149.321 5.288 0.030 -14.575 33.223
153.918 5.797 0.049 -13.926 33.074
150.573 5.524 0.035 -14.800 32.339
156.434 5.573 0.042 -14.029 32.189
148.664 5.411 0.043 -15.995 30.791
153.684 5.151 0.051 -14.993 30.800
162.882 4.808 0.063 -14.132 30.901
160.492 5.363 0.074 -15.665 29.704
158.310 4.917 0.059 -15.245 30.206
167.195 5.781 0.094 -15.883 28.969
178.268 6.154 0.122 -15.290 28.589
164.242 5.497 0.075 -17.060 27.624
171.274 5.736 0.095 -16.480 27.506
166.683 5.088 0.050 -17.660 26.747
168.126 5.555 0.078 -16.992 27.123
175.340 5.963 0.113 -16.303 27.170
98.076 6.160 0.006 -61.650 26.459
166.632 4.912 0.046 -18.000 26.251
2.473 2.023 0.001 37.745 22.435
105.466 5.956 0.015 -65.508 21.390
3.555 1.742 0.030 38.590 20.523
0.980 1.710 0.021 38.287 20.204
0.117 2.016 0.020 38.673 19.770
6.078 2.189 0.100 38.455 19.314
3.955 2.078 0.073 38.560 19.435
29.634 5.117 0.041 118.110 18.534
36.572 5.257 0.022 123.190 18.622
35.047 5.916 0.019 123.610 18.792
29.273 5.034 0.036 117.765 18.430
43.073 5.383 0.037 122.845 18.483
45.434 5.883 0.001 133.075 17.802
46.145 5.784 0.002 133.775 17.822
25.996 4.694 0.001 136.445 18.000
24.439 4.840 0.001 137.000 17.998
21.702 4.917 0.001 138.000 17.994
18.807 4.920 0.001 138.770 17.991
22.931 4.814 0.002 140.075 17.982
25.721 5.113 0.010 141.000 17.985
26.712 5.314 0.018 141.695 17.987
6.266 4.197 0.002 144.045 18.003
0.580 3.621 0.002 144.790 18.152
176.723 5.925 0.005 158.425 17.729
177.371 5.888 0.004 158.625 17.585
174.834 5.906 0.004 157.110 17.298
178.978 5.867 0.005 159.120 17.229
180.586 5.909 0.005 159.560 16.913
196.033 5.489 0.036 -65.620 15.650
188.061 4.822 0.019 -74.991 14.662
188.014 5.099 0.026 -74.500 14.754
187.231 5.099 0.034 -76.650 13.784
187.843 4.348 0.013 -76.460 14.166
187.524 4.653 0.015 -74.615 14.454
186.805 4.843 0.026 -74.000 14.205
185.646 5.610 0.055 -73.015 13.806
85.176 6.941 0.061 -57.525 14.332
84.879 7.188 0.073 -57.480 14.365
20.967 4.625 0.008 113.795 13.826
17.924 4.558 0.005 114.755 13.734
186.062 5.624 0.063 -77.030 13.020
19.326 4.912 0.016 113.085 12.660
15.641 4.600 0.007 114.240 12.999
19.369 4.844 0.012 115.140 12.784
176.964 6.125 0.004 155.170 12.923
179.687 6.249 0.006 156.000 13.163
180.817 6.327 0.007 156.530 13.317
0.126 3.042 0.001 -103.865 12.040
1.624 3.120 0.001 -103.000 12.155
2.827 3.205 0.001 -102.400 12.235
93.941 7.051 0.127 -56.960 11.955
90.333 7.000 0.119 -56.400 12.025
15.544 4.716 0.011 113.350 12.299
18.162 4.749 0.011 113.630 11.918
22.693 4.806 0.011 114.929 12.275
107.334 7.100 0.217 -57.925 10.516
102.000 6.729 0.145 -56.920 10.554
95.675 6.708 0.120 -56.028 10.844
90.692 6.458 0.082 -55.195 10.950
181.801 5.948 0.004 155.165 11.253
182.480 5.860 0.003 155.530 11.158
108.650 7.063 0.233 -57.809 10.108
105.770 6.987 0.198 -57.000 9.955
108.688 6.666 0.200 -56.797 9.227
109.705 6.032 0.223 -56.730 8.287
16.578 3.911 0.005 -91.340 7.210
68.118 5.067 0.020 -43.630 5.839
66.682 5.037 0.021 -43.425 5.588
154.385 5.170 0.006 164.320 6.156
153.901 5.340 0.008 165.000 6.218
153.173 5.253 0.005 166.000 6.309
152.413 5.276 0.007 167.000 6.399
152.437 5.225 0.007 167.500 6.445
64.298 5.025 0.021 -43.155 5.257
1.455 2.551 0.001 -83.790 3.535
79.938 5.520 0.046 -44.350 4.237
135.975 6.440 0.037 51.245 3.858
119.966 6.389 0.036 51.825 4.018
0.553 3.098 0.001 -83.772 2.997
71.139 5.229 0.025 -42.435 3.335
0.355 2.159 0.004 -92.665 2.205
104.975 5.103 0.089 6.930 0.942
108.012 5.039 0.094 7.425 0.421
108.716 5.010 0.092 7.515 0.327
73.334 5.250 0.023 -37.165 -1.143
136.380 6.279 0.064 45.175 -3.584
131.150 6.167 0.060 45.000 -4.684
129.422 5.921 0.044 45.665 -4.670
0.168 5.487 0.015 128.130 -6.196
3.334 5.555 0.015 128.210 -6.549
53.724 4.596 0.001 -144.093 -13.132
77.140 4.298 0.003 -150.690 -18.390
75.174 3.913 0.007 -150.390 -17.795
74.888 5.812 0.008 3.210 -17.904
76.110 5.741 0.006 3.550 -17.988
77.719 4.341 0.003 -150.780 -18.570
99.252 5.946 0.019 7.165 -18.904
103.456 5.841 0.020 8.001 -19.083
105.643 5.793 0.022 8.550 -19.190
79.627 4.446 0.001 -150.955 -19.720
133.213 4.797 0.065 42.035 -22.494
132.732 4.805 0.065 41.880 -22.618
138.478 4.977 0.051 43.088 -24.254
139.758 5.017 0.042 43.335 -24.649
12.057 4.005 0.002 -11.745 -25.965
38.662 4.805 0.003 -4.200 -25.970
42.450 4.879 0.002 -3.345 -25.845
57.236 4.746 0.009 -31.210 -36.485
87.000 5.973 0.013 127.367 -36.013
83.200 6.223 0.021 132.294 -36.377
53.584 4.722 0.008 -30.815 -36.553
49.261 4.646 0.010 -30.000 -36.694
45.722 4.693 0.007 -29.140 -36.858
58.391 5.859 0.009 127.215 -37.000
61.240 5.947 0.011 128.056 -36.931
68.519 6.266 0.019 130.903 -36.877
70.549 6.329 0.022 131.984 -36.889
66.415 6.360 0.023 132.729 -37.111
43.546 5.613 0.002 127.054 -37.749
44.438 6.236 0.018 131.481 -37.923
47.932 6.260 0.019 131.541 -37.673
47.767 5.893 0.009 133.015 -37.758
23.038 4.943 0.001 127.350 -42.499
23.912 5.054 0.001 127.806 -42.060
26.257 4.957 0.001 134.819 -42.193
40.513 5.256 0.009 142.185 -42.017
40.906 5.395 0.015 142.668 -42.061
23.053 4.953 0.001 127.190 -42.501
23.948 4.872 0.001 135.052 -43.000
35.963 4.961 0.005 141.430 -42.654
36.256 4.796 0.006 141.585 -42.555
37.927 5.077 0.008 143.175 -42.886
37.447 5.033 0.011 143.585 -43.386
21.030 4.653 0.001 135.124 -44.000
33.511 5.065 0.007 143.351 -44.046
37.919 5.019 0.007 143.682 -44.059
81.683 5.373 0.027 152.015 -43.910
72.593 5.510 0.023 153.000 -43.910
68.282 5.373 0.017 153.995 -43.910
72.874 5.322 0.012 163.025 -44.007
15.849 4.584 0.001 128.430 -45.201
17.784 4.517 0.001 135.196 -45.000
35.947 4.977 0.005 144.151 -45.171
68.029 5.295 0.029 149.470 -45.328
68.773 5.217 0.027 149.540 -45.261
81.757 5.627 0.043 151.485 -44.608
77.677 5.570 0.032 151.830 -44.761
74.125 5.389 0.016 163.390 -44.521
14.537 4.452 0.001 128.483 -45.644
14.039 4.577 0.001 128.972 -45.840
13.701 4.497 0.001 129.918 -46.036
14.353 4.348 0.001 135.268 -46.000
35.952 4.804 0.004 144.353 -45.945
30.764 4.776 0.003 144.586 -45.955
71.755 5.612 0.036 150.265 -46.433
75.855 5.216 0.012 150.645 -46.371
10.688 4.293 0.001 130.126 -46.999
12.585 4.231 0.001 135.304 -46.514
28.170 4.611 0.005 144.791 -46.786
7.736 4.102 0.001 130.235 -47.950
76.939 5.357 0.020 151.890 -47.823
68.147 5.128 0.017 154.149 -48.495
65.635 5.076 0.015 154.535 -48.486
123.565 6.569 0.013 -51.605 -48.716
127.004 6.713 0.020 -51.318 -48.914
118.673 6.195 0.009 -45.815 -49.107
114.648 5.982 0.005 -44.775 -49.071
123.701 5.989 0.004 -44.410 -49.365
38.602 4.584 0.007 147.295 -49.224
63.742 4.924 0.009 154.105 -48.735
60.361 4.802 0.004 154.744 -48.708
49.837 5.271 0.012 156.195 -49.241
29.358 4.159 0.002 162.280 -49.425
51.715 5.216 0.016 153.310 -49.838
47.666 4.845 0.009 154.029 -49.939
47.090 5.076 0.010 154.641 -49.806
45.874 5.181 0.018 156.475 -49.527
40.227 4.951 0.013 156.970 -50.031
35.568 4.485 0.005 158.325 -50.170
33.122 4.332 0.006 158.550 -50.449
30.389 4.100 0.001 160.460 -50.473
30.485 4.319 0.004 161.000 -50.162
29.779 4.245 0.002 161.825 -49.687
124.296 5.685 0.073 -39.690 -51.358
120.785 5.545 0.052 -39.325 -51.089
37.189 5.030 0.019 157.465 -50.536
34.420 4.661 0.009 157.930 -51.010
32.643 4.027 0.002 158.880 -50.858
30.527 4.127 0.001 160.015 -50.730
126.364 6.029 0.095 -40.820 -52.191
125.351 5.858 0.086 -40.195 -51.731
25.814 4.744 0.008 157.885 -54.485
26.899 4.372 0.005 158.170 -54.610
27.232 5.321 0.005 159.260 -55.075
28.880 4.465 0.004 159.800 -55.310
21.268 3.963 0.005 156.845 -56.500
29.900 4.486 0.009 159.355 -56.500
31.435 4.436 0.015 159.790 -56.500
0.412 3.163 0.001 -29.895 -57.483
2.452 3.735 0.009 -29.000 -57.444
4.341 3.817 0.011 -28.155 -57.407
47.319 5.210 0.009 -22.945 -57.173
50.515 5.002 0.008 -22.000 -57.130
5.964 3.605 0.008 -32.590 -57.600
4.503 3.874 0.004 -32.000 -57.574
2.186 3.572 0.002 -31.000 -57.531
0.743 3.208 0.001 -30.400 -57.505
4.439 3.111 0.001 -31.975 -59.093
2.594 3.208 0.001 -31.000 -59.197
0.777 2.922 0.001 -30.000 -59.303
1.490 2.554 0.001 -29.275 -59.380
15.665 3.955 0.004 -61.395 -60.466
18.061 3.938 0.002 -22.920 -60.049
13.669 3.805 0.001 -22.305 -60.114
60.100 5.769 0.011 -2.055 -60.026
44.943 5.680 0.037 97.236 -60.404
17.617 3.948 0.005 -61.115 -60.692
107.806 5.947 0.021 46.870 -61.225
52.984 5.768 0.046 97.266 -61.000
40.341 5.083 0.019 107.335 -61.282
42.084 5.386 0.035 112.231 -61.208
45.132 5.832 0.045 126.017 -61.278
4.941 2.786 0.001 157.255 -61.172
3.760 2.783 0.001 157.610 -61.421
53.281 4.702 0.006 168.235 -61.069
51.996 4.280 0.001 169.000 -61.299
51.227 4.450 0.003 169.580 -61.473
117.255 6.153 0.028 25.120 -62.463
109.406 5.865 0.041 46.833 -62.007
118.553 6.198 0.034 53.345 -62.320
117.712 6.199 0.033 53.629 -62.106
118.165 5.987 0.029 55.000 -62.253
46.432 5.216 0.027 107.190 -61.799
46.159 5.702 0.048 112.264 -61.515
58.514 6.037 0.062 126.073 -62.001
56.228 5.968 0.053 131.480 -62.020
2.161 2.562 0.001 158.115 -61.776
0.167 2.351 0.001 158.825 -62.274
51.262 4.212 0.002 170.144 -61.643
49.892 4.074 0.003 170.973 -61.873
47.724 4.662 0.003 172.000 -62.151
44.194 4.354 0.001 172.565 -62.304
120.374 6.285 0.035 24.330 -63.313
118.557 6.111 0.027 24.795 -62.812
119.879 6.329 0.040 34.212 -63.108
120.570 5.992 0.029 41.775 -63.337
115.956 5.858 0.067 46.788 -62.935
121.062 6.291 0.056 52.440 -63.420
120.951 6.313 0.050 52.960 -63.081
120.262 6.256 0.040 53.995 -62.742
123.221 5.918 0.035 57.045 -63.075
76.355 5.997 0.066 126.115 -62.549
80.409 6.074 0.066 131.505 -62.720
36.465 4.502 0.014 147.332 -63.092
1.676 2.550 0.001 159.320 -62.622
3.743 2.682 0.001 159.995 -63.095
7.652 3.000 0.001 163.145 -63.467
8.137 2.919 0.001 164.000 -63.387
9.806 2.925 0.001 164.540 -63.336
23.576 2.768 0.001 166.435 -63.033
21.911 2.528 0.001 166.750 -63.295
126.020 6.047 0.030 23.360 -64.356
123.342 6.175 0.033 23.825 -63.856
121.285 6.688 0.059 27.259 -64.133
120.121 6.693 0.056 28.416 -64.008
120.525 6.305 0.043 34.306 -63.840
120.121 6.223 0.045 39.105 -64.464
120.389 6.111 0.044 40.081 -64.382
122.679 5.995 0.041 41.000 -64.099
123.586 5.832 0.039 41.973 -64.156
124.979 5.767 0.032 42.860 -64.114
121.984 6.326 0.063 52.280 -63.615
131.284 5.945 0.047 56.480 -64.017
128.532 5.983 0.042 56.650 -63.733
6.953 2.958 0.001 162.005 -63.574
7.375 3.125 0.001 162.650 -63.513
19.512 2.986 0.001 167.245 -63.708
17.664 3.290 0.001 167.710 -64.096
67.367 6.292 0.043 -27.510 -65.200
70.018 6.130 0.036 -27.195 -65.355
129.856 6.327 0.051 22.400 -65.388
127.996 6.223 0.042 22.865 -64.888
130.233 6.902 0.072 28.383 -64.777
120.338 6.317 0.047 37.265 -64.635
120.138 6.302 0.046 38.000 -64.567
120.083 6.571 0.061 38.610 -64.510
120.436 5.855 0.038 40.200 -64.503
24.738 3.812 0.010 172.055 -65.433
25.172 3.990 0.012 172.555 -65.358
69.567 5.315 0.014 -119.990 -66.149
74.879 5.620 0.050 -104.532 -66.244
54.010 5.234 0.038 -84.612 -66.147
32.893 4.529 0.021 -75.545 -66.465
74.219 6.043 0.033 -26.700 -65.598
79.956 5.580 0.017 -26.000 -65.942
85.555 5.518 0.016 -25.180 -66.345
138.384 6.270 0.064 21.430 -66.431
133.568 6.318 0.059 21.895 -65.931
24.125 3.781 0.017 171.455 -65.523
24.235 3.740 0.009 171.550 -65.509
57.413 5.072 0.013 -132.515 -67.339
57.933 4.963 0.011 -132.375 -67.424
66.748 4.721 0.008 -126.992 -67.250
67.260 4.621 0.005 -126.246 -67.131
70.551 5.239 0.012 -119.980 -66.512
76.282 5.326 0.029 -109.925 -67.023
75.826 5.761 0.055 -104.538 -67.002
51.992 5.327 0.047 -84.517 -66.576
51.304 5.284 0.046 -84.486 -66.720
43.614 5.148 0.037 -80.515 -66.621
43.461 5.085 0.035 -80.455 -66.636
32.516 4.677 0.024 -75.760 -66.628
88.642 5.599 0.019 -24.685 -66.588
92.844 5.886 0.029 -24.000 -66.925
98.043 5.843 0.027 -23.160 -67.337
139.297 6.202 0.061 21.345 -66.522
139.332 6.793 0.086 23.095 -66.767
143.001 6.545 0.084 28.000 -66.610
142.316 6.396 0.086 29.000 -66.591
156.163 6.443 0.087 29.630 -66.579
59.761 4.853 0.010 -131.870 -67.730
62.224 4.651 0.008 -131.045 -68.230
64.087 4.499 0.006 -130.080 -67.999
69.225 4.554 0.007 -126.797 -67.743
71.028 4.560 0.010 -125.914 -67.936
71.118 4.458 0.007 -125.079 -67.801
71.623 4.451 0.008 -124.060 -67.731
77.998 5.122 0.031 -109.975 -67.713
78.154 5.712 0.056 -104.545 -68.003
104.236 5.953 0.041 -28.935 -68.129
104.994 5.906 0.037 -28.000 -68.126
105.932 5.835 0.033 -27.000 -68.123
106.687 6.128 0.045 -26.315 -68.121
101.810 6.040 0.034 -22.665 -67.581
108.257 6.019 0.034 -22.000 -67.907
115.994 6.120 0.039 -21.145 -68.327
144.221 5.466 0.028 -1.635 -67.774
142.915 5.462 0.026 -1.445 -67.662
149.567 6.702 0.117 25.465 -67.508
150.040 6.684 0.119 25.555 -67.537
64.077 4.685 0.011 -130.550 -68.529
65.792 4.526 0.010 -129.785 -68.599
66.254 4.515 0.012 -129.415 -68.807
75.375 4.568 0.013 -124.870 -68.659
80.965 5.675 0.068 -104.552 -69.005
83.910 5.800 0.044 -98.850 -69.065
84.185 5.796 0.040 -98.070 -68.921
81.219 5.054 0.041 -89.655 -69.390
72.798 5.071 0.050 -89.000 -69.313
52.746 4.886 0.054 -88.000 -69.196
48.723 4.723 0.049 -87.430 -69.130
127.394 6.312 0.066 -31.545 -69.492
126.977 6.325 0.066 -31.000 -69.410
126.325 6.315 0.064 -30.000 -69.260
125.068 6.202 0.055 -29.000 -69.110
122.888 5.871 0.041 -28.350 -69.013
119.806 5.934 0.033 -20.650 -68.571
125.913 6.038 0.039 -20.000 -68.890
128.955 6.062 0.044 -19.089 -69.332
39.431 4.283 0.017 176.040 -69.280
83.797 5.675 0.081 -104.558 -69.722
84.701 5.658 0.059 -103.510 -69.986
83.429 5.636 0.053 -102.995 -69.609
83.527 5.527 0.051 -102.000 -69.500
83.945 5.580 0.051 -101.000 -69.500
84.294 5.478 0.043 -100.000 -69.500
84.651 5.723 0.051 -99.000 -69.500
85.081 5.647 0.043 -98.000 -69.500
85.523 5.544 0.036 -97.000 -69.500
85.697 5.573 0.036 -96.485 -69.500
129.503 6.273 0.073 -33.905 -69.846
128.624 6.301 0.071 -33.000 -69.710
127.792 6.292 0.069 -32.050 -69.568
130.365 6.154 0.048 -18.580 -69.518
131.387 5.983 0.041 -18.000 -69.646
132.932 5.827 0.035 -17.000 -69.867
134.169 6.037 0.043 -16.450 -69.989
44.276 5.221 0.065 121.350 88.555
41.685 5.329 0.073 125.000 88.723
40.726 4.896 0.051 129.200 88.917
46.480 5.216 0.064 100.500 87.592
48.801 5.489 0.077 105.000 87.800
51.822 5.337 0.070 110.000 88.031
49.699 5.626 0.083 115.000 88.262
44.188 5.449 0.076 118.800 88.437
24.628 3.693 0.002 85.000 86.877
31.490 4.718 0.033 90.000 87.108
39.054 4.985 0.047 95.000 87.338
43.450 5.398 0.073 97.950 87.475
32.299 4.695 0.050 20.850 84.010
40.405 5.077 0.074 25.767 83.653
42.409 5.234 0.081 27.650 83.584
46.786 5.252 0.081 24.350 82.999
49.968 5.622 0.100 28.900 82.984
53.232 5.647 0.105 26.750 82.306
55.960 5.378 0.106 29.404 82.067
21.505 3.902 0.084 -3.150 79.962
13.737 3.676 0.066 -0.400 79.705
31.789 4.536 0.093 -2.700 77.759
32.369 4.541 0.091 -1.900 77.614
27.373 3.997 0.063 0.650 77.154
142.684 7.759 0.274 -147.545 72.169
84.755 5.724 0.064 -103.535 -70.013
134.408 6.091 0.046 -16.360 -70.009
65.367 5.085 0.021 -158.745 -72.388
66.117 5.431 0.036 -155.445 -72.408
49.818 3.458 0.048 2.990 68.564
51.143 2.957 0.058 3.300 68.394
52.131 2.531 0.060 3.515 68.276
53.562 3.151 0.037 -39.500 61.757
52.538 3.361 0.034 -39.205 61.629
38.891 3.531 0.016 -34.014 62.117
32.456 3.049 0.007 -33.000 62.078
26.344 2.782 0.006 -31.998 62.058
20.089 2.476 0.005 -31.000 62.005
15.527 2.251 0.005 -30.000 61.938
10.956 1.866 0.003 -29.000 61.874
51.283 3.570 0.031 -38.705 61.410
49.302 3.814 0.031 -38.000 61.125
42.528 3.726 0.021 -37.010 60.786
37.720 3.471 0.012 -36.016 60.576
31.487 3.152 0.007 -35.000 60.534
25.739 2.953 0.005 -33.999 60.520
22.621 2.980 0.004 -33.470 60.502
5.769 1.201 0.073 -28.792 61.275
16.870 2.132 0.009 -23.597 61.491
19.895 2.431 0.015 -23.000 61.432
25.797 2.595 0.021 -22.001 61.339
31.788 2.828 0.019 -20.999 61.258
36.472 3.306 0.027 -19.967 61.130
44.396 3.320 0.023 -19.018 60.749
19.805 2.692 0.004 -32.969 60.474
15.201 2.528 0.003 -32.001 60.420
10.492 1.957 0.002 -31.000 60.371
5.058 1.639 0.002 -30.000 60.315
0.190 1.180 0.001 -29.002 60.252
5.285 1.671 0.003 -28.000 60.200
10.427 2.139 0.007 -26.999 60.140
15.737 2.526 0.008 -26.000 60.045
21.142 2.643 0.008 -25.000 59.954
28.031 2.750 0.012 -24.000 59.889
34.392 3.124 0.021 -23.000 59.829
47.741 3.228 0.018 -18.539 60.470
48.642 3.185 0.015 -18.215 60.220
29.271 4.678 0.131 -140.050 58.333
70.492 6.036 0.131 -175.005 56.509
29.211 4.633 0.128 -139.967 57.316
68.914 5.955 0.126 -176.715 55.622
69.551 5.930 0.123 -176.000 55.987
70.239 5.977 0.127 -175.260 56.375
69.449 6.082 0.134 -173.865 56.177
67.766 5.961 0.120 -172.290 55.647
21.129 4.382 0.081 168.390 56.393
68.516 5.641 0.117 -178.692 55.175
67.853 6.154 0.139 -177.955 54.962
68.461 6.032 0.130 -177.212 55.352
67.030 5.677 0.126 -176.500 54.667
15.832 3.767 0.125 -135.633 54.533
16.018 3.717 0.081 -135.100 54.642
42.061 3.834 0.083 -42.908 54.775
65.877 5.484 0.114 -176.067 53.900
16.752 3.358 0.104 -135.992 54.200
64.281 4.941 0.101 -175.950 52.642
51.960 7.322 0.043 -161.683 53.367
53.124 5.013 0.057 -157.100 53.233
25.005 4.009 0.053 -141.167 52.600
21.738 4.143 0.080 -138.750 53.133
62.846 5.424 0.111 177.442 53.392
50.275 4.737 0.066 -154.467 51.500
38.322 4.563 0.027 -148.367 50.733
33.282 4.281 0.032 -145.183 51.383
73.089 5.480 0.041 -169.800 47.933
69.672 5.716 0.022 -174.817 46.883
119.093 5.436 0.085 -9.850 46.892
34.440 4.578 0.047 -143.183 45.567
73.814 4.430 0.107 -15.350 46.142
36.270 4.596 0.053 -144.466 45.025
74.874 5.607 0.020 -163.783 44.300
32.331 4.613 0.030 -143.117 43.817
28.564 4.580 0.020 -140.633 43.967
22.773 4.103 0.047 -137.100 43.750
17.945 3.980 0.046 -134.450 43.000
65.168 5.019 0.058 -160.650 40.983
2.321 2.928 0.111 -128.409 40.900
69.385 5.620 0.095 -18.958 40.558
94.915 5.608 0.037 -172.983 39.700
21.850 4.645 0.025 -136.267 40.300
7.872 4.675 0.058 -128.183 40.067
197.891 6.806 0.222 -67.140 39.811
191.958 6.120 0.074 -65.270 40.238
152.181 6.638 0.052 -58.725 39.562
41.290 4.770 0.016 -136.167 38.900
33.457 4.748 0.047 -128.000 38.583
21.465 4.090 0.096 -124.917 39.150
190.060 6.224 0.173 -70.720 38.569
191.484 6.069 0.170 -70.004 38.828
193.569 6.028 0.156 -68.945 39.158
195.892 6.047 0.154 -68.210 39.402
148.811 6.443 0.043 -58.980 38.999
56.727 5.068 0.074 -39.042 38.750
46.638 4.238 0.122 -37.125 39.125
32.406 3.483 0.093 -35.292 38.750
23.654 4.648 0.071 -125.019 38.144
168.785 5.448 0.124 -66.175 38.233
151.868 5.811 0.023 -64.555 37.516
152.630 5.774 0.021 -64.000 37.704
149.591 5.918 0.025 -63.000 37.733
146.632 6.350 0.042 -62.290 37.554
139.174 6.209 0.035 -60.820 37.612
138.866 5.751 0.017 -60.000 37.900
141.768 6.077 0.029 -59.349 38.229
134.839 5.928 0.072 148.855 37.614
118.270 5.662 0.045 171.992 37.700
86.340 5.634 0.038 -157.033 37.150
60.563 5.383 0.032 -143.117 37.250
27.553 4.699 0.064 -125.867 37.467
157.230 5.540 0.018 -67.520 36.508
155.635 6.017 0.031 -67.000 36.685
153.549 5.976 0.031 -66.000 37.025
152.527 5.822 0.025 -65.050 37.348
143.707 6.354 0.043 -61.850 37.443
140.810 5.944 0.025 -61.310 37.440
136.857 5.886 0.049 150.457 36.767
137.679 5.982 0.031 151.405 36.627
29.759 4.576 0.039 -125.889 35.622
27.074 4.521 0.012 -125.033 35.517
166.808 5.898 0.048 -69.945 36.064
159.915 5.857 0.040 -68.898 36.216
156.778 5.713 0.028 -68.025 36.337
55.696 3.995 0.069 -26.000 35.950
240.425 7.032 0.229 17.859 36.004
136.428 6.122 0.077 147.758 36.343
137.885 6.084 0.059 150.845 36.170
60.041 5.258 0.028 -142.517 35.083
26.818 4.542 0.049 -125.100 34.978
21.313 4.393 0.067 -123.267 35.150
196.152 6.390 0.155 -73.995 35.010
61.240 3.793 0.038 -26.042 35.292
100.288 5.219 0.051 -173.050 34.333
44.066 5.188 0.037 -134.250 34.450
29.759 4.762 0.043 -126.033 34.483
197.638 6.724 0.154 -74.778 33.690
121.104 5.277 0.109 -63.033 34.467
138.298 6.254 0.046 145.042 34.302
29.107 4.324 0.042 -127.067 32.833
27.140 4.274 0.053 -125.933 32.983
193.940 6.791 0.130 -74.968 32.885
98.360 5.251 0.099 -57.500 32.858
83.569 5.444 0.107 -53.433 32.867
266.264 7.954 0.393 28.103 33.138
139.240 6.258 0.054 144.603 33.095
145.563 6.034 0.043 152.508 32.521
108.721 5.611 0.042 -172.067 32.133
86.120 5.665 0.030 -154.650 32.300
181.257 6.551 0.052 -73.955 31.602
49.156 4.057 0.047 -32.708 31.883
59.423 4.620 0.060 -31.142 31.850
145.352 6.082 0.033 151.758 32.488
40.672 4.316 0.072 -135.400 31.083
20.018 4.050 0.031 -120.900 31.300
18.195 3.873 0.034 -120.125 30.925
189.110 5.924 0.106 -75.566 30.932
186.298 5.818 0.094 -75.012 30.994
183.185 6.402 0.062 -74.330 31.410
83.378 5.457 0.026 -152.675 30.450
21.300 3.733 0.024 -121.733 29.867
185.767 5.961 0.052 -75.585 30.143
184.419 5.898 0.058 -75.233 30.238
175.198 6.112 0.065 -74.000 30.132
71.567 5.206 0.077 -153.517 28.750
68.755 5.711 0.022 -152.467 29.333
15.520 3.433 0.068 -117.583 29.133
15.692 3.550 0.050 -117.408 28.775
193.639 6.111 0.035 -76.013 29.058
180.148 6.052 0.041 -74.775 28.633
171.241 6.105 0.053 -74.000 29.010
166.655 6.053 0.070 -73.340 29.331
114.089 5.476 0.074 -174.175 28.337
29.229 4.639 0.025 -127.417 28.083
189.667 6.095 0.037 -75.798 28.087
182.896 5.942 0.032 -75.254 28.026
107.463 4.576 0.027 -169.083 26.700
20.830 4.367 0.021 -121.583 27.400
194.874 6.115 0.043 -75.995 27.344
174.229 5.889 0.039 -74.721 27.013
166.911 5.737 0.042 -74.148 26.790
92.565 4.872 0.008 -163.700 25.500
167.677 5.777 0.023 -74.115 26.342
149.971 6.165 0.083 -72.450 25.733
139.966 6.262 0.082 -70.150 26.133
123.342 5.262 0.040 -178.017 25.442
87.383 4.488 0.022 -160.317 24.667
46.542 4.487 0.059 -134.567 24.767
126.773 6.027 0.082 -69.258 24.658
87.878 4.700 0.001 -160.483 23.958
81.416 4.025 0.024 -156.133 23.617
17.330 3.747 0.031 -116.633 24.500
60.664 5.888 0.044 128.117 23.858
64.540 5.162 0.047 135.725 23.708
139.225 6.202 0.040 146.083 23.575
81.194 4.202 0.012 -155.900 22.800
68.965 5.595 0.054 -151.000 23.000
62.303 5.143 0.064 -148.050 22.967
53.266 5.129 0.035 -137.500 23.067
79.781 5.752 0.073 -58.250 23.492
26.364 4.247 0.001 -48.997 22.878
19.700 3.900 0.001 -48.000 22.795
65.433 5.485 0.022 130.967 23.383
17.311 4.486 0.032 138.775 23.442
97.926 4.775 0.051 -166.117 22.500
79.751 4.222 0.030 -155.217 22.217
17.265 3.923 0.036 -116.050 21.967
36.540 4.706 0.045 -127.004 21.271
99.205 4.547 0.005 -161.417 20.300
55.599 5.727 0.041 131.883 20.100
120.719 5.188 0.037 -177.317 19.033
94.745 4.685 0.071 -157.700 18.867
40.885 4.733 0.035 -128.500 19.367
21.181 4.881 0.012 138.350 19.050
69.485 5.923 0.053 -57.375 17.942
25.749 4.929 0.051 140.992 18.092
67.363 4.534 0.030 69.945 16.826
63.725 4.519 0.025 69.800 16.426
23.960 4.664 0.034 136.783 15.625
90.098 5.681 0.057 -151.900 14.683
27.393 4.301 0.015 -124.200 14.967
12.450 2.721 0.089 51.542 14.583
8.295 2.404 0.066 52.017 14.017
8.175 2.536 0.034 53.067 13.692
58.005 4.675 0.014 69.415 13.730
58.651 4.461 0.008 69.580 13.786
41.498 5.777 0.022 130.525 14.158
10.817 2.285 0.075 46.300 12.908
12.040 3.527 0.090 -111.050 12.217
0.051 2.710 0.046 -103.800 11.633
9.138 3.838 0.067 -98.783 12.183
3.361 0.996 0.035 44.308 11.767
174.215 5.099 0.060 168.367 12.450
64.387 5.082 0.046 -145.883 10.717
2.241 2.930 0.041 -104.767 10.883
106.915 7.094 0.207 -57.905 10.581
21.540 2.153 0.063 45.008 10.883
54.872 4.612 0.006 69.865 10.985
177.474 4.731 0.080 161.583 11.333
171.481 5.228 0.067 165.167 11.200
18.378 3.579 0.033 -93.483 9.800
110.087 7.004 0.242 -57.917 9.899
106.206 7.041 0.204 -57.087 9.948
54.283 4.752 0.007 70.142 9.907
53.924 4.637 0.009 70.755 9.596
111.123 6.345 0.210 -57.772 9.237
109.126 6.380 0.203 -57.022 8.914
53.154 4.695 0.006 70.190 9.460
47.036 4.466 0.065 120.283 7.575
47.953 4.096 0.095 70.667 7.367
22.860 4.270 0.072 -123.983 5.783
46.043 5.676 0.089 122.142 5.558
16.243 4.038 0.063 -115.683 4.067
41.693 5.998 0.101 122.833 4.083
37.425 6.230 0.100 123.625 2.925
29.313 4.468 0.042 138.167 2.908
60.877 4.933 0.066 -19.658 2.450
30.365 4.300 0.038 140.333 2.408
29.178 4.491 0.042 143.267 1.858
17.422 3.788 0.078 -116.083 1.450
75.446 4.827 0.082 -39.083 0.983
137.469 5.449 0.105 169.183 0.783
25.894 4.428 0.057 -123.433 0.183
6.667 3.297 0.067 -23.858 -0.075
12.442 3.641 0.025 -22.683 0.175
36.669 4.788 0.041 -131.517 -1.383
36.941 4.087 0.067 -26.667 -1.267
117.149 4.276 0.097 8.045 -1.468
133.927 5.637 0.081 47.033 -2.917
65.780 4.640 0.056 49.600 -3.467
8.943 3.961 0.067 -114.217 -3.617
64.740 4.640 0.086 51.483 -3.600
80.224 4.034 0.017 54.595 -5.429
59.759 4.255 0.042 58.483 -5.333
58.692 4.104 0.074 59.217 -5.417
55.161 4.497 0.039 60.033 -5.450
53.879 4.579 0.041 74.300 -5.367
59.622 4.810 0.056 75.083 -5.350
81.094 4.490 0.027 54.836 -5.958
38.669 3.630 0.070 63.067 -5.517
35.352 4.306 0.037 63.733 -5.550
22.243 3.787 0.093 69.975 -5.659
14.419 4.158 0.066 -118.667 -7.333
79.025 4.563 0.022 54.640 -6.647
93.419 5.264 0.036 174.933 -9.017
0.812 2.611 0.065 -110.633 -9.667
72.634 4.173 0.039 56.500 -9.833
77.842 3.996 0.094 57.117 -9.967
62.459 3.929 0.039 57.883 -10.083
40.350 4.181 0.030 -133.583 -10.750
24.752 3.961 0.044 -128.950 -11.767
120.089 5.446 0.101 109.617 -11.667
3.336 3.385 0.053 -108.500 -13.467
60.938 5.323 0.012 93.217 -13.150
134.550 5.439 0.069 115.350 -12.850
55.570 5.844 0.104 149.917 -12.583
9.589 3.428 0.054 -119.167 -14.267
47.642 5.130 0.018 90.800 -13.833
147.099 6.232 0.057 115.550 -13.783
56.208 5.450 0.037 154.109 -14.351
36.868 4.619 0.042 -136.100 -15.033
119.032 5.573 0.041 108.150 -14.950
61.072 5.511 0.176 150.622 -14.804
53.863 5.197 0.016 153.440 -15.046
52.540 5.353 0.021 153.808 -14.861
110.237 5.874 0.076 -168.517 -16.267
112.733 4.881 0.046 -160.983 -17.467
0.429 2.272 0.001 -176.350 -18.317
104.084 5.054 0.027 -158.667 -17.533
46.302 4.669 0.061 -141.433 -18.467
0.629 2.249 0.001 -176.440 -18.573
32.960 4.071 0.070 -81.550 -18.983
25.101 3.918 0.124 177.567 -18.983
0.867 2.641 0.001 -175.940 -19.515
0.048 3.061 0.071 -113.750 -20.300
59.000 5.096 0.050 162.320 -20.010
59.000 5.012 0.047 162.744 -19.897
80.163 5.681 0.027 97.200 -20.717
68.535 4.995 0.019 -147.633 -21.700
42.078 4.400 0.029 -79.067 -21.550
26.725 5.233 0.098 178.550 -21.917
4.849 3.024 0.066 -117.833 -23.267
116.250 5.612 0.054 10.282 -23.146
119.313 5.457 0.062 10.802 -22.999
59.000 4.723 0.098 164.950 -23.000
116.337 5.708 0.057 10.325 -23.597
29.237 4.797 0.060 170.833 -23.900
26.168 5.274 0.079 171.800 -23.533
49.994 4.580 0.050 57.450 -24.567
119.342 4.804 0.041 104.200 -25.050
121.089 6.107 0.012 107.720 -25.395
105.120 5.350 0.032 -36.660 -26.223
103.781 5.410 0.036 -36.360 -26.228
118.842 5.604 0.042 11.273 -26.255
121.773 5.453 0.056 11.931 -26.004
25.613 3.820 0.019 -88.817 -27.067
113.232 5.282 0.131 -45.366 -27.478
118.750 5.577 0.039 11.390 -26.869
120.577 5.306 0.043 11.961 -27.001
52.262 5.354 0.045 58.167 -26.933
120.388 6.026 0.010 110.115 -27.083
55.443 5.442 0.114 155.867 -27.100
6.534 3.119 0.058 -106.933 -27.933
17.918 3.394 0.020 -96.317 -28.017
113.279 5.293 0.131 -45.405 -27.542
56.135 5.193 0.134 156.100 -27.783
112.433 6.062 0.090 -43.615 -29.400
126.425 5.669 0.063 37.146 -29.492
123.640 4.531 0.061 33.375 -30.271
123.123 4.567 0.059 33.680 -30.383
26.476 4.634 0.100 176.000 -29.500
25.390 4.942 0.059 176.767 -29.917
33.760 4.262 0.052 61.867 -31.483
35.458 3.894 0.027 62.600 -31.350
121.237 5.161 0.060 13.210 -31.788
133.527 5.467 0.114 32.490 -31.808
33.283 3.661 0.045 61.500 -31.540
128.511 5.083 0.007 113.158 -32.097
121.679 5.311 0.058 13.490 -32.556
122.329 5.358 0.105 31.263 -33.367
122.528 4.865 0.104 31.943 -33.027
39.329 4.723 0.036 62.075 -33.092
84.502 5.084 0.025 102.750 -32.750
89.218 5.092 0.077 103.500 -33.017
122.711 5.558 0.013 109.319 -32.758
123.274 5.416 0.035 14.293 -33.811
125.254 5.377 0.034 15.128 -34.118
123.554 5.241 0.035 15.618 -34.089
34.126 4.624 0.045 96.017 -33.800
100.315 5.780 0.043 105.917 -34.183
121.728 5.352 0.019 14.450 -34.992
124.002 5.412 0.024 15.152 -34.925
123.689 5.283 0.029 15.875 -34.585
114.970 5.263 0.108 28.482 -35.487
116.903 5.417 0.092 29.089 -35.369
106.115 5.379 0.010 112.037 -35.372
15.033 3.687 0.074 73.667 -35.767
97.279 5.174 0.002 111.490 -35.840
100.356 5.343 0.006 111.590 -35.663
8.840 2.880 0.078 76.383 -36.850
1.268 2.311 0.043 78.517 -37.250
73.766 6.351 0.132 133.980 -36.894
18.698 4.096 0.036 87.650 -37.933
47.748 4.635 0.055 63.967 -39.750
42.951 4.891 0.015 -132.883 -40.600
17.887 4.349 0.054 -96.083 -42.733
11.533 3.611 0.059 -104.433 -43.767
2.519 3.314 0.026 -110.617 -44.583
14.294 4.547 0.016 -45.135 -55.365
18.643 4.173 0.011 -44.825 -56.006
21.478 4.191 0.017 -44.565 -56.544
110.173 4.959 0.004 11.485 -62.489
102.157 4.899 0.004 11.855 -61.991
117.548 5.225 0.003 11.105 -63.001
122.642 5.505 0.007 10.455 -63.876
121.852 5.400 0.006 10.620 -63.654
35.665 4.116 0.184 15.410 74.310
8.842 2.484 0.146 9.858 73.175
32.073 3.543 0.188 13.460 72.090
50.407 3.975 0.145 15.910 70.380
