-77.96 -43.115 3.361 9.756 0.033 0
-77 -43.005 3.469 11.642 0.038 0
-76.37 -42.933 3.636 12.683 0.056 0
-77.795 -44.894 2.536 0.608 0.050 0
-77 -44.733 2.881 2.527 0.044 0
-76.39 -44.61 3.148 4.016 0.053 0
-57.785 -46.438 6.267 99.766 0.210 0
-57.751 -46.786 6.158 101.848 0.194 0
-57.105 -46.971 6.080 113.276 0.160 0
-56.085 -46.996 6.382 124.806 0.119 0
100.39 -47.409 2.720 0.253 0.017 0
100.54 -47.483 2.666 0.298 0.015 0
-77.52 -47.598 3.743 11.511 0.068 0
-77.19 -47.564 3.825 11.045 0.065 0
-57.1 -47.523 5.868 120.667 0.175 0
101.072 -47.682 2.807 0.401 0.017 0
101.846 -47.863 2.815 0.197 0.011 0
127 -48.236 3.371 1.586 0.052 0
127.585 -48.309 4.011 4.225 0.037 0
109.225 -49.448 3.014 0.112 0.026 0
126.955 -48.763 3.916 0.152 0.038 0
151.965 -49.328 4.661 62.859 0.072 0
109.445 -49.516 3.128 0.097 0.021 0
109.865 -49.645 3.078 0.089 0.031 0
114.445 -49.845 3.955 0.003 0.043 0
114.975 -49.96 3.896 0.131 0.041 0
133.17 -50.045 3.267 0.773 0.004 0
133.65 -50.077 3.241 0.790 0.004 0
151.243 -50.123 4.664 57.236 0.076 0
151.745 -49.571 4.712 62.048 0.071 0
151.216 -51.786 4.260 43.446 0.068 0
151.84 -52.752 3.986 36.057 0.061 0
153.826 -53.957 4.267 29.981 0.063 0
153.918 -55.012 3.825 26.841 0.057 0
-57.845 -56.232 4.211 13.059 0.092 0
-57.28 -56.354 3.726 11.118 0.098 0
153.98 -55.725 3.776 24.745 0.060 0
-56.005 -56.631 4.003 11.035 0.127 0
-54.74 -59.902 4.221 26.665 0.081 0
92.715 -60.46 6.292 109.602 0.138 0
40.022 -61.466 5.790 108.644 0.075 0
89.4 -61.257 5.589 115.079 0.111 0
89.78 -61.32 5.555 115.260 0.114 0
91.166 -60.819 5.726 115.514 0.111 0
92.23 -61.299 5.880 116.741 0.124 0
92.732 -61.033 5.907 116.258 0.125 0
100.751 -61.073 5.773 50.925 0.102 0
117.47 -61.276 5.502 43.824 0.099 0
132.537 -61.094 5.812 43.683 0.102 0
-64.068 -61.883 3.777 12.098 0.059 0
61.66 -62.418 5.602 122.389 0.096 0
63.709 -62.33 5.507 121.843 0.097 0
65.585 -62.31 5.710 121.649 0.105 0
67.215 -62.261 5.638 122.350 0.103 0
68.71 -62.279 5.519 122.380 0.104 0
70.505 -62.06 5.544 121.745 0.116 0
72.111 -62.483 5.842 123.102 0.141 0
90.44 -61.917 5.555 117.614 0.118 0
91.03 -61.707 5.710 117.299 0.120 0
92 -61.687 5.845 117.843 0.124 0
92.88 -61.755 5.823 118.635 0.124 0
93.835 -62.297 5.833 120.937 0.145 0
97.338 -62.398 5.747 120.749 0.133 0
100.698 -61.871 5.935 85.981 0.115 0
140.06 -61.675 5.127 53.454 0.085 0
151.09 -62.269 3.796 18.779 0.063 0
-66.39 -63.486 3.844 13.328 0.079 0
28.464 -62.934 6.458 117.683 0.111 0
60.375 -63.486 5.528 125.380 0.088 0
62.055 -63.001 5.625 124.181 0.100 0
63.741 -63.007 5.594 124.137 0.107 0
65.535 -63 5.700 124.193 0.110 0
67.26 -63.004 5.682 124.434 0.111 0
68.725 -63.003 5.658 124.378 0.120 0
70.534 -62.992 5.622 124.328 0.123 0
72.139 -63.017 5.763 124.400 0.134 0
73.942 -63.434 5.750 125.373 0.136 0
75.768 -63.108 5.545 124.783 0.131 0
91.23 -62.861 5.674 121.106 0.131 0
91.53 -63.22 5.640 122.251 0.139 0
97.346 -62.554 5.661 127.230 0.133 0
-97.987 -64.092 5.272 76.014 0.068 0
-70.09 -64.415 4.142 19.933 0.086 0
-66.32 -63.524 3.807 13.268 0.078 0
-46.418 -63.92 4.808 16.192 0.075 0
60.425 -63.53 5.590 125.401 0.091 0
60.565 -63.654 5.671 127.907 0.094 0
62.45 -63.584 5.765 125.518 0.121 0
62.515 -63.68 5.787 127.275 0.131 0
63.769 -63.589 5.779 125.496 0.121 0
65.487 -63.676 5.767 125.633 0.130 0
67.303 -63.738 5.685 127.562 0.130 0
68.741 -63.703 5.503 126.903 0.138 0
70.553 -63.613 5.556 125.809 0.135 0
72.175 -63.725 5.661 128.113 0.139 0
75.735 -63.58 5.536 126.202 0.129 0
153.87 -64.33 4.314 18.169 0.085 0
-97.982 -64.857 5.370 77.611 0.067 0
-73.985 -65.1 4.242 25.094 0.070 0
-73.193 -64.985 4.285 24.219 0.073 0
-72 -65.166 4.282 21.901 0.079 0
-71.18 -65.408 4.306 19.978 0.089 0
25.5 -64.91 5.912 126.515 0.119 0
153.59 -64.546 4.082 24.178 0.075 0
-129.375 -66.399 4.818 60.411 0.063 0
-72.825 -66.281 4.531 21.023 0.095 0
-72.099 -65.947 4.139 20.033 0.093 0
-70.815 -65.515 4.297 18.954 0.094 0
25.58 -66.35 6.127 132.913 0.166 0
-4.955 -67.07 5.288 122.500 0.072 0
6.015 -67.011 5.415 139.118 0.106 0
6.035 -67.638 5.149 142.187 0.078 0
-40.965 -69.084 6.028 128.046 0.151 0
-40.475 -68.785 6.162 125.881 0.136 0
153 -43.91 5.510 72.593 0.223 1
153.995 -43.91 5.373 68.282 0.217 1
163.025 -44.007 5.322 72.874 0.212 1
128.43 -45.201 4.584 15.849 0.201 1
144.151 -45.171 4.977 35.947 0.205 1
149.47 -45.328 5.295 68.029 0.229 1
149.54 -45.261 5.217 68.773 0.227 1
151.485 -44.608 5.627 81.757 0.243 1
151.83 -44.761 5.570 77.677 0.232 1
163.39 -44.521 5.389 74.125 0.216 1
128.483 -45.644 4.452 14.537 0.201 1
128.972 -45.84 4.577 14.039 0.201 1
129.918 -46.036 4.497 13.701 0.201 1
135.268 -46 4.348 14.353 0.201 1
144.353 -45.945 4.804 35.952 0.204 1
144.586 -45.955 4.776 30.764 0.203 1
150.265 -46.433 5.612 71.755 0.236 1
150.645 -46.371 5.216 75.855 0.212 1
130.126 -46.999 4.293 10.688 0.201 1
135.304 -46.514 4.231 12.585 0.201 1
144.791 -46.786 4.611 28.170 0.205 1
130.235 -47.95 4.102 7.736 0.201 1
151.89 -47.823 5.357 76.939 0.22 1
154.149 -48.495 5.128 68.147 0.217 1
154.535 -48.486 5.076 65.635 0.215 1
-51.605 -48.716 6.569 123.565 0.213 1
-51.318 -48.914 6.713 127.004 0.22 1
-45.815 -49.107 6.195 118.673 0.209 1
-44.775 -49.071 5.982 114.648 0.205 1
-44.41 -49.365 5.989 123.701 0.204 1
147.295 -49.224 4.584 38.602 0.207 1
154.105 -48.735 4.924 63.742 0.209 1
154.744 -48.708 4.802 60.361 0.204 1
156.195 -49.241 5.271 49.837 0.212 1
162.28 -49.425 4.159 29.358 0.202 1
153.31 -49.838 5.216 51.715 0.216 1
154.029 -49.939 4.845 47.666 0.209 1
154.641 -49.806 5.076 47.090 0.21 1
156.475 -49.527 5.181 45.874 0.218 1
156.97 -50.031 4.951 40.227 0.213 1
158.325 -50.17 4.485 35.568 0.205 1
158.55 -50.449 4.332 33.122 0.206 1
160.46 -50.473 4.100 30.389 0.201 1
161 -50.162 4.319 30.485 0.204 1
161.825 -49.687 4.245 29.779 0.202 1
-39.69 -51.358 5.685 124.296 0.273 1
-39.325 -51.089 5.545 120.785 0.252 1
157.465 -50.536 5.030 37.189 0.219 1
157.93 -51.01 4.661 34.420 0.209 1
158.88 -50.858 4.027 32.643 0.202 1
160.015 -50.73 4.127 30.527 0.201 1
-40.82 -52.191 6.029 126.364 0.295 1
-40.195 -51.731 5.858 125.351 0.286 1
157.885 -54.485 4.744 25.814 0.208 1
158.17 -54.61 4.372 26.899 0.205 1
159.26 -55.075 5.321 27.232 0.205 1
159.8 -55.31 4.465 28.880 0.204 1
156.845 -56.5 3.963 21.268 0.205 1
159.355 -56.5 4.486 29.900 0.209 1
159.79 -56.5 4.436 31.435 0.215 1
-29.895 -57.483 3.163 0.412 0.201 1
-29 -57.444 3.735 2.452 0.209 1
-28.155 -57.407 3.817 4.341 0.211 1
-22.945 -57.173 5.210 47.319 0.209 1
-22 -57.13 5.002 50.515 0.208 1
-32.59 -57.6 3.605 5.964 0.208 1
-32 -57.574 3.874 4.503 0.204 1
-31 -57.531 3.572 2.186 0.202 1
-30.4 -57.505 3.208 0.743 0.201 1
-31.975 -59.093 3.111 4.439 0.201 1
-31 -59.197 3.208 2.594 0.201 1
-30 -59.303 2.922 0.777 0.201 1
-29.275 -59.38 2.554 1.490 0.201 1
-61.395 -60.466 3.955 15.665 0.204 1
-22.92 -60.049 3.938 18.061 0.202 1
-22.305 -60.114 3.805 13.669 0.201 1
-2.055 -60.026 5.769 60.100 0.211 1
97.236 -60.404 5.680 44.943 0.237 1
-61.115 -60.692 3.948 17.617 0.205 1
46.87 -61.225 5.947 107.806 0.221 1
97.266 -61 5.768 52.984 0.246 1
107.335 -61.282 5.083 40.341 0.219 1
112.231 -61.208 5.386 42.084 0.235 1
126.017 -61.278 5.832 45.132 0.245 1
157.255 -61.172 2.786 4.941 0.201 1
157.61 -61.421 2.783 3.760 0.201 1
168.235 -61.069 4.702 53.281 0.206 1
169 -61.299 4.280 51.996 0.201 1
169.58 -61.473 4.450 51.227 0.203 1
25.12 -62.463 6.153 117.255 0.228 1
46.833 -62.007 5.865 109.406 0.241 1
53.345 -62.32 6.198 118.553 0.234 1
53.629 -62.106 6.199 117.712 0.233 1
55 -62.253 5.987 118.165 0.229 1
107.19 -61.799 5.216 46.432 0.227 1
112.264 -61.515 5.702 46.159 0.248 1
126.073 -62.001 6.037 58.514 0.262 1
131.48 -62.02 5.968 56.228 0.253 1
158.115 -61.776 2.562 2.161 0.201 1
158.825 -62.274 2.351 0.167 0.201 1
170.144 -61.643 4.212 51.262 0.202 1
170.973 -61.873 4.074 49.892 0.203 1
172 -62.151 4.662 47.724 0.203 1
172.565 -62.304 4.354 44.194 0.201 1
24.33 -63.313 6.285 120.374 0.235 1
24.795 -62.812 6.111 118.557 0.227 1
34.212 -63.108 6.329 119.879 0.24 1
41.775 -63.337 5.992 120.570 0.229 1
46.788 -62.935 5.858 115.956 0.267 1
52.44 -63.42 6.291 121.062 0.256 1
52.96 -63.081 6.313 120.951 0.25 1
53.995 -62.742 6.256 120.262 0.24 1
57.045 -63.075 5.918 123.221 0.235 1
126.115 -62.549 5.997 76.355 0.266 1
131.505 -62.72 6.074 80.409 0.266 1
147.332 -63.092 4.502 36.465 0.214 1
159.32 -62.622 2.550 1.676 0.201 1
159.995 -63.095 2.682 3.743 0.201 1
163.145 -63.467 3.000 7.652 0.201 1
164 -63.387 2.919 8.137 0.201 1
164.54 -63.336 2.925 9.806 0.201 1
166.435 -63.033 2.768 23.576 0.201 1
166.75 -63.295 2.528 21.911 0.201 1
23.36 -64.356 6.047 126.020 0.23 1
23.825 -63.856 6.175 123.342 0.233 1
27.259 -64.133 6.688 121.285 0.259 1
28.416 -64.008 6.693 120.121 0.256 1
34.306 -63.84 6.305 120.525 0.243 1
39.105 -64.464 6.223 120.121 0.245 1
40.081 -64.382 6.111 120.389 0.244 1
41 -64.099 5.995 122.679 0.241 1
41.973 -64.156 5.832 123.586 0.239 1
42.86 -64.114 5.767 124.979 0.232 1
52.28 -63.615 6.326 121.984 0.263 1
56.48 -64.017 5.945 131.284 0.247 1
56.65 -63.733 5.983 128.532 0.242 1
162.005 -63.574 2.958 6.953 0.201 1
162.65 -63.513 3.125 7.375 0.201 1
167.245 -63.708 2.986 19.512 0.201 1
167.71 -64.096 3.290 17.664 0.201 1
-27.51 -65.2 6.292 67.367 0.243 1
-27.195 -65.355 6.130 70.018 0.236 1
22.4 -65.388 6.327 129.856 0.251 1
22.865 -64.888 6.223 127.996 0.242 1
28.383 -64.777 6.902 130.233 0.272 1
37.265 -64.635 6.317 120.338 0.247 1
38 -64.567 6.302 120.138 0.246 1
38.61 -64.51 6.571 120.083 0.261 1
40.2 -64.503 5.855 120.436 0.238 1
172.055 -65.433 3.812 24.738 0.21 1
172.555 -65.358 3.990 25.172 0.212 1
-119.99 -66.149 5.315 69.567 0.214 1
-104.532 -66.244 5.620 74.879 0.25 1
-84.612 -66.147 5.234 54.010 0.238 1
-75.545 -66.465 4.529 32.893 0.221 1
-26.7 -65.598 6.043 74.219 0.233 1
-26 -65.942 5.580 79.956 0.217 1
-25.18 -66.345 5.518 85.555 0.216 1
21.43 -66.431 6.270 138.384 0.264 1
21.895 -65.931 6.318 133.568 0.259 1
171.455 -65.523 3.781 24.125 0.217 1
171.55 -65.509 3.740 24.235 0.209 1
-132.515 -67.339 5.072 57.413 0.213 1
-132.375 -67.424 4.963 57.933 0.211 1
-126.992 -67.25 4.721 66.748 0.208 1
-126.246 -67.131 4.621 67.260 0.205 1
-119.98 -66.512 5.239 70.551 0.212 1
-109.925 -67.023 5.326 76.282 0.229 1
-104.538 -67.002 5.761 75.826 0.255 1
-84.517 -66.576 5.327 51.992 0.247 1
-84.486 -66.72 5.284 51.304 0.246 1
-80.515 -66.621 5.148 43.614 0.237 1
-80.455 -66.636 5.085 43.461 0.235 1
-75.76 -66.628 4.677 32.516 0.224 1
-24.685 -66.588 5.599 88.642 0.219 1
-24 -66.925 5.886 92.844 0.229 1
-23.16 -67.337 5.843 98.043 0.227 1
21.345 -66.522 6.202 139.297 0.261 1
23.095 -66.767 6.793 139.332 0.286 1
28 -66.61 6.545 143.001 0.284 1
29 -66.591 6.396 142.316 0.286 1
29.63 -66.579 6.443 156.163 0.287 1
-131.87 -67.73 4.853 59.761 0.21 1
-131.045 -68.23 4.651 62.224 0.208 1
-130.08 -67.999 4.499 64.087 0.206 1
-126.797 -67.743 4.554 69.225 0.207 1
-125.914 -67.936 4.560 71.028 0.21 1
-125.079 -67.801 4.458 71.118 0.207 1
-124.06 -67.731 4.451 71.623 0.208 1
-109.975 -67.713 5.122 77.998 0.231 1
-104.545 -68.003 5.712 78.154 0.256 1
-28.935 -68.129 5.953 104.236 0.241 1
-28 -68.126 5.906 104.994 0.237 1
-27 -68.123 5.835 105.932 0.233 1
-26.315 -68.121 6.128 106.687 0.245 1
-22.665 -67.581 6.040 101.810 0.234 1
-22 -67.907 6.019 108.257 0.234 1
-21.145 -68.327 6.120 115.994 0.239 1
-1.635 -67.774 5.466 144.221 0.228 1
-1.445 -67.662 5.462 142.915 0.226 1
25.465 -67.508 6.702 149.567 0.317 1
25.555 -67.537 6.684 150.040 0.319 1
-130.55 -68.529 4.685 64.077 0.211 1
-129.785 -68.599 4.526 65.792 0.21 1
-129.415 -68.807 4.515 66.254 0.212 1
-124.87 -68.659 4.568 75.375 0.213 1
-104.552 -69.005 5.675 80.965 0.268 1
-98.85 -69.065 5.800 83.910 0.244 1
-98.07 -68.921 5.796 84.185 0.24 1
-89.655 -69.39 5.054 81.219 0.241 1
-89 -69.313 5.071 72.798 0.25 1
-88 -69.196 4.886 52.746 0.254 1
-87.43 -69.13 4.723 48.723 0.249 1
-31.545 -69.492 6.312 127.394 0.266 1
-31 -69.41 6.325 126.977 0.266 1
-30 -69.26 6.315 126.325 0.264 1
-29 -69.11 6.202 125.068 0.255 1
-28.35 -69.013 5.871 122.888 0.241 1
-20.65 -68.571 5.934 119.806 0.233 1
-20 -68.89 6.038 125.913 0.239 1
-19.089 -69.332 6.062 128.955 0.244 1
176.04 -69.28 4.283 39.431 0.217 1
-104.558 -69.722 5.675 83.797 0.281 1
-103.51 -69.986 5.658 84.701 0.259 1
-102.995 -69.609 5.636 83.429 0.253 1
-102 -69.5 5.527 83.527 0.251 1
-101 -69.5 5.580 83.945 0.251 1
-100 -69.5 5.478 84.294 0.243 1
-99 -69.5 5.723 84.651 0.251 1
-98 -69.5 5.647 85.081 0.243 1
-97 -69.5 5.544 85.523 0.236 1
-96.485 -69.5 5.573 85.697 0.236 1
-33.905 -69.846 6.273 129.503 0.273 1
-33 -69.71 6.301 128.624 0.271 1
-32.05 -69.568 6.292 127.792 0.269 1
-18.58 -69.518 6.154 130.365 0.248 1
-18 -69.646 5.983 131.387 0.241 1
-17 -69.867 5.827 132.932 0.235 1
-16.45 -69.989 6.037 134.169 0.243 1
-103.535 -70.013 5.724 84.755 0.264 1
-16.36 -70.009 6.091 134.408 0.246 1
-158.745 -72.388 5.085 65.367 0.221 1
-155.445 -72.408 5.431 66.117 0.236 1
87.65 -37.933 4.096 18.698 0.236 2
-96.083 -42.733 4.349 17.887 0.254 2
-104.433 -43.767 3.611 11.533 0.259 2
-110.617 -44.583 3.314 2.519 0.226 2
-45.135 -55.365 4.547 14.294 0.216 2
-44.825 -56.006 4.173 18.643 0.211 2
-44.565 -56.544 4.191 21.478 0.217 2
11.485 -62.489 4.959 110.173 0.204 2
11.855 -61.991 4.899 102.157 0.204 2
11.105 -63.001 5.225 117.548 0.203 2
10.455 -63.876 5.505 122.642 0.207 2
10.62 -63.654 5.400 121.852 0.206 2
