-62.115 69.613 4.636 33.819 0.176 0
-15.833 69.871 1.229 0.956 0.021 0
-15.043 69.810 1.422 2.773 0.027 0
-14.030 69.701 1.684 8.199 0.021 0
-13.000 69.564 1.987 13.264 0.032 0
-12.480 69.503 2.034 15.620 0.021 0
-10.330 69.516 2.347 23.714 0.053 0
7.485 69.997 4.215 45.184 0.105 0
8.007 69.799 4.157 47.718 0.101 0
8.520 69.506 4.251 49.708 0.080 0
10.315 69.929 4.432 48.479 0.102 0
10.975 69.677 4.451 50.337 0.103 0
-62.787 68.990 4.529 58.698 0.169 0
-62.084 68.914 4.483 50.451 0.174 0
-61.120 68.595 4.313 48.687 0.170 0
-15.665 69.462 1.304 1.407 0.032 0
-11.975 69.443 2.250 17.968 0.043 0
-10.995 69.280 2.467 22.184 0.061 0
-10.425 69.377 2.432 23.621 0.061 0
7.090 69.311 3.947 49.445 0.073 0
9.015 69.271 4.518 51.777 0.104 0
9.595 68.996 4.605 53.111 0.111 0
11.470 69.489 4.440 51.983 0.102 0
11.820 69.355 4.443 52.912 0.104 0
-60.625 68.469 4.132 46.523 0.175 0
-60.000 68.309 3.544 33.714 0.198 0
-59.390 68.154 3.216 39.773 0.189 0
-18.116 67.820 1.192 1.336 0.035 0
0.980 67.714 3.626 48.647 0.091 0
-18.525 66.813 1.172 0.604 0.079 0
-18.375 67.183 1.008 0.741 0.061 0
-33.595 65.509 4.478 52.990 0.364 0
-3.700 66.206 3.839 30.150 0.100 0
-3.000 65.971 3.500 31.691 0.100 0
-2.050 65.652 3.674 41.518 0.104 0
1.075 65.910 3.552 48.405 0.081 0
1.610 65.570 3.657 51.707 0.091 0
-33.535 65.484 4.495 52.874 0.363 0
-33.000 65.261 4.442 51.532 0.290 0
-32.000 64.844 3.937 47.968 0.137 0
-31.335 64.566 3.385 41.354 0.064 0
-1.545 65.482 3.623 42.676 0.101 0
-1.000 65.299 3.844 47.025 0.110 0
0.000 64.963 3.738 51.312 0.090 0
0.815 64.689 4.022 53.088 0.105 0
2.115 65.250 3.579 53.381 0.075 0
2.634 64.919 2.941 53.893 0.050 0
-31.010 64.431 3.567 39.011 0.066 0
-23.605 63.548 1.283 0.315 0.106 0
-4.936 63.749 4.261 50.238 0.136 0
-38.665 63.019 4.268 54.085 0.222 0
-37.933 62.780 4.224 53.081 0.193 0
-37.261 62.578 3.948 51.830 0.160 0
-24.640 63.040 1.086 0.187 0.078 0
-23.998 63.219 1.160 0.970 0.084 0
-4.934 63.275 4.252 52.588 0.175 0
-36.782 62.408 4.035 50.833 0.143 0
-36.157 62.220 3.936 49.074 0.114 0
-26.750 61.737 1.232 0.243 0.047 0
-26.120 61.529 1.702 4.905 0.035 0
-57.215 60.794 4.077 39.672 0.097 0
-26.233 61.451 1.553 4.940 0.023 0
-59.720 59.903 4.795 56.423 0.182 0
-59.082 59.604 4.645 55.113 0.156 0
-57.870 60.227 4.379 46.540 0.130 0
-56.875 59.524 4.637 49.956 0.130 0
-51.790 59.883 4.399 70.973 0.081 0
-51.205 60.046 4.366 80.508 0.083 0
-20.905 59.785 3.655 44.809 0.087 0
-20.410 59.547 3.905 47.856 0.118 0
177.181 59.864 5.918 79.316 0.145 0
-59.079 59.395 4.817 58.520 0.185 0
-57.595 59.147 4.385 55.025 0.109 0
-57.221 59.343 4.465 52.144 0.126 0
-51.720 58.968 4.320 58.299 0.113 0
-42.655 59.099 4.665 59.314 0.203 0
-42.000 58.927 4.524 51.707 0.141 0
-41.000 58.664 4.282 48.835 0.107 0
-40.440 58.516 4.194 45.011 0.097 0
-20.205 59.448 4.143 48.335 0.137 0
177.190 58.999 5.777 77.399 0.156 0
-178.252 57.923 5.926 74.336 0.161 0
-176.981 57.620 5.911 73.431 0.167 0
-55.971 57.773 4.877 66.885 0.143 0
-55.410 57.629 4.777 64.567 0.124 0
-53.965 57.754 4.013 50.927 0.111 0
-53.185 58.175 4.413 35.344 0.136 0
-40.270 58.472 4.307 43.911 0.098 0
-32.737 57.753 1.715 0.273 0.007 0
-32.230 57.607 1.605 3.542 0.014 0
177.201 57.998 6.027 75.205 0.132 0
-55.793 57.298 4.778 74.235 0.135 0
-54.967 57.090 4.348 68.361 0.116 0
-54.213 57.021 4.126 61.148 0.115 0
-24.823 57.229 3.565 46.870 0.064 0
-24.070 56.944 3.794 49.126 0.081 0
-23.305 56.918 3.745 50.290 0.060 0
177.207 57.420 6.035 74.023 0.124 0
-53.745 56.299 4.786 68.019 0.115 0
-53.255 55.867 4.816 69.610 0.121 0
-23.845 56.491 3.962 50.803 0.116 0
-155.725 53.910 5.159 51.732 0.059 0
-163.585 52.542 5.502 54.555 0.028 0
-159.745 53.066 5.210 52.895 0.062 0
-163.525 52.453 5.296 54.724 0.032 0
-163.475 52.377 5.177 54.859 0.027 0
-171.835 50.526 5.257 63.295 0.016 0
-171.660 50.251 5.010 64.562 0.014 0
-44.680 50.343 4.445 106.150 0.111 0
-44.480 50.375 4.275 102.036 0.092 0
-41.375 48.539 4.913 81.659 0.095 0
-14.719 48.599 5.023 88.362 0.057 0
-14.144 48.762 5.068 106.673 0.083 0
-130.735 48.359 2.951 4.376 0.062 0
-129.855 48.166 2.855 1.998 0.063 0
-129.000 47.979 2.581 0.242 0.064 0
-128.115 47.785 2.884 2.362 0.064 0
-127.415 47.632 3.199 4.009 0.074 0
-42.025 48.392 5.087 98.422 0.119 0
-130.855 47.312 2.783 4.387 0.060 0
-129.911 47.060 2.626 1.687 0.059 0
-128.821 46.701 2.809 1.236 0.061 0
-128.286 46.593 3.055 2.408 0.067 0
-126.704 47.074 3.267 5.549 0.076 0
-126.375 46.681 3.329 6.440 0.082 0
-127.955 46.394 3.109 3.114 0.067 0
-42.755 45.844 5.190 122.638 0.056 0
-7.845 46.012 6.417 108.366 0.116 0
-131.545 45.294 3.235 8.899 0.059 0
-131.080 45.073 2.805 5.445 0.047 0
-130.051 44.651 2.466 0.513 0.025 0
-129.155 44.713 2.985 1.799 0.063 0
-126.590 44.640 3.075 5.445 0.069 0
-126.160 44.643 3.429 6.192 0.081 0
-43.870 44.921 5.101 119.872 0.129 0
-43.485 44.728 4.869 115.182 0.099 0
-8.582 44.735 6.731 108.052 0.105 0
-129.984 44.449 2.461 0.353 0.004 0
-53.280 43.535 6.089 169.233 0.237 0
-45.663 44.038 5.106 122.652 0.100 0
-45.349 43.867 5.256 119.497 0.107 0
-8.579 44.481 7.131 119.273 0.150 0
32.211 43.790 7.819 90.000 0.533 0
32.680 43.592 8.321 90.000 0.561 0
-53.370 43.452 6.281 168.277 0.232 0
32.156 43.064 7.506 90.000 0.493 0
33.023 43.288 8.250 90.000 0.551 0
34.000 42.885 7.898 90.000 0.503 0
37.270 42.663 5.672 80.000 0.246 0
37.962 42.932 6.317 80.000 0.326 0
38.770 42.646 6.468 80.000 0.350 0
138.205 42.614 4.742 17.169 0.092 0
-64.033 41.638 6.209 192.921 0.223 0
-60.540 41.794 7.167 185.958 0.172 0
-60.338 41.853 7.105 184.951 0.190 0
-13.245 42.140 6.146 125.644 0.071 0
5.170 41.565 5.260 23.975 0.226 0
37.990 42.349 5.588 80.000 0.241 0
39.180 42.420 6.604 80.000 0.368 0
136.380 41.829 4.856 19.102 0.081 0
137.000 42.096 4.910 18.096 0.088 0
137.715 42.404 4.835 17.252 0.090 0
-125.517 40.711 3.233 4.378 0.069 0
-125.499 40.505 3.684 5.501 0.097 0
-64.250 41.449 6.416 191.375 0.218 0
-59.905 41.116 6.972 174.493 0.145 0
-13.630 40.504 6.329 116.804 0.063 0
5.370 41.399 5.342 23.065 0.217 0
5.920 40.941 5.573 18.731 0.237 0
146.132 40.816 5.606 128.322 0.050 0
146.703 41.156 5.730 128.081 0.055 0
147.575 40.525 5.822 129.364 0.077 0
159.950 41.100 5.851 127.989 0.038 0
-125.495 40.460 3.659 9.119 0.092 0
-13.545 40.495 6.537 117.723 0.067 0
-13.224 40.461 6.649 121.232 0.097 0
6.345 39.860 4.889 18.321 0.230 0
6.550 39.842 4.823 19.985 0.216 0
145.390 40.238 5.815 128.834 0.055 0
145.607 39.893 5.581 129.443 0.037 0
146.830 40.339 5.664 129.310 0.041 0
147.945 40.000 5.790 130.292 0.072 0
150.816 40.047 5.620 126.955 0.067 0
-72.277 38.601 7.038 196.895 0.294 0
5.548 38.527 4.332 24.263 0.153 0
145.433 38.855 5.507 130.937 0.019 0
145.526 39.354 5.577 130.193 0.032 0
147.095 39.238 5.630 131.095 0.068 0
148.128 39.086 5.831 131.914 0.064 0
148.635 39.023 5.872 132.303 0.063 0
-68.880 38.065 6.230 179.146 0.156 0
2.446 37.649 4.441 21.065 0.144 0
5.609 37.999 4.308 22.981 0.155 0
145.335 38.331 5.470 131.665 0.028 0
147.690 38.469 5.818 132.753 0.065 0
-123.505 37.217 4.178 20.932 0.088 0
-123.375 37.280 4.147 20.365 0.133 0
-74.040 36.507 6.324 199.251 0.257 0
-70.260 37.117 6.102 174.566 0.131 0
-32.302 37.298 1.939 0.394 0.011 0
2.494 37.474 4.509 18.751 0.145 0
2.518 37.387 4.531 20.956 0.146 0
5.675 37.418 4.501 21.068 0.171 0
153.250 36.694 6.061 134.221 0.068 0
153.906 36.741 6.133 133.248 0.073 0
154.963 36.816 6.063 134.132 0.071 0
155.575 36.860 6.120 134.471 0.069 0
-73.750 36.451 6.274 196.857 0.222 0
-73.415 36.386 6.323 194.059 0.208 0
-12.900 35.847 6.497 149.915 0.112 0
145.155 36.266 5.858 134.853 0.063 0
146.014 36.097 5.888 135.778 0.065 0
146.611 35.775 5.997 136.735 0.064 0
152.640 36.400 6.058 134.430 0.067 0
-121.980 34.830 4.483 20.469 0.053 0
-72.692 34.752 6.540 181.129 0.153 0
-71.927 34.633 6.194 174.393 0.129 0
-69.845 34.537 6.219 158.766 0.092 0
-36.510 34.591 2.692 2.309 0.033 0
-36.400 34.925 2.578 0.677 0.028 0
-10.794 34.709 6.181 187.996 0.139 0
-10.405 34.562 6.090 197.002 0.149 0
146.477 34.531 6.045 138.655 0.064 0
146.550 35.386 6.049 137.339 0.064 0
-73.150 33.998 6.713 185.363 0.157 0
-72.185 33.737 6.541 175.660 0.113 0
-70.540 34.141 6.292 161.863 0.096 0
-37.695 33.929 3.022 1.697 0.026 0
-37.095 34.310 2.865 0.483 0.025 0
-12.715 34.010 5.983 163.667 0.116 0
-10.530 34.484 6.548 193.925 0.144 0
-10.342 34.220 6.748 197.273 0.166 0
146.489 34.327 6.036 139.390 0.064 0
147.070 34.059 6.003 140.133 0.063 0
147.665 34.035 6.004 140.281 0.058 0
149.355 33.922 5.877 141.364 0.061 0
150.120 33.859 5.996 141.849 0.066 0
152.019 33.962 6.062 142.527 0.063 0
152.845 33.876 6.171 142.298 0.064 0
153.915 33.997 5.944 140.777 0.062 0
154.560 34.021 5.897 140.656 0.065 0
-160.231 32.636 5.597 93.227 0.017 0
-73.600 33.129 6.831 185.784 0.147 0
-73.450 33.419 6.841 185.610 0.153 0
-71.775 32.618 6.562 168.069 0.101 0
-71.325 32.957 6.650 165.597 0.106 0
143.350 33.255 5.740 129.449 0.069 0
-160.225 31.999 5.330 93.386 0.016 0
-76.525 31.784 6.632 199.544 0.297 0
-76.137 32.138 6.539 199.662 0.213 0
-69.807 32.056 6.101 151.352 0.083 0
-69.010 31.671 5.890 146.702 0.081 0
-11.890 32.282 5.807 183.879 0.128 0
-11.120 32.178 6.106 194.594 0.146 0
138.130 32.250 4.790 32.748 0.090 0
142.985 32.246 6.022 130.773 0.030 0
143.740 31.864 5.878 132.113 0.062 0
-160.220 31.483 5.585 93.517 0.016 0
-72.740 30.830 6.688 169.030 0.108 0
-68.590 31.469 5.738 143.690 0.077 0
-68.000 31.184 5.743 139.456 0.077 0
-67.031 30.692 5.659 127.676 0.076 0
133.870 30.990 4.792 27.352 0.076 0
143.982 31.069 5.915 133.845 0.061 0
144.772 31.005 5.985 134.650 0.060 0
146.136 30.829 6.178 144.334 0.062 0
147.199 30.690 6.273 146.886 0.063 0
148.032 30.707 6.274 147.639 0.063 0
148.755 30.725 6.310 148.340 0.064 0
-66.530 30.425 5.622 122.260 0.079 0
-66.293 30.299 5.456 119.992 0.077 0
-65.405 29.826 5.326 115.514 0.073 0
-29.250 30.233 4.454 79.670 0.044 0
-27.740 29.709 4.735 89.219 0.051 0
-27.415 29.596 4.855 91.100 0.050 0
136.170 29.658 4.495 18.862 0.048 0
137.000 29.836 4.591 15.777 0.039 0
137.695 29.985 4.327 20.092 0.061 0
-71.629 28.543 6.214 152.373 0.098 0
-63.635 28.875 5.320 106.431 0.065 0
-63.185 28.613 5.332 104.048 0.060 0
-158.756 27.519 5.344 84.124 0.016 0
-111.850 27.570 3.844 0.841 0.149 0
-71.500 28.497 6.332 151.333 0.099 0
-71.071 28.166 6.217 148.794 0.089 0
-69.679 27.814 6.080 140.478 0.079 0
-69.275 27.701 5.931 138.494 0.080 0
-62.705 28.334 5.345 101.505 0.061 0
-62.077 27.967 5.599 98.185 0.059 0
-61.455 27.605 5.942 94.889 0.057 0
-20.868 27.951 5.805 133.833 0.091 0
147.115 27.588 5.896 146.192 0.065 0
150.050 27.729 6.150 154.548 0.014 0
-160.283 26.950 4.684 86.669 0.018 0
-158.754 26.991 4.724 84.237 0.013 0
-111.620 27.420 3.523 0.350 0.115 0
-111.425 27.294 3.416 0.220 0.106 0
-89.826 26.985 6.946 141.342 0.393 0
-88.936 27.067 6.803 143.348 0.367 0
-88.012 26.957 6.631 142.693 0.310 0
-87.039 26.811 6.439 141.620 0.262 0
-86.412 26.653 6.743 142.813 0.225 0
-60.745 27.191 6.027 91.133 0.059 0
-59.896 26.681 6.097 86.624 0.060 0
146.335 27.186 5.968 145.636 0.073 0
147.004 27.136 5.892 146.899 0.071 0
147.850 27.069 5.945 149.550 0.063 0
149.324 27.167 6.104 154.410 0.023 0
149.802 26.972 6.004 154.818 0.018 0
-160.281 26.192 4.818 86.879 0.013 0
-158.751 26.192 4.873 84.410 0.008 0
-93.874 25.928 7.477 142.057 0.376 0
-93.160 25.914 7.534 140.235 0.381 0
-92.005 25.763 7.427 134.070 0.374 0
-90.884 25.922 7.431 134.104 0.332 0
-89.950 25.985 7.135 132.811 0.312 0
-88.928 26.130 6.911 130.760 0.310 0
-87.968 26.127 6.728 130.263 0.291 0
-86.964 26.030 6.487 133.667 0.248 0
-86.220 25.921 6.212 137.702 0.221 0
-75.260 25.709 5.614 195.629 0.092 0
-59.068 26.164 6.106 82.118 0.068 0
-58.128 25.576 6.035 76.410 0.058 0
150.335 26.416 5.892 155.465 0.018 0
157.704 25.528 6.056 159.583 0.048 0
-94.725 25.225 7.737 143.223 0.365 0
-93.983 24.989 7.618 133.888 0.327 0
-93.091 24.950 7.406 134.024 0.311 0
-92.250 24.731 7.167 138.474 0.275 0
-86.709 25.426 6.324 135.523 0.223 0
-86.251 25.426 6.193 130.750 0.218 0
-75.070 25.365 5.684 195.305 0.100 0
-68.070 24.950 5.972 119.705 0.042 0
-56.960 24.944 5.813 75.942 0.061 0
-22.779 24.765 5.825 134.206 0.078 0
146.140 25.181 6.207 146.225 0.075 0
157.611 25.118 5.948 160.801 0.043 0
-108.620 23.634 3.478 0.443 0.124 0
-108.465 23.526 3.514 0.086 0.113 0
-95.560 24.152 7.530 139.862 0.423 0
-94.879 24.057 7.712 137.540 0.387 0
-94.048 23.976 7.586 133.365 0.316 0
-93.122 24.141 7.289 131.986 0.279 0
-92.305 24.389 6.995 144.554 0.252 0
-54.425 24.283 5.746 58.983 0.066 0
-53.352 24.000 5.620 52.308 0.079 0
-52.257 23.714 5.424 46.673 0.075 0
-22.930 24.203 5.843 136.218 0.072 0
-21.660 23.815 5.956 147.819 0.099 0
-21.000 23.690 5.892 151.332 0.101 0
-20.295 23.557 6.015 156.974 0.122 0
-157.551 23.395 4.308 84.324 0.056 0
-108.863 22.618 3.674 2.064 0.088 0
-108.040 23.230 3.401 3.952 0.105 0
-95.060 22.989 7.534 134.446 0.383 0
-93.882 23.117 7.242 141.114 0.289 0
-93.440 23.048 6.852 147.691 0.251 0
-50.840 23.348 5.234 38.423 0.066 0
-46.850 22.783 4.227 12.023 0.102 0
-46.470 22.779 4.235 9.656 0.092 0
-44.047 23.403 4.015 11.661 0.002 0
-43.499 23.205 3.867 13.675 0.002 0
-19.715 23.447 6.036 165.361 0.139 0
-18.936 23.210 6.103 176.654 0.177 0
-17.862 22.988 6.112 191.900 0.292 0
-17.494 23.374 5.909 194.611 0.335 0
65.384 22.752 5.212 84.664 0.255 0
65.697 22.763 5.383 87.936 0.283 0
125.255 22.650 5.893 52.473 0.087 0
157.105 22.885 5.596 165.404 0.038 0
-108.588 22.455 3.358 0.676 0.096 0
-108.085 22.179 3.570 1.974 0.111 0
-107.370 21.761 3.592 6.351 0.123 0
-95.570 22.453 7.155 132.764 0.391 0
-95.115 21.816 7.137 130.128 0.375 0
-94.173 22.052 6.895 148.274 0.279 0
-67.838 22.266 5.886 115.645 0.079 0
-67.255 22.248 6.039 113.050 0.077 0
-66.490 22.137 5.877 110.325 0.065 0
65.032 22.193 5.188 77.935 0.205 0
125.345 22.425 5.737 51.998 0.068 0
134.185 21.970 5.542 70.090 0.041 0
156.981 22.335 5.358 166.061 0.030 0
-94.826 21.149 6.976 145.102 0.337 0
133.870 21.410 5.681 66.636 0.042 0
-159.310 19.579 4.463 96.898 0.059 0
60.365 20.133 4.677 61.283 0.131 0
60.570 20.004 4.357 61.525 0.090 0
64.055 19.905 5.065 62.681 0.133 0
64.938 19.878 5.350 63.094 0.148 0
66.095 19.766 4.538 63.568 0.132 0
89.015 19.505 6.590 108.024 0.437 0
155.235 19.997 5.987 166.444 0.069 0
-18.972 19.099 5.506 176.564 0.179 0
64.919 19.479 5.090 62.443 0.127 0
65.895 19.411 4.471 62.802 0.121 0
67.993 19.106 4.415 80.087 0.100 0
68.770 18.695 4.292 78.362 0.102 0
86.815 18.654 5.635 110.540 0.261 0
88.129 18.820 6.550 108.290 0.372 0
88.750 19.290 6.609 108.085 0.418 0
119.210 19.021 5.786 30.732 0.147 0
156.216 18.961 6.077 170.172 0.045 0
-20.992 17.510 4.685 151.252 0.108 0
-20.042 17.518 4.848 157.117 0.120 0
-19.078 17.977 5.299 170.701 0.155 0
64.924 17.876 5.430 59.822 0.142 0
68.202 18.038 4.672 70.141 0.103 0
68.758 18.112 4.769 71.711 0.114 0
87.019 17.928 6.183 108.961 0.296 0
88.014 17.923 6.423 107.400 0.341 0
88.615 18.063 6.409 107.079 0.352 0
116.297 17.997 4.934 28.545 0.110 0
156.004 18.025 5.947 171.333 0.036 0
-23.606 16.804 4.321 132.751 0.077 0
-20.950 17.203 4.834 151.670 0.110 0
-20.185 16.630 4.816 157.528 0.105 0
-18.571 17.220 5.477 173.580 0.163 0
-18.177 17.212 5.540 177.946 0.186 0
64.812 17.242 5.661 58.727 0.143 0
66.640 17.143 4.984 58.825 0.110 0
68.815 17.406 4.548 67.351 0.096 0
84.018 16.606 6.216 124.993 0.257 0
86.500 16.797 5.805 108.435 0.233 0
87.088 16.991 6.133 107.011 0.285 0
87.830 17.228 6.340 106.662 0.311 0
88.949 17.225 6.213 105.804 0.295 0
115.555 16.610 4.547 29.460 0.115 0
-105.655 16.074 2.604 0.941 0.055 0
-105.260 16.109 2.692 0.223 0.055 0
-23.795 15.962 4.701 131.680 0.082 0
-19.755 16.308 5.010 161.185 0.113 0
-19.023 16.038 5.196 169.067 0.136 0
-18.317 16.395 5.561 176.887 0.179 0
41.675 15.981 1.792 1.869 0.028 0
53.957 16.272 3.394 15.312 0.087 0
83.093 15.578 6.193 124.977 0.251 0
84.100 16.101 6.460 123.896 0.273 0
84.685 16.327 6.370 119.606 0.270 0
86.381 15.729 5.958 107.631 0.231 0
86.761 16.237 6.062 108.269 0.251 0
115.705 16.300 4.890 24.250 0.107 0
-66.560 14.872 5.630 194.404 0.097 0
-66.460 14.660 5.708 193.929 0.104 0
-23.988 15.105 4.156 128.335 0.080 0
67.875 15.238 4.843 58.639 0.089 0
81.450 14.621 6.204 125.553 0.245 0
81.535 14.566 6.110 125.256 0.229 0
83.123 15.019 6.045 123.567 0.224 0
83.950 14.683 5.902 120.171 0.207 0
150.020 14.832 5.985 156.449 0.063 0
150.955 15.128 6.030 157.323 0.060 0
-67.692 14.015 5.932 187.478 0.096 0
-66.665 14.015 5.928 192.582 0.120 0
-66.345 14.415 5.758 193.375 0.108 0
-24.242 13.976 4.901 124.869 0.070 0
81.290 13.970 5.842 124.216 0.204 0
82.051 13.879 5.837 122.505 0.194 0
82.906 13.766 5.824 120.530 0.199 0
83.830 14.138 5.838 119.580 0.194 0
-19.635 12.639 5.825 158.788 0.105 0
-18.964 12.915 5.767 178.649 0.117 0
-18.440 13.132 5.583 187.104 0.130 0
81.305 13.074 5.539 122.638 0.187 0
81.837 12.973 5.816 120.269 0.202 0
83.035 12.869 5.753 117.154 0.207 0
83.535 12.909 5.812 116.057 0.184 0
-19.797 12.147 5.964 155.075 0.109 0
-19.440 11.581 6.016 150.431 0.115 0
69.375 12.014 4.431 54.721 0.066 0
69.850 12.177 4.370 55.233 0.062 0
81.229 12.078 5.570 122.065 0.167 0
82.070 12.127 5.839 120.934 0.208 0
82.820 12.038 5.783 114.989 0.196 0
-87.960 10.773 3.059 23.925 0.102 0
-19.000 10.888 5.889 152.711 0.125 0
81.351 11.136 5.861 120.734 0.174 0
81.681 11.228 5.976 120.334 0.181 0
-104.120 10.003 2.840 0.352 0.016 0
-87.540 9.604 3.370 22.633 0.067 0
-87.089 9.817 3.249 22.751 0.058 0
-86.500 9.502 3.456 21.168 0.045 0
-55.645 9.806 7.244 100.120 0.274 0
-55.365 9.718 6.620 99.214 0.209 0
-53.380 9.651 6.179 85.204 0.124 0
-52.200 9.626 5.939 80.912 0.161 0
-18.635 10.313 5.861 153.389 0.142 0
-104.806 9.086 2.941 0.999 0.028 0
-104.156 9.028 2.938 0.237 0.012 0
-86.185 9.265 3.440 19.880 0.039 0
-55.648 8.821 6.577 105.763 0.254 0
-52.580 8.792 5.765 91.424 0.108 0
-52.380 9.231 5.947 85.867 0.157 0
71.820 8.559 4.486 57.556 0.119 0
-103.987 8.467 2.768 0.194 0.027 0
-55.535 8.494 6.412 105.325 0.258 0
71.365 8.360 4.426 55.591 0.082 0
71.590 8.459 4.469 55.959 0.099 0
-84.535 6.931 3.048 14.099 0.010 0
-84.375 6.770 3.109 13.638 0.024 0
-50.775 6.814 6.124 92.978 0.229 0
-49.611 6.569 6.380 90.050 0.223 0
-13.670 6.766 5.353 116.487 0.117 0
-12.875 6.561 5.445 116.000 0.151 0
-51.080 6.420 5.744 94.796 0.225 0
-49.520 6.472 6.426 89.787 0.217 0
-49.045 5.931 6.255 89.339 0.222 0
-48.234 5.644 6.155 87.146 0.229 0
-46.235 5.681 5.503 80.228 0.105 0
-12.940 6.480 5.452 115.163 0.143 0
-12.120 5.710 5.582 117.358 0.157 0
-11.475 5.509 5.653 119.507 0.197 0
50.895 5.661 6.341 147.099 0.139 0
-48.660 5.251 6.150 100.232 0.258 0
-47.922 4.889 6.194 99.275 0.266 0
-47.125 4.899 5.947 87.328 0.228 0
-46.197 5.148 5.613 79.911 0.130 0
-45.425 4.509 5.314 84.593 0.153 0
-11.745 5.127 5.537 115.382 0.149 0
-11.014 4.929 5.582 116.777 0.178 0
-10.347 4.635 5.502 116.867 0.187 0
0.122 4.802 6.327 104.179 0.212 0
1.360 4.524 6.398 105.856 0.192 0
1.710 4.529 6.251 105.941 0.178 0
2.940 4.646 6.195 107.023 0.210 0
3.816 4.865 6.319 111.500 0.320 0
-47.846 4.325 6.022 103.987 0.342 0
-46.875 4.229 6.014 96.731 0.264 0
-45.997 4.071 5.820 90.185 0.185 0
-45.201 3.702 5.645 84.155 0.142 0
-10.972 4.316 5.521 112.173 0.143 0
-10.115 4.481 5.557 117.296 0.200 0
-8.517 3.562 5.080 102.103 0.100 0
-7.964 3.649 5.209 101.553 0.116 0
-2.874 3.778 5.555 106.043 0.178 0
-2.380 4.001 5.063 104.159 0.246 0
-0.932 4.160 5.969 93.301 0.129 0
-0.133 4.277 5.855 98.418 0.162 0
1.014 4.375 6.211 103.830 0.174 0
2.132 4.127 6.199 102.014 0.189 0
2.732 3.910 6.005 103.028 0.173 0
3.951 4.028 6.169 102.807 0.261 0
92.875 3.598 5.715 64.008 0.112 0
-94.535 2.709 2.546 1.472 0.062 0
-94.345 2.689 2.513 1.424 0.057 0
-47.705 3.386 6.118 103.447 0.423 0
-46.895 2.802 6.246 98.237 0.318 0
-45.897 3.046 5.769 89.405 0.173 0
-45.092 2.947 5.522 83.148 0.131 0
-44.478 2.791 5.407 80.287 0.109 0
-43.255 2.631 5.359 74.779 0.101 0
-8.539 3.482 5.069 99.058 0.096 0
-3.800 3.088 5.972 87.644 0.109 0
-3.270 3.429 6.450 100.587 0.141 0
2.471 3.308 5.878 90.912 0.127 0
2.802 3.268 5.847 92.613 0.127 0
3.952 3.286 6.161 98.028 0.208 0
4.762 3.024 5.800 98.777 0.203 0
5.655 2.687 5.468 101.697 0.194 0
7.215 2.618 5.029 108.902 0.178 0
8.258 2.881 5.118 112.788 0.259 0
8.677 2.654 5.231 113.606 0.268 0
93.230 3.223 5.928 68.620 0.120 0
93.705 2.722 6.151 56.892 0.137 0
-91.655 2.291 2.450 1.057 0.068 0
-91.445 2.254 2.475 1.384 0.069 0
-80.100 2.007 3.518 10.714 0.059 0
-46.758 2.356 6.401 104.301 0.303 0
-46.078 2.006 6.078 102.172 0.241 0
-44.937 2.142 5.628 84.289 0.130 0
-43.903 1.980 5.416 80.369 0.107 0
-43.365 2.145 5.325 75.847 0.099 0
5.420 2.409 5.483 101.196 0.159 0
5.797 2.029 5.168 103.238 0.137 0
6.703 2.093 4.837 105.857 0.142 0
8.415 2.230 4.912 112.126 0.222 0
8.817 2.241 4.835 114.786 0.217 0
49.405 1.934 6.548 154.935 0.157 0
94.209 2.151 6.334 55.927 0.157 0
-83.709 1.114 3.429 7.128 0.060 0
-45.765 1.411 6.074 101.029 0.249 0
-44.801 1.321 5.571 88.786 0.134 0
-43.974 1.256 5.402 85.573 0.112 0
-43.306 1.259 5.328 80.706 0.111 0
5.550 1.497 5.042 100.906 0.119 0
47.020 0.833 7.248 149.749 0.235 0
-42.600 -0.346 5.600 106.585 0.161 0
-42.285 0.026 5.701 101.515 0.141 0
-41.318 -0.201 5.649 96.349 0.138 0
-40.420 -0.335 5.262 90.024 0.113 0
-38.260 -0.411 5.040 77.639 0.082 0
44.120 -0.388 6.406 157.324 0.245 0
44.720 0.099 6.089 157.676 0.203 0
-81.880 -1.394 3.113 19.301 0.151 0
-41.920 -1.166 5.849 104.651 0.213 0
-40.900 -1.067 5.412 95.649 0.153 0
-38.565 -0.830 5.390 79.181 0.099 0
-38.415 -0.624 5.161 78.425 0.088 0
44.150 -0.974 6.150 155.774 0.206 0
44.939 -1.018 6.072 155.058 0.160 0
45.500 -1.356 5.772 153.932 0.116 0
-42.215 -1.705 5.967 109.531 0.287 0
-41.205 -1.533 5.452 99.643 0.185 0
43.146 -2.256 6.122 156.521 0.206 0
44.020 -1.506 6.079 154.309 0.181 0
44.831 -2.325 5.918 146.414 0.138 0
56.925 -2.141 4.340 61.000 0.063 0
-81.750 -2.619 3.733 32.275 0.038 0
-35.915 -2.897 5.355 108.363 0.145 0
-35.272 -3.320 5.088 106.543 0.111 0
-34.400 -3.282 5.503 102.212 0.125 0
8.082 -3.481 5.593 118.945 0.114 0
42.851 -3.146 5.930 154.518 0.188 0
43.856 -3.280 5.900 154.399 0.158 0
44.925 -2.541 5.929 144.420 0.135 0
56.325 -3.093 4.382 62.904 0.075 0
56.730 -2.984 4.378 62.242 0.076 0
-105.882 -4.280 3.219 1.187 0.012 0
-102.962 -4.136 3.181 1.889 0.012 0
-11.820 -4.493 2.567 1.529 0.032 0
8.285 -3.928 5.743 117.925 0.132 0
8.540 -4.148 5.816 118.312 0.144 0
42.250 -4.449 5.597 143.890 0.157 0
42.580 -3.581 5.880 151.632 0.190 0
44.035 -3.601 5.944 144.992 0.146 0
56.480 -3.580 4.295 62.017 0.083 0
56.520 -3.517 4.337 61.847 0.082 0
79.820 -3.510 6.002 72.829 0.086 0
-105.999 -4.829 3.125 0.619 0.009 0
-34.595 -4.507 5.127 112.646 0.108 0
-12.550 -4.852 2.721 3.204 0.016 0
-11.955 -4.934 2.423 0.475 0.030 0
9.075 -4.738 5.913 117.849 0.173 0
42.248 -5.339 5.215 134.409 0.136 0
43.119 -4.828 5.933 139.311 0.151 0
43.643 -4.831 5.794 138.678 0.131 0
-138.140 -6.402 4.185 47.345 0.055 0
-34.530 -5.633 5.556 119.154 0.148 0
-34.323 -5.598 5.450 118.167 0.120 0
-11.626 -5.526 2.309 2.050 0.030 0
9.134 -6.270 6.162 114.101 0.191 0
42.198 -6.000 5.263 129.769 0.141 0
79.910 -5.500 5.836 67.444 0.079 0
-137.560 -7.211 4.150 47.005 0.056 0
-137.450 -7.365 4.180 46.940 0.056 0
-33.750 -7.066 5.565 116.575 0.123 0
-33.089 -6.915 5.564 112.222 0.095 0
-32.204 -7.133 5.746 106.343 0.092 0
9.257 -6.969 6.146 114.815 0.171 0
10.038 -7.113 6.114 117.735 0.184 0
42.149 -6.657 5.486 129.305 0.170 0
43.310 -7.382 5.545 121.307 0.117 0
101.405 -7.404 6.248 72.483 0.095 0
101.740 -7.086 6.343 71.526 0.117 0
-138.250 -8.341 3.966 47.907 0.011 0
-137.120 -7.826 4.167 46.743 0.056 0
-32.853 -7.721 5.858 112.205 0.098 0
-32.165 -8.189 6.126 109.477 0.097 0
-14.685 -8.151 3.307 7.406 0.018 0
-14.175 -7.814 2.875 3.842 0.006 0
-13.163 -8.287 2.127 3.283 0.023 0
9.200 -7.646 5.977 113.993 0.120 0
10.293 -8.054 5.848 117.187 0.139 0
10.510 -8.296 5.712 117.393 0.134 0
42.970 -8.249 5.676 124.473 0.140 0
103.755 -8.316 6.431 94.344 0.063 0
-138.670 -8.698 4.213 49.115 0.021 0
-138.470 -8.528 4.086 48.517 0.002 0
-81.635 -8.688 4.322 29.063 0.075 0
-81.435 -8.607 4.788 29.380 0.055 0
-33.692 -9.315 5.484 114.065 0.094 0
-32.676 -9.094 5.791 109.129 0.092 0
-32.190 -8.864 5.979 107.426 0.093 0
-13.515 -8.758 2.464 3.304 0.009 0
-13.137 -8.746 2.215 1.140 0.013 0
10.448 -8.977 5.480 117.601 0.112 0
10.537 -8.951 5.474 118.044 0.112 0
42.058 -9.247 4.914 131.051 0.143 0
103.560 -8.583 6.378 94.317 0.069 0
-140.650 -10.378 4.125 55.004 0.010 0
-140.245 -10.034 4.388 53.804 0.026 0
-35.046 -10.435 5.516 112.170 0.130 0
-34.115 -10.421 5.581 105.837 0.095 0
-33.335 -9.564 5.632 109.434 0.089 0
10.500 -9.500 5.253 117.422 0.096 0
10.744 -9.945 4.852 117.655 0.092 0
42.068 -9.726 4.810 130.053 0.147 0
106.030 -9.753 5.913 106.006 0.042 0
153.025 -10.078 3.392 1.993 0.068 0
153.852 -10.126 3.204 0.894 0.056 0
-140.820 -10.522 4.012 55.505 0.024 0
-35.690 -11.286 5.665 112.987 0.166 0
-35.055 -10.850 5.454 109.545 0.123 0
-34.359 -10.844 5.451 105.969 0.093 0
11.324 -11.259 4.581 116.706 0.092 0
11.570 -11.470 4.603 116.898 0.098 0
42.673 -11.082 4.762 134.720 0.136 0
118.889 -11.423 5.528 147.489 0.060 0
-142.955 -12.299 4.795 65.144 0.056 0
-142.123 -11.609 4.608 61.278 0.062 0
-79.715 -11.911 4.891 39.799 0.023 0
-36.694 -12.193 5.176 116.556 0.137 0
-36.052 -12.013 5.493 113.623 0.127 0
-35.490 -12.212 5.455 109.980 0.099 0
11.369 -11.523 4.594 116.132 0.089 0
11.690 -11.520 4.743 117.236 0.110 0
42.356 -11.856 4.853 137.606 0.153 0
42.555 -11.677 4.672 137.136 0.149 0
50.033 -12.189 4.134 68.191 0.089 0
115.975 -11.788 5.711 135.102 0.034 0
118.873 -11.686 5.540 148.657 0.064 0
-37.541 -13.239 5.157 115.654 0.130 0
-37.158 -13.024 5.357 114.543 0.129 0
-36.151 -12.630 5.506 111.647 0.108 0
11.336 -12.616 4.674 116.510 0.115 0
11.636 -12.770 4.629 117.716 0.135 0
41.892 -12.898 5.010 143.792 0.161 0
42.635 -12.739 5.558 141.640 0.156 0
44.252 -13.218 5.611 144.540 0.152 0
44.565 -13.386 5.711 145.937 0.156 0
46.093 -12.699 5.313 154.311 0.133 0
46.670 -13.204 5.460 155.972 0.148 0
119.139 -13.245 5.742 156.362 0.086 0
-145.805 -13.958 4.716 58.322 0.063 0
-145.420 -13.774 4.622 57.319 0.062 0
-78.165 -13.832 4.854 41.815 0.032 0
-37.885 -14.192 5.280 117.772 0.135 0
-37.185 -13.664 5.428 114.400 0.120 0
11.078 -14.041 4.795 114.385 0.111 0
43.136 -13.538 5.491 146.349 0.147 0
44.177 -13.646 5.722 147.544 0.156 0
45.074 -13.883 5.746 154.852 0.160 0
45.733 -13.841 5.881 156.542 0.176 0
111.984 -13.906 6.002 130.031 0.095 0
-149.250 -15.452 4.340 67.354 0.059 0
-77.072 -15.379 4.610 44.405 0.143 0
-37.725 -15.311 5.533 116.720 0.140 0
-37.255 -15.249 5.530 114.147 0.130 0
11.131 -14.755 5.197 116.684 0.162 0
11.500 -14.648 5.125 118.682 0.172 0
44.285 -14.529 5.767 153.838 0.164 0
111.365 -15.361 6.027 130.209 0.095 0
111.770 -15.350 6.033 134.964 0.098 0
113.080 -15.345 6.006 154.708 0.083 0
114.819 -15.457 6.204 152.012 0.077 0
118.485 -14.751 6.468 153.702 0.098 0
118.560 -14.794 6.356 155.576 0.099 0
-149.550 -16.073 4.332 69.269 0.059 0
-114.535 -16.024 2.978 2.323 0.024 0
-114.000 -15.947 2.908 1.514 0.023 0
-112.974 -15.801 2.878 0.023 0.019 0
-112.000 -15.661 3.040 1.172 0.019 0
-111.485 -15.588 3.134 1.795 0.021 0
-76.794 -15.714 4.569 44.507 0.165 0
-76.355 -16.047 4.484 44.782 0.118 0
10.440 -16.266 5.551 114.482 0.148 0
10.758 -15.961 5.369 116.059 0.162 0
110.370 -16.192 6.041 126.193 0.076 0
110.565 -16.317 5.949 127.051 0.069 0
112.077 -16.075 5.907 139.139 0.135 0
114.892 -15.631 6.113 152.896 0.073 0
117.464 -15.939 6.274 155.700 0.075 0
117.649 -16.012 6.275 156.347 0.076 0
-114.725 -17.473 2.896 2.202 0.030 0
-114.065 -17.391 2.758 1.250 0.030 0
-112.775 -17.231 2.839 0.501 0.026 0
-112.325 -17.175 2.887 1.084 0.027 0
10.216 -16.844 5.556 115.668 0.161 0
10.629 -16.824 5.507 118.129 0.184 0
40.125 -17.180 5.395 158.682 0.251 0
41.003 -16.980 5.362 157.873 0.214 0
86.190 -17.025 4.734 52.085 0.008 0
89.485 -17.025 5.090 42.613 0.016 0
90.000 -17.025 4.878 44.868 0.015 0
90.795 -17.025 4.841 53.183 0.024 0
109.215 -17.424 5.883 124.108 0.077 0
109.887 -17.333 5.966 125.722 0.084 0
111.071 -17.000 5.919 130.786 0.103 0
111.818 -16.933 5.782 135.905 0.123 0
-115.505 -17.569 3.016 3.303 0.030 0
-115.220 -17.534 2.878 2.886 0.028 0
9.210 -17.949 5.353 110.245 0.132 0
9.954 -18.121 5.472 113.803 0.127 0
38.470 -18.095 5.962 158.680 0.288 0
38.590 -18.336 6.056 158.122 0.288 0
39.790 -18.077 5.916 157.216 0.259 0
40.645 -18.187 5.228 156.246 0.215 0
109.344 -17.806 5.818 124.718 0.073 0
109.978 -17.955 5.747 126.857 0.094 0
110.930 -17.822 5.680 130.433 0.126 0
112.015 -17.645 5.848 135.831 0.120 0
-37.310 -18.885 5.012 112.423 0.117 0
10.210 -18.615 5.129 114.199 0.119 0
38.915 -18.990 6.019 156.611 0.261 0
40.070 -19.004 5.919 154.880 0.246 0
108.470 -18.972 5.819 123.748 0.074 0
108.973 -18.893 5.799 124.727 0.088 0
109.605 -18.784 5.763 126.433 0.120 0
5.115 -20.265 5.502 89.135 0.032 0
40.410 -19.698 5.484 152.207 0.217 0
40.655 -20.198 5.229 149.708 0.205 0
108.375 -19.622 5.774 124.137 0.090 0
108.900 -19.723 5.545 125.201 0.104 0
109.760 -20.193 5.647 127.938 0.082 0
-38.326 -21.372 5.144 118.023 0.108 0
54.410 -20.573 4.211 64.990 0.012 0
106.485 -20.987 5.623 122.480 0.066 0
106.725 -21.244 5.620 122.702 0.074 0
111.026 -21.341 5.810 127.999 0.092 0
-176.749 -22.268 2.448 0.424 0.023 0
-176.435 -22.168 2.381 1.036 0.031 0
-38.253 -21.941 4.973 117.092 0.111 0
8.405 -21.712 5.108 105.295 0.073 0
8.755 -21.866 5.052 107.263 0.063 0
37.328 -21.712 5.283 154.523 0.155 0
56.150 -22.052 3.955 65.299 0.050 0
110.411 -22.459 5.995 127.804 0.089 0
110.989 -21.993 5.877 127.284 0.087 0
111.740 -21.973 5.872 128.113 0.089 0
-176.510 -22.503 2.448 0.932 0.021 0
-176.480 -22.514 2.357 1.003 0.026 0
-71.580 -23.419 4.662 50.920 0.024 0
-38.039 -23.117 5.143 117.080 0.122 0
-37.350 -22.913 5.122 114.489 0.105 0
37.048 -23.126 4.810 148.706 0.146 0
37.796 -22.967 4.854 148.604 0.121 0
110.295 -22.704 5.953 127.700 0.087 0
110.932 -22.777 5.938 127.497 0.092 0
-38.811 -24.204 5.186 118.240 0.126 0
-37.849 -23.716 5.265 115.460 0.128 0
11.415 -24.148 5.660 121.254 0.132 0
11.715 -23.858 5.401 123.389 0.145 0
37.147 -23.754 4.625 145.608 0.138 0
37.575 -23.866 4.682 144.647 0.131 0
106.430 -23.726 5.578 122.871 0.070 0
106.515 -23.748 5.518 122.818 0.068 0
-38.727 -25.005 5.206 115.175 0.119 0
-38.329 -24.779 5.455 113.867 0.123 0
-2.140 -25.010 4.970 48.782 0.059 0
11.385 -25.039 5.669 120.139 0.105 0
11.705 -24.832 5.501 122.056 0.115 0
106.700 -24.684 5.581 121.757 0.061 0
165.340 -24.983 5.049 59.000 0.113 0
165.780 -24.700 5.099 59.000 0.117 0
-173.870 -26.398 5.168 89.702 0.055 0
-39.515 -25.598 5.768 117.086 0.161 0
-39.133 -25.756 5.476 114.979 0.116 0
166.130 -26.425 4.912 59.000 0.114 0
166.535 -26.379 4.885 59.000 0.116 0
-173.975 -26.755 5.375 93.175 0.058 0
-139.985 -27.113 4.278 38.876 0.059 0
65.950 -27.332 2.911 3.540 0.047 0
-174.430 -28.300 5.598 102.292 0.062 0
-145.220 -28.256 4.375 57.841 0.056 0
-46.280 -28.447 5.737 114.704 0.230 0
-29.937 -28.120 4.728 72.244 0.062 0
65.465 -27.593 3.006 0.994 0.035 0
65.995 -27.654 3.509 1.806 0.046 0
66.575 -27.541 2.984 3.281 0.054 0
-174.540 -28.674 5.592 103.285 0.058 0
-174.495 -28.521 5.625 102.880 0.060 0
-145.475 -28.779 4.093 59.678 0.055 0
-140.575 -29.457 4.309 43.679 0.067 0
-140.400 -29.154 4.183 41.958 0.074 0
-46.745 -29.357 5.658 118.134 0.310 0
-46.017 -29.001 5.753 116.120 0.234 0
-45.430 -29.382 5.767 115.955 0.165 0
-40.771 -29.006 5.142 105.060 0.114 0
12.395 -28.920 4.699 120.434 0.137 0
13.067 -29.193 4.855 123.630 0.136 0
112.435 -29.292 5.424 125.949 0.068 0
156.460 -29.290 5.657 64.965 0.116 0
156.894 -29.114 5.393 64.666 0.114 0
-140.845 -29.923 4.395 46.563 0.066 0
-46.084 -29.749 5.715 117.304 0.257 0
-45.251 -30.201 5.579 115.513 0.174 0
13.242 -29.668 4.916 123.921 0.145 0
13.644 -30.228 4.910 125.151 0.155 0
48.210 -30.285 5.029 71.985 0.097 0
48.990 -30.492 5.203 69.345 0.087 0
113.430 -30.382 5.471 125.956 0.078 0
154.421 -29.666 5.497 62.584 0.086 0
154.879 -29.666 5.415 56.617 0.086 0
-141.218 -30.568 4.421 48.982 0.062 0
-73.190 -31.000 4.314 39.096 0.004 0
-46.520 -31.218 5.655 117.760 0.158 0
-46.435 -31.266 5.508 117.499 0.143 0
-44.580 -30.554 5.736 113.573 0.187 0
-44.000 -30.860 5.536 112.118 0.172 0
-43.156 -31.292 5.692 109.366 0.153 0
49.060 -30.510 5.134 69.256 0.077 0
113.735 -31.039 5.266 127.996 0.073 0
-74.221 -32.344 4.325 36.868 0.030 0
-73.255 -32.085 4.140 38.260 0.019 0
-48.550 -32.185 6.315 122.583 0.256 0
-47.997 -31.981 6.150 120.439 0.223 0
-47.035 -32.157 5.998 117.785 0.177 0
-45.994 -32.154 5.862 115.119 0.147 0
-42.620 -31.554 5.352 107.781 0.119 0
-41.880 -31.914 5.299 105.196 0.112 0
-41.175 -32.258 5.438 102.456 0.105 0
14.730 -32.239 4.976 124.173 0.145 0
57.278 -32.461 2.637 7.817 0.046 0
169.174 -31.847 4.542 21.185 0.075 0
-74.014 -32.882 4.092 36.708 0.038 0
-73.323 -32.903 4.198 37.561 0.033 0
-48.905 -33.254 6.410 121.563 0.271 0
-47.901 -32.825 6.294 119.097 0.210 0
-46.925 -33.065 6.060 115.808 0.170 0
-46.034 -32.720 5.996 114.312 0.149 0
-45.162 -33.160 5.932 110.482 0.134 0
-37.150 -32.910 5.132 90.129 0.078 0
57.076 -32.744 2.977 3.989 0.047 0
57.700 -32.736 3.148 13.738 0.049 0
111.332 -32.759 5.393 124.981 0.091 0
-74.255 -34.181 3.925 35.334 0.043 0
-49.830 -34.039 6.523 123.688 0.284 0
-49.275 -34.368 6.356 120.650 0.215 0
-47.880 -33.892 6.238 117.184 0.174 0
-47.058 -34.051 6.216 114.478 0.141 0
-46.287 -34.428 6.137 111.181 0.119 0
-43.885 -33.813 5.790 105.145 0.113 0
-42.979 -34.272 5.708 101.770 0.102 0
-50.794 -35.127 6.475 125.129 0.249 0
-50.140 -35.271 6.368 122.190 0.188 0
-48.985 -34.540 6.263 119.412 0.178 0
-48.190 -34.571 6.388 116.827 0.145 0
-45.805 -34.635 6.125 109.053 0.108 0
-45.275 -34.863 6.018 107.028 0.101 0
-42.515 -34.508 5.950 99.083 0.103 0
-42.300 -34.617 5.790 97.568 0.097 0
158.450 -35.366 5.610 72.262 0.080 0
159.115 -34.947 5.633 77.536 0.082 0
159.635 -35.484 5.510 82.374 0.083 0
-51.575 -36.142 6.178 126.135 0.210 0
-50.927 -36.055 6.405 123.572 0.197 0
-50.174 -35.875 6.316 120.994 0.161 0
-48.992 -36.000 6.288 117.086 0.126 0
-48.340 -36.402 6.290 114.469 0.113 0
23.815 -36.441 5.172 99.643 0.092 0
25.180 -36.005 5.694 104.024 0.114 0
110.037 -35.727 5.751 97.556 0.071 0
129.183 -36.281 6.006 81.924 0.079 0
158.125 -35.571 5.351 70.571 0.083 0
159.480 -35.538 5.488 80.397 0.087 0
159.767 -35.940 5.576 79.621 0.079 0
-76.920 -37.467 4.310 29.659 0.023 0
-51.784 -37.051 6.495 124.631 0.186 0
-51.177 -36.861 6.455 122.753 0.166 0
-50.395 -36.986 6.456 119.729 0.143 0
-47.835 -36.708 6.107 112.419 0.099 0
-47.286 -37.040 6.165 110.201 0.097 0
24.030 -36.812 5.353 99.530 0.068 0
25.405 -36.858 5.711 103.799 0.155 0
25.537 -37.357 5.498 103.258 0.212 0
123.723 -36.937 5.748 72.652 0.067 0
129.405 -36.609 6.020 72.702 0.073 0
129.618 -36.923 6.074 62.454 0.074 0
135.560 -37.201 6.220 70.486 0.090 0
159.295 -36.705 5.516 75.329 0.078 0
160.490 -37.494 5.352 76.354 0.074 0
160.935 -37.258 5.475 82.120 0.076 0
-76.635 -37.528 4.380 29.894 0.031 0
-76.000 -37.664 4.371 30.421 0.029 0
-75.345 -37.805 4.536 30.960 0.039 0
-52.760 -37.999 6.393 127.637 0.161 0
-52.021 -37.597 6.365 124.243 0.162 0
25.707 -38.000 5.857 102.334 0.234 0
50.320 -37.693 2.570 1.573 0.046 0
50.575 -37.664 2.387 1.095 0.026 0
137.150 -37.818 5.710 46.772 0.080 0
160.290 -37.600 5.340 74.003 0.072 0
161.170 -38.338 5.380 73.446 0.078 0
161.820 -38.009 5.396 78.159 0.079 0
25.971 -39.001 5.691 101.096 0.254 0
139.292 -39.273 5.568 44.637 0.070 0
150.213 -39.215 5.749 78.591 0.107 0
150.874 -39.225 5.781 75.812 0.100 0
160.840 -38.505 5.286 71.958 0.073 0
-53.570 -39.835 6.194 124.580 0.108 0
-53.123 -39.806 6.325 122.985 0.108 0
26.159 -39.708 5.477 101.180 0.260 0
139.274 -39.616 5.557 41.932 0.071 0
150.024 -40.158 5.431 78.276 0.101 0
-54.784 -41.103 6.466 123.497 0.115 0
-54.368 -41.135 6.437 124.347 0.121 0
128.339 -41.077 4.833 27.504 0.054 0
129.982 -41.297 4.979 27.990 0.061 0
131.068 -41.443 5.074 27.885 0.057 0
141.040 -40.894 5.712 41.947 0.078 0
150.125 -41.173 5.533 78.591 0.103 0
150.630 -41.434 5.537 77.256 0.093 0
-55.940 -42.279 6.576 114.496 0.105 0
-55.215 -41.650 6.576 120.925 0.141 0
132.175 -41.592 4.860 27.672 0.054 0
132.964 -41.698 4.827 27.480 0.055 0
150.025 -41.688 5.528 81.652 0.102 0
150.770 -41.506 5.414 76.896 0.086 0
-77.960 -43.115 3.361 9.756 0.033 0
-77.000 -43.005 3.469 11.642 0.038 0
-76.370 -42.933 3.636 12.683 0.056 0
-55.035 -42.956 6.607 123.820 0.138 0
-56.830 -43.742 6.459 106.956 0.137 0
-56.445 -43.500 6.308 112.055 0.100 0
-77.795 -44.894 2.536 0.608 0.050 0
-77.000 -44.733 2.881 2.527 0.044 0
-76.390 -44.610 3.148 4.016 0.053 0
-57.785 -46.438 6.267 99.766 0.210 0
-57.751 -46.786 6.158 101.848 0.194 0
-57.105 -46.971 6.080 113.276 0.160 0
-56.085 -46.996 6.382 124.806 0.119 0
100.390 -47.409 2.720 0.253 0.017 0
100.540 -47.483 2.666 0.298 0.015 0
-77.520 -47.598 3.743 11.511 0.068 0
-77.190 -47.564 3.825 11.045 0.065 0
-57.100 -47.523 5.868 120.667 0.175 0
101.072 -47.682 2.807 0.401 0.017 0
101.846 -47.863 2.815 0.197 0.011 0
127.000 -48.236 3.371 1.586 0.052 0
127.585 -48.309 4.011 4.225 0.037 0
109.225 -49.448 3.014 0.112 0.026 0
126.955 -48.763 3.916 0.152 0.038 0
151.965 -49.328 4.661 62.859 0.072 0
109.445 -49.516 3.128 0.097 0.021 0
109.865 -49.645 3.078 0.089 0.031 0
114.445 -49.845 3.955 0.003 0.043 0
114.975 -49.960 3.896 0.131 0.041 0
133.170 -50.045 3.267 0.773 0.004 0
133.650 -50.077 3.241 0.790 0.004 0
151.243 -50.123 4.664 57.236 0.076 0
151.745 -49.571 4.712 62.048 0.071 0
151.216 -51.786 4.260 43.446 0.068 0
151.840 -52.752 3.986 36.057 0.061 0
153.826 -53.957 4.267 29.981 0.063 0
153.918 -55.012 3.825 26.841 0.057 0
-57.845 -56.232 4.211 13.059 0.092 0
-57.280 -56.354 3.726 11.118 0.098 0
153.980 -55.725 3.776 24.745 0.060 0
-56.005 -56.631 4.003 11.035 0.127 0
-54.740 -59.902 4.221 26.665 0.081 0
92.715 -60.460 6.292 109.602 0.138 0
40.022 -61.466 5.790 108.644 0.075 0
89.400 -61.257 5.589 115.079 0.111 0
89.780 -61.320 5.555 115.260 0.114 0
91.166 -60.819 5.726 115.514 0.111 0
92.230 -61.299 5.880 116.741 0.124 0
92.732 -61.033 5.907 116.258 0.125 0
100.751 -61.073 5.773 50.925 0.102 0
117.470 -61.276 5.502 43.824 0.099 0
132.537 -61.094 5.812 43.683 0.102 0
-64.068 -61.883 3.777 12.098 0.059 0
61.660 -62.418 5.602 122.389 0.096 0
63.709 -62.330 5.507 121.843 0.097 0
65.585 -62.310 5.710 121.649 0.105 0
67.215 -62.261 5.638 122.350 0.103 0
68.710 -62.279 5.519 122.380 0.104 0
70.505 -62.060 5.544 121.745 0.116 0
72.111 -62.483 5.842 123.102 0.141 0
90.440 -61.917 5.555 117.614 0.118 0
91.030 -61.707 5.710 117.299 0.120 0
92.000 -61.687 5.845 117.843 0.124 0
92.880 -61.755 5.823 118.635 0.124 0
93.835 -62.297 5.833 120.937 0.145 0
97.338 -62.398 5.747 120.749 0.133 0
100.698 -61.871 5.935 85.981 0.115 0
140.060 -61.675 5.127 53.454 0.085 0
151.090 -62.269 3.796 18.779 0.063 0
-66.390 -63.486 3.844 13.328 0.079 0
28.464 -62.934 6.458 117.683 0.111 0
60.375 -63.486 5.528 125.380 0.088 0
62.055 -63.001 5.625 124.181 0.100 0
63.741 -63.007 5.594 124.137 0.107 0
65.535 -63.000 5.700 124.193 0.110 0
67.260 -63.004 5.682 124.434 0.111 0
68.725 -63.003 5.658 124.378 0.120 0
70.534 -62.992 5.622 124.328 0.123 0
72.139 -63.017 5.763 124.400 0.134 0
73.942 -63.434 5.750 125.373 0.136 0
75.768 -63.108 5.545 124.783 0.131 0
91.230 -62.861 5.674 121.106 0.131 0
91.530 -63.220 5.640 122.251 0.139 0
97.346 -62.554 5.661 127.230 0.133 0
-97.987 -64.092 5.272 76.014 0.068 0
-70.090 -64.415 4.142 19.933 0.086 0
-66.320 -63.524 3.807 13.268 0.078 0
-46.418 -63.920 4.808 16.192 0.075 0
60.425 -63.530 5.590 125.401 0.091 0
60.565 -63.654 5.671 127.907 0.094 0
62.450 -63.584 5.765 125.518 0.121 0
62.515 -63.680 5.787 127.275 0.131 0
63.769 -63.589 5.779 125.496 0.121 0
65.487 -63.676 5.767 125.633 0.130 0
67.303 -63.738 5.685 127.562 0.130 0
68.741 -63.703 5.503 126.903 0.138 0
70.553 -63.613 5.556 125.809 0.135 0
72.175 -63.725 5.661 128.113 0.139 0
75.735 -63.580 5.536 126.202 0.129 0
153.870 -64.330 4.314 18.169 0.085 0
-97.982 -64.857 5.370 77.611 0.067 0
-73.985 -65.100 4.242 25.094 0.070 0
-73.193 -64.985 4.285 24.219 0.073 0
-72.000 -65.166 4.282 21.901 0.079 0
-71.180 -65.408 4.306 19.978 0.089 0
25.500 -64.910 5.912 126.515 0.119 0
153.590 -64.546 4.082 24.178 0.075 0
-129.375 -66.399 4.818 60.411 0.063 0
-72.825 -66.281 4.531 21.023 0.095 0
-72.099 -65.947 4.139 20.033 0.093 0
-70.815 -65.515 4.297 18.954 0.094 0
25.580 -66.350 6.127 132.913 0.166 0
-4.955 -67.070 5.288 122.500 0.072 0
6.015 -67.011 5.415 139.118 0.106 0
6.035 -67.638 5.149 142.187 0.078 0
-40.965 -69.084 6.028 128.046 0.151 0
-40.475 -68.785 6.162 125.881 0.136 0
42.080 86.550 3.405 14.757 0.060 0
48.750 86.730 3.842 10.281 0.067 0
63.640 86.930 4.236 16.562 0.057 0
15.290 85.500 4.179 1.780 0.073 0
20.000 85.790 3.885 0.464 0.083 0
23.330 85.930 3.717 0.322 0.079 0
35.000 86.130 3.311 10.619 0.069 0
37.860 86.325 3.703 3.748 0.070 0
9.170 84.980 3.107 0.266 0.090 0
-3.410 83.570 3.279 2.250 0.073 0
1.370 84.260 3.322 1.176 0.049 0
2.194 78.694 3.178 19.904 0.082 0
3.893 78.860 3.398 8.630 0.119 0
6.355 76.658 2.031 3.333 0.083 0
8.660 76.915 2.015 6.058 0.096 0
-6.815 75.521 4.118 51.448 0.086 0
-75.790 74.660 4.678 50.937 0.316 0
-8.691 75.158 4.061 51.226 0.090 0
-7.210 75.447 4.126 51.346 0.086 0
14.515 75.405 3.788 34.024 0.249 0
-74.535 74.306 5.230 47.394 0.359 0
-68.710 74.227 4.394 49.372 0.215 0
-12.670 73.922 3.810 49.500 0.104 0
-11.725 74.303 3.834 50.129 0.089 0
-132.600 73.078 7.684 141.387 0.436 0
-131.763 73.040 7.730 142.371 0.463 0
-64.880 73.324 4.092 53.063 0.167 0
-14.404 73.201 3.546 48.550 0.098 0
3.488 72.529 1.970 1.982 0.035 0
-143.235 71.719 7.488 141.195 0.381 0
-134.130 71.898 7.706 136.888 0.532 0
-14.955 72.223 2.908 39.906 0.100 0
2.297 72.270 2.142 3.002 0.078 0
3.572 72.007 2.414 10.558 0.075 0
-61.375 70.962 4.128 52.511 0.157 0
-17.645 70.686 2.808 10.240 0.096 0
-17.310 71.000 2.598 10.040 0.091 0
4.330 71.363 3.259 21.434 0.094 0
-61.715 70.342 4.235 43.239 0.150 0
-19.370 70.080 2.823 14.689 0.167 0
-16.245 70.085 1.979 3.216 0.060 0
7.046 70.241 4.030 42.206 0.098 0
8.025 70.059 4.014 45.388 0.108 0
3.815 69.683 3.931 42.195 0.218 1
3.460 68.800 3.675 48.788 0.21 1
3.620 69.198 3.989 46.054 0.219 1
-140.583 58.059 4.865 30.021 0.247 1
-147.690 57.283 5.689 40.399 0.223 1
-51.635 54.387 5.487 88.589 0.327 1
-51.000 53.905 5.464 81.790 0.304 1
-50.485 53.514 5.471 80.979 0.291 1
-50.255 53.340 5.538 80.104 0.29 1
-57.165 43.595 7.327 193.722 0.419 1
-134.610 42.911 4.077 18.330 0.201 1
-134.000 42.978 4.035 16.980 0.202 1
-133.000 43.089 3.833 14.753 0.202 1
-132.005 43.159 3.830 12.581 0.204 1
-131.000 43.063 3.791 10.286 0.205 1
-130.000 42.951 3.557 7.728 0.205 1
-129.000 42.839 3.567 5.204 0.206 1
-128.000 42.722 3.082 2.730 0.202 1
-127.000 42.604 2.780 0.231 0.201 1
-126.310 42.523 2.895 1.425 0.202 1
-58.555 43.008 7.404 191.015 0.422 1
-58.223 42.971 7.381 188.529 0.401 1
-57.020 43.325 7.167 187.811 0.389 1
-125.805 42.463 2.970 2.632 0.204 1
-125.480 42.425 3.504 3.449 0.21 1
-59.000 41.853 7.355 178.636 0.319 1
-57.754 41.943 7.113 170.568 0.334 1
-56.960 41.540 7.249 159.284 0.319 1
-56.327 41.593 7.348 154.385 0.312 1
-46.725 42.040 5.672 124.027 0.236 1
-46.285 41.857 5.975 120.073 0.246 1
30.445 42.277 7.046 90.000 0.557 1
30.720 42.402 7.185 90.000 0.57 1
-57.914 41.080 7.217 161.773 0.295 1
-57.122 40.968 7.286 154.109 0.297 1
-55.765 41.236 7.164 151.137 0.294 1
-55.245 40.736 7.026 147.788 0.277 1
-58.605 39.695 6.811 152.414 0.261 1
-58.100 40.140 7.216 153.159 0.286 1
-56.725 40.356 7.190 150.138 0.282 1
-56.000 39.879 6.942 145.384 0.265 1
-54.839 40.169 6.754 142.031 0.257 1
-54.230 39.761 6.735 132.498 0.254 1
-54.918 39.187 6.650 131.300 0.247 1
-53.997 39.028 6.267 124.540 0.231 1
-53.450 38.986 5.883 120.237 0.216 1
-11.305 33.533 6.277 185.074 0.275 1
-14.575 33.223 5.288 149.321 0.23 1
-13.926 33.074 5.797 153.918 0.249 1
-14.800 32.339 5.524 150.573 0.235 1
-14.029 32.189 5.573 156.434 0.242 1
-15.995 30.791 5.411 148.664 0.243 1
-14.993 30.800 5.151 153.684 0.251 1
-14.132 30.901 4.808 162.882 0.263 1
-15.665 29.704 5.363 160.492 0.274 1
-15.245 30.206 4.917 158.310 0.259 1
-15.883 28.969 5.781 167.195 0.294 1
-15.290 28.589 6.154 178.268 0.322 1
-17.060 27.624 5.497 164.242 0.275 1
-16.480 27.506 5.736 171.274 0.295 1
-17.660 26.747 5.088 166.683 0.25 1
-16.992 27.123 5.555 168.126 0.278 1
-16.303 27.170 5.963 175.340 0.313 1
-61.650 26.459 6.160 98.076 0.206 1
-18.000 26.251 4.912 166.632 0.246 1
37.745 22.435 2.023 2.473 0.201 1
-65.508 21.390 5.956 105.466 0.215 1
38.590 20.523 1.742 3.555 0.23 1
38.287 20.204 1.710 0.980 0.221 1
38.673 19.770 2.016 0.117 0.22 1
38.455 19.314 2.189 6.078 0.3 1
38.560 19.435 2.078 3.955 0.273 1
118.110 18.534 5.117 29.634 0.241 1
123.190 18.622 5.257 36.572 0.222 1
123.610 18.792 5.916 35.047 0.219 1
117.765 18.430 5.034 29.273 0.236 1
122.845 18.483 5.383 43.073 0.237 1
133.075 17.802 5.883 45.434 0.201 1
133.775 17.822 5.784 46.145 0.202 1
136.445 18.000 4.694 25.996 0.201 1
137.000 17.998 4.840 24.439 0.201 1
138.000 17.994 4.917 21.702 0.201 1
138.770 17.991 4.920 18.807 0.201 1
140.075 17.982 4.814 22.931 0.202 1
141.000 17.985 5.113 25.721 0.21 1
141.695 17.987 5.314 26.712 0.218 1
144.045 18.003 4.197 6.266 0.202 1
144.790 18.152 3.621 0.580 0.202 1
158.425 17.729 5.925 176.723 0.205 1
158.625 17.585 5.888 177.371 0.204 1
157.110 17.298 5.906 174.834 0.204 1
159.120 17.229 5.867 178.978 0.205 1
159.560 16.913 5.909 180.586 0.205 1
-65.620 15.650 5.489 196.033 0.236 1
-74.991 14.662 4.822 188.061 0.219 1
-74.500 14.754 5.099 188.014 0.226 1
-76.650 13.784 5.099 187.231 0.234 1
-76.460 14.166 4.348 187.843 0.213 1
-74.615 14.454 4.653 187.524 0.215 1
-74.000 14.205 4.843 186.805 0.226 1
-73.015 13.806 5.610 185.646 0.255 1
-57.525 14.332 6.941 85.176 0.261 1
-57.480 14.365 7.188 84.879 0.273 1
113.795 13.826 4.625 20.967 0.208 1
114.755 13.734 4.558 17.924 0.205 1
-77.030 13.020 5.624 186.062 0.263 1
113.085 12.660 4.912 19.326 0.216 1
114.240 12.999 4.600 15.641 0.207 1
115.140 12.784 4.844 19.369 0.212 1
155.170 12.923 6.125 176.964 0.204 1
156.000 13.163 6.249 179.687 0.206 1
156.530 13.317 6.327 180.817 0.207 1
-103.865 12.040 3.042 0.126 0.201 1
-103.000 12.155 3.120 1.624 0.201 1
-102.400 12.235 3.205 2.827 0.201 1
-56.960 11.955 7.051 93.941 0.327 1
-56.400 12.025 7.000 90.333 0.319 1
113.350 12.299 4.716 15.544 0.211 1
113.630 11.918 4.749 18.162 0.211 1
114.929 12.275 4.806 22.693 0.211 1
-57.925 10.516 7.100 107.334 0.417 1
-56.920 10.554 6.729 102.000 0.345 1
-56.028 10.844 6.708 95.675 0.32 1
-55.195 10.950 6.458 90.692 0.282 1
155.165 11.253 5.948 181.801 0.204 1
155.530 11.158 5.860 182.480 0.203 1
-57.809 10.108 7.063 108.650 0.433 1
-57.000 9.955 6.987 105.770 0.398 1
-56.797 9.227 6.666 108.688 0.4 1
-56.730 8.287 6.032 109.705 0.423 1
-91.340 7.210 3.911 16.578 0.205 1
-43.630 5.839 5.067 68.118 0.22 1
-43.425 5.588 5.037 66.682 0.221 1
164.320 6.156 5.170 154.385 0.206 1
165.000 6.218 5.340 153.901 0.208 1
166.000 6.309 5.253 153.173 0.205 1
167.000 6.399 5.276 152.413 0.207 1
167.500 6.445 5.225 152.437 0.207 1
-43.155 5.257 5.025 64.298 0.221 1
-83.790 3.535 2.551 1.455 0.201 1
-44.350 4.237 5.520 79.938 0.246 1
51.245 3.858 6.440 135.975 0.237 1
51.825 4.018 6.389 119.966 0.236 1
-83.772 2.997 3.098 0.553 0.201 1
-42.435 3.335 5.229 71.139 0.225 1
-92.665 2.205 2.159 0.355 0.204 1
6.930 0.942 5.103 104.975 0.289 1
7.425 0.421 5.039 108.012 0.294 1
7.515 0.327 5.010 108.716 0.292 1
-37.165 -1.143 5.250 73.334 0.223 1
45.175 -3.584 6.279 136.380 0.264 1
45.000 -4.684 6.167 131.150 0.26 1
45.665 -4.670 5.921 129.422 0.244 1
128.130 -6.196 5.487 0.168 0.215 1
128.210 -6.549 5.555 3.334 0.215 1
-144.093 -13.132 4.596 53.724 0.201 1
-150.690 -18.390 4.298 77.140 0.203 1
-150.390 -17.795 3.913 75.174 0.207 1
3.210 -17.904 5.812 74.888 0.208 1
3.550 -17.988 5.741 76.110 0.206 1
-150.780 -18.570 4.341 77.719 0.203 1
7.165 -18.904 5.946 99.252 0.219 1
8.001 -19.083 5.841 103.456 0.22 1
8.550 -19.190 5.793 105.643 0.222 1
-150.955 -19.720 4.446 79.627 0.201 1
42.035 -22.494 4.797 133.213 0.265 1
41.880 -22.618 4.805 132.732 0.265 1
43.088 -24.254 4.977 138.478 0.251 1
43.335 -24.649 5.017 139.758 0.242 1
-11.745 -25.965 4.005 12.057 0.202 1
-4.200 -25.970 4.805 38.662 0.203 1
-3.345 -25.845 4.879 42.450 0.202 1
-31.210 -36.485 4.746 57.236 0.209 1
127.367 -36.013 5.973 87.000 0.213 1
132.294 -36.377 6.223 83.200 0.221 1
-30.815 -36.553 4.722 53.584 0.208 1
-30.000 -36.694 4.646 49.261 0.21 1
-29.140 -36.858 4.693 45.722 0.207 1
127.215 -37.000 5.859 58.391 0.209 1
128.056 -36.931 5.947 61.240 0.211 1
130.903 -36.877 6.266 68.519 0.219 1
131.984 -36.889 6.329 70.549 0.222 1
132.729 -37.111 6.360 66.415 0.223 1
127.054 -37.749 5.613 43.546 0.202 1
131.481 -37.923 6.236 44.438 0.218 1
131.541 -37.673 6.260 47.932 0.219 1
133.015 -37.758 5.893 47.767 0.209 1
127.350 -42.499 4.943 23.038 0.201 1
127.806 -42.060 5.054 23.912 0.201 1
134.819 -42.193 4.957 26.257 0.201 1
142.185 -42.017 5.256 40.513 0.209 1
142.668 -42.061 5.395 40.906 0.215 1
127.190 -42.501 4.953 23.053 0.201 1
135.052 -43.000 4.872 23.948 0.201 1
141.430 -42.654 4.961 35.963 0.205 1
141.585 -42.555 4.796 36.256 0.206 1
143.175 -42.886 5.077 37.927 0.208 1
143.585 -43.386 5.033 37.447 0.211 1
135.124 -44.000 4.653 21.030 0.201 1
143.351 -44.046 5.065 33.511 0.207 1
143.682 -44.059 5.019 37.919 0.207 1
152.015 -43.910 5.373 81.683 0.227 1
153.000 -43.910 5.510 72.593 0.223 1
153.995 -43.910 5.373 68.282 0.217 1
163.025 -44.007 5.322 72.874 0.212 1
128.430 -45.201 4.584 15.849 0.201 1
135.196 -45.000 4.517 17.784 0.201 1
144.151 -45.171 4.977 35.947 0.205 1
149.470 -45.328 5.295 68.029 0.229 1
149.540 -45.261 5.217 68.773 0.227 1
151.485 -44.608 5.627 81.757 0.243 1
151.830 -44.761 5.570 77.677 0.232 1
163.390 -44.521 5.389 74.125 0.216 1
128.483 -45.644 4.452 14.537 0.201 1
128.972 -45.840 4.577 14.039 0.201 1
129.918 -46.036 4.497 13.701 0.201 1
135.268 -46.000 4.348 14.353 0.201 1
144.353 -45.945 4.804 35.952 0.204 1
144.586 -45.955 4.776 30.764 0.203 1
150.265 -46.433 5.612 71.755 0.236 1
150.645 -46.371 5.216 75.855 0.212 1
130.126 -46.999 4.293 10.688 0.201 1
135.304 -46.514 4.231 12.585 0.201 1
144.791 -46.786 4.611 28.170 0.205 1
130.235 -47.950 4.102 7.736 0.201 1
151.890 -47.823 5.357 76.939 0.22 1
154.149 -48.495 5.128 68.147 0.217 1
154.535 -48.486 5.076 65.635 0.215 1
-51.605 -48.716 6.569 123.565 0.213 1
-51.318 -48.914 6.713 127.004 0.22 1
-45.815 -49.107 6.195 118.673 0.209 1
-44.775 -49.071 5.982 114.648 0.205 1
-44.410 -49.365 5.989 123.701 0.204 1
147.295 -49.224 4.584 38.602 0.207 1
154.105 -48.735 4.924 63.742 0.209 1
154.744 -48.708 4.802 60.361 0.204 1
156.195 -49.241 5.271 49.837 0.212 1
162.280 -49.425 4.159 29.358 0.202 1
153.310 -49.838 5.216 51.715 0.216 1
154.029 -49.939 4.845 47.666 0.209 1
154.641 -49.806 5.076 47.090 0.21 1
156.475 -49.527 5.181 45.874 0.218 1
156.970 -50.031 4.951 40.227 0.213 1
158.325 -50.170 4.485 35.568 0.205 1
158.550 -50.449 4.332 33.122 0.206 1
160.460 -50.473 4.100 30.389 0.201 1
161.000 -50.162 4.319 30.485 0.204 1
161.825 -49.687 4.245 29.779 0.202 1
-39.690 -51.358 5.685 124.296 0.273 1
-39.325 -51.089 5.545 120.785 0.252 1
157.465 -50.536 5.030 37.189 0.219 1
157.930 -51.010 4.661 34.420 0.209 1
158.880 -50.858 4.027 32.643 0.202 1
160.015 -50.730 4.127 30.527 0.201 1
-40.820 -52.191 6.029 126.364 0.295 1
-40.195 -51.731 5.858 125.351 0.286 1
157.885 -54.485 4.744 25.814 0.208 1
158.170 -54.610 4.372 26.899 0.205 1
159.260 -55.075 5.321 27.232 0.205 1
159.800 -55.310 4.465 28.880 0.204 1
156.845 -56.500 3.963 21.268 0.205 1
159.355 -56.500 4.486 29.900 0.209 1
159.790 -56.500 4.436 31.435 0.215 1
-29.895 -57.483 3.163 0.412 0.201 1
-29.000 -57.444 3.735 2.452 0.209 1
-28.155 -57.407 3.817 4.341 0.211 1
-22.945 -57.173 5.210 47.319 0.209 1
-22.000 -57.130 5.002 50.515 0.208 1
-32.590 -57.600 3.605 5.964 0.208 1
-32.000 -57.574 3.874 4.503 0.204 1
-31.000 -57.531 3.572 2.186 0.202 1
-30.400 -57.505 3.208 0.743 0.201 1
-31.975 -59.093 3.111 4.439 0.201 1
-31.000 -59.197 3.208 2.594 0.201 1
-30.000 -59.303 2.922 0.777 0.201 1
-29.275 -59.380 2.554 1.490 0.201 1
-61.395 -60.466 3.955 15.665 0.204 1
-22.920 -60.049 3.938 18.061 0.202 1
-22.305 -60.114 3.805 13.669 0.201 1
-2.055 -60.026 5.769 60.100 0.211 1
97.236 -60.404 5.680 44.943 0.237 1
-61.115 -60.692 3.948 17.617 0.205 1
46.870 -61.225 5.947 107.806 0.221 1
97.266 -61.000 5.768 52.984 0.246 1
107.335 -61.282 5.083 40.341 0.219 1
112.231 -61.208 5.386 42.084 0.235 1
126.017 -61.278 5.832 45.132 0.245 1
157.255 -61.172 2.786 4.941 0.201 1
157.610 -61.421 2.783 3.760 0.201 1
168.235 -61.069 4.702 53.281 0.206 1
169.000 -61.299 4.280 51.996 0.201 1
169.580 -61.473 4.450 51.227 0.203 1
25.120 -62.463 6.153 117.255 0.228 1
46.833 -62.007 5.865 109.406 0.241 1
53.345 -62.320 6.198 118.553 0.234 1
53.629 -62.106 6.199 117.712 0.233 1
55.000 -62.253 5.987 118.165 0.229 1
107.190 -61.799 5.216 46.432 0.227 1
112.264 -61.515 5.702 46.159 0.248 1
126.073 -62.001 6.037 58.514 0.262 1
131.480 -62.020 5.968 56.228 0.253 1
158.115 -61.776 2.562 2.161 0.201 1
158.825 -62.274 2.351 0.167 0.201 1
170.144 -61.643 4.212 51.262 0.202 1
170.973 -61.873 4.074 49.892 0.203 1
172.000 -62.151 4.662 47.724 0.203 1
172.565 -62.304 4.354 44.194 0.201 1
24.330 -63.313 6.285 120.374 0.235 1
24.795 -62.812 6.111 118.557 0.227 1
34.212 -63.108 6.329 119.879 0.24 1
41.775 -63.337 5.992 120.570 0.229 1
46.788 -62.935 5.858 115.956 0.267 1
52.440 -63.420 6.291 121.062 0.256 1
52.960 -63.081 6.313 120.951 0.25 1
53.995 -62.742 6.256 120.262 0.24 1
57.045 -63.075 5.918 123.221 0.235 1
126.115 -62.549 5.997 76.355 0.266 1
131.505 -62.720 6.074 80.409 0.266 1
147.332 -63.092 4.502 36.465 0.214 1
159.320 -62.622 2.550 1.676 0.201 1
159.995 -63.095 2.682 3.743 0.201 1
163.145 -63.467 3.000 7.652 0.201 1
164.000 -63.387 2.919 8.137 0.201 1
164.540 -63.336 2.925 9.806 0.201 1
166.435 -63.033 2.768 23.576 0.201 1
166.750 -63.295 2.528 21.911 0.201 1
23.360 -64.356 6.047 126.020 0.23 1
23.825 -63.856 6.175 123.342 0.233 1
27.259 -64.133 6.688 121.285 0.259 1
28.416 -64.008 6.693 120.121 0.256 1
34.306 -63.840 6.305 120.525 0.243 1
39.105 -64.464 6.223 120.121 0.245 1
40.081 -64.382 6.111 120.389 0.244 1
41.000 -64.099 5.995 122.679 0.241 1
41.973 -64.156 5.832 123.586 0.239 1
42.860 -64.114 5.767 124.979 0.232 1
52.280 -63.615 6.326 121.984 0.263 1
56.480 -64.017 5.945 131.284 0.247 1
56.650 -63.733 5.983 128.532 0.242 1
162.005 -63.574 2.958 6.953 0.201 1
162.650 -63.513 3.125 7.375 0.201 1
167.245 -63.708 2.986 19.512 0.201 1
167.710 -64.096 3.290 17.664 0.201 1
-27.510 -65.200 6.292 67.367 0.243 1
-27.195 -65.355 6.130 70.018 0.236 1
22.400 -65.388 6.327 129.856 0.251 1
22.865 -64.888 6.223 127.996 0.242 1
28.383 -64.777 6.902 130.233 0.272 1
37.265 -64.635 6.317 120.338 0.247 1
38.000 -64.567 6.302 120.138 0.246 1
38.610 -64.510 6.571 120.083 0.261 1
40.200 -64.503 5.855 120.436 0.238 1
172.055 -65.433 3.812 24.738 0.21 1
172.555 -65.358 3.990 25.172 0.212 1
-119.990 -66.149 5.315 69.567 0.214 1
-104.532 -66.244 5.620 74.879 0.25 1
-84.612 -66.147 5.234 54.010 0.238 1
-75.545 -66.465 4.529 32.893 0.221 1
-26.700 -65.598 6.043 74.219 0.233 1
-26.000 -65.942 5.580 79.956 0.217 1
-25.180 -66.345 5.518 85.555 0.216 1
21.430 -66.431 6.270 138.384 0.264 1
21.895 -65.931 6.318 133.568 0.259 1
171.455 -65.523 3.781 24.125 0.217 1
171.550 -65.509 3.740 24.235 0.209 1
-132.515 -67.339 5.072 57.413 0.213 1
-132.375 -67.424 4.963 57.933 0.211 1
-126.992 -67.250 4.721 66.748 0.208 1
-126.246 -67.131 4.621 67.260 0.205 1
-119.980 -66.512 5.239 70.551 0.212 1
-109.925 -67.023 5.326 76.282 0.229 1
-104.538 -67.002 5.761 75.826 0.255 1
-84.517 -66.576 5.327 51.992 0.247 1
-84.486 -66.720 5.284 51.304 0.246 1
-80.515 -66.621 5.148 43.614 0.237 1
-80.455 -66.636 5.085 43.461 0.235 1
-75.760 -66.628 4.677 32.516 0.224 1
-24.685 -66.588 5.599 88.642 0.219 1
-24.000 -66.925 5.886 92.844 0.229 1
-23.160 -67.337 5.843 98.043 0.227 1
21.345 -66.522 6.202 139.297 0.261 1
23.095 -66.767 6.793 139.332 0.286 1
28.000 -66.610 6.545 143.001 0.284 1
29.000 -66.591 6.396 142.316 0.286 1
29.630 -66.579 6.443 156.163 0.287 1
-131.870 -67.730 4.853 59.761 0.21 1
-131.045 -68.230 4.651 62.224 0.208 1
-130.080 -67.999 4.499 64.087 0.206 1
-126.797 -67.743 4.554 69.225 0.207 1
-125.914 -67.936 4.560 71.028 0.21 1
-125.079 -67.801 4.458 71.118 0.207 1
-124.060 -67.731 4.451 71.623 0.208 1
-109.975 -67.713 5.122 77.998 0.231 1
-104.545 -68.003 5.712 78.154 0.256 1
-28.935 -68.129 5.953 104.236 0.241 1
-28.000 -68.126 5.906 104.994 0.237 1
-27.000 -68.123 5.835 105.932 0.233 1
-26.315 -68.121 6.128 106.687 0.245 1
-22.665 -67.581 6.040 101.810 0.234 1
-22.000 -67.907 6.019 108.257 0.234 1
-21.145 -68.327 6.120 115.994 0.239 1
-1.635 -67.774 5.466 144.221 0.228 1
-1.445 -67.662 5.462 142.915 0.226 1
25.465 -67.508 6.702 149.567 0.317 1
25.555 -67.537 6.684 150.040 0.319 1
-130.550 -68.529 4.685 64.077 0.211 1
-129.785 -68.599 4.526 65.792 0.21 1
-129.415 -68.807 4.515 66.254 0.212 1
-124.870 -68.659 4.568 75.375 0.213 1
-104.552 -69.005 5.675 80.965 0.268 1
-98.850 -69.065 5.800 83.910 0.244 1
-98.070 -68.921 5.796 84.185 0.24 1
-89.655 -69.390 5.054 81.219 0.241 1
-89.000 -69.313 5.071 72.798 0.25 1
-88.000 -69.196 4.886 52.746 0.254 1
-87.430 -69.130 4.723 48.723 0.249 1
-31.545 -69.492 6.312 127.394 0.266 1
-31.000 -69.410 6.325 126.977 0.266 1
-30.000 -69.260 6.315 126.325 0.264 1
-29.000 -69.110 6.202 125.068 0.255 1
-28.350 -69.013 5.871 122.888 0.241 1
-20.650 -68.571 5.934 119.806 0.233 1
-20.000 -68.890 6.038 125.913 0.239 1
-19.089 -69.332 6.062 128.955 0.244 1
176.040 -69.280 4.283 39.431 0.217 1
-104.558 -69.722 5.675 83.797 0.281 1
-103.510 -69.986 5.658 84.701 0.259 1
-102.995 -69.609 5.636 83.429 0.253 1
-102.000 -69.500 5.527 83.527 0.251 1
-101.000 -69.500 5.580 83.945 0.251 1
-100.000 -69.500 5.478 84.294 0.243 1
-99.000 -69.500 5.723 84.651 0.251 1
-98.000 -69.500 5.647 85.081 0.243 1
-97.000 -69.500 5.544 85.523 0.236 1
-96.485 -69.500 5.573 85.697 0.236 1
-33.905 -69.846 6.273 129.503 0.273 1
-33.000 -69.710 6.301 128.624 0.271 1
-32.050 -69.568 6.292 127.792 0.269 1
-18.580 -69.518 6.154 130.365 0.248 1
-18.000 -69.646 5.983 131.387 0.241 1
-17.000 -69.867 5.827 132.932 0.235 1
-16.450 -69.989 6.037 134.169 0.243 1
121.350 88.555 5.221 44.276 0.265 1
125.000 88.723 5.329 41.685 0.273 1
129.200 88.917 4.896 40.726 0.251 1
100.500 87.592 5.216 46.480 0.264 1
105.000 87.800 5.489 48.801 0.277 1
110.000 88.031 5.337 51.822 0.27 1
115.000 88.262 5.626 49.699 0.283 1
118.800 88.437 5.449 44.188 0.276 1
85.000 86.877 3.693 24.628 0.202 1
90.000 87.108 4.718 31.490 0.233 1
95.000 87.338 4.985 39.054 0.247 1
97.950 87.475 5.398 43.450 0.273 1
20.850 84.010 4.695 32.299 0.25 1
25.767 83.653 5.077 40.405 0.274 1
27.650 83.584 5.234 42.409 0.281 1
24.350 82.999 5.252 46.786 0.281 1
28.900 82.984 5.622 49.968 0.3 1
26.750 82.306 5.647 53.232 0.305 1
29.404 82.067 5.378 55.960 0.306 1
-3.150 79.962 3.902 21.505 0.284 1
-0.400 79.705 3.676 13.737 0.266 1
-2.700 77.759 4.536 31.789 0.293 1
-1.900 77.614 4.541 32.369 0.291 1
0.650 77.154 3.997 27.373 0.263 1
-147.545 72.169 7.759 142.684 0.474 1
-103.535 -70.013 5.724 84.755 0.264 1
-16.360 -70.009 6.091 134.408 0.246 1
-158.745 -72.388 5.085 65.367 0.221 1
-155.445 -72.408 5.431 66.117 0.236 1
2.990 68.564 3.458 49.818 0.248 2
3.300 68.394 2.957 51.143 0.258 2
3.515 68.276 2.531 52.131 0.26 2
-39.500 61.757 3.151 53.562 0.237 2
-39.205 61.629 3.361 52.538 0.234 2
-34.014 62.117 3.531 38.891 0.216 2
-33.000 62.078 3.049 32.456 0.207 2
-31.998 62.058 2.782 26.344 0.206 2
-31.000 62.005 2.476 20.089 0.205 2
-30.000 61.938 2.251 15.527 0.205 2
-29.000 61.874 1.866 10.956 0.203 2
-38.705 61.410 3.570 51.283 0.231 2
-38.000 61.125 3.814 49.302 0.231 2
-37.010 60.786 3.726 42.528 0.221 2
-36.016 60.576 3.471 37.720 0.212 2
-35.000 60.534 3.152 31.487 0.207 2
-33.999 60.520 2.953 25.739 0.205 2
-33.470 60.502 2.980 22.621 0.204 2
-28.792 61.275 1.201 5.769 0.273 2
-23.597 61.491 2.132 16.870 0.209 2
-23.000 61.432 2.431 19.895 0.215 2
-22.001 61.339 2.595 25.797 0.221 2
-20.999 61.258 2.828 31.788 0.219 2
-19.967 61.130 3.306 36.472 0.227 2
-19.018 60.749 3.320 44.396 0.223 2
-32.969 60.474 2.692 19.805 0.204 2
-32.001 60.420 2.528 15.201 0.203 2
-31.000 60.371 1.957 10.492 0.202 2
-30.000 60.315 1.639 5.058 0.202 2
-29.002 60.252 1.180 0.190 0.201 2
-28.000 60.200 1.671 5.285 0.203 2
-26.999 60.140 2.139 10.427 0.207 2
-26.000 60.045 2.526 15.737 0.208 2
-25.000 59.954 2.643 21.142 0.208 2
-24.000 59.889 2.750 28.031 0.212 2
-23.000 59.829 3.124 34.392 0.221 2
-18.539 60.470 3.228 47.741 0.218 2
-18.215 60.220 3.185 48.642 0.215 2
-140.050 58.333 4.678 29.271 0.331 2
-175.005 56.509 6.036 70.492 0.331 2
-139.967 57.316 4.633 29.211 0.328 2
-176.715 55.622 5.955 68.914 0.326 2
-176.000 55.987 5.930 69.551 0.323 2
-175.260 56.375 5.977 70.239 0.327 2
-173.865 56.177 6.082 69.449 0.334 2
-172.290 55.647 5.961 67.766 0.32 2
168.390 56.393 4.382 21.129 0.281 2
-178.692 55.175 5.641 68.516 0.317 2
-177.955 54.962 6.154 67.853 0.339 2
-177.212 55.352 6.032 68.461 0.33 2
-176.500 54.667 5.677 67.030 0.326 2
-135.633 54.533 3.767 15.832 0.325 2
-135.100 54.642 3.717 16.018 0.281 2
-42.908 54.775 3.834 42.061 0.283 2
-176.067 53.900 5.484 65.877 0.314 2
-135.992 54.200 3.358 16.752 0.304 2
-175.950 52.642 4.941 64.281 0.301 2
-161.683 53.367 7.322 51.960 0.243 2
-157.100 53.233 5.013 53.124 0.257 2
-141.167 52.600 4.009 25.005 0.253 2
-138.750 53.133 4.143 21.738 0.28 2
177.442 53.392 5.424 62.846 0.311 2
-154.467 51.500 4.737 50.275 0.266 2
-148.367 50.733 4.563 38.322 0.227 2
-145.183 51.383 4.281 33.282 0.232 2
-169.800 47.933 5.480 73.089 0.241 2
-174.817 46.883 5.716 69.672 0.222 2
-9.850 46.892 5.436 119.093 0.285 2
-143.183 45.567 4.578 34.440 0.247 2
-15.350 46.142 4.430 73.814 0.307 2
-144.466 45.025 4.596 36.270 0.253 2
-163.783 44.300 5.607 74.874 0.22 2
-143.117 43.817 4.613 32.331 0.23 2
-140.633 43.967 4.580 28.564 0.22 2
-137.100 43.750 4.103 22.773 0.247 2
-134.450 43.000 3.980 17.945 0.246 2
-160.650 40.983 5.019 65.168 0.258 2
-128.409 40.900 2.928 2.321 0.311 2
-18.958 40.558 5.620 69.385 0.295 2
-172.983 39.700 5.608 94.915 0.237 2
-136.267 40.300 4.645 21.850 0.225 2
-128.183 40.067 4.675 7.872 0.258 2
-67.140 39.811 6.806 197.891 0.422 2
-65.270 40.238 6.120 191.958 0.274 2
-58.725 39.562 6.638 152.181 0.252 2
-136.167 38.900 4.770 41.290 0.216 2
-128.000 38.583 4.748 33.457 0.247 2
-124.917 39.150 4.090 21.465 0.296 2
-70.720 38.569 6.224 190.060 0.373 2
-70.004 38.828 6.069 191.484 0.37 2
-68.945 39.158 6.028 193.569 0.356 2
-68.210 39.402 6.047 195.892 0.354 2
-58.980 38.999 6.443 148.811 0.243 2
-39.042 38.750 5.068 56.727 0.274 2
-37.125 39.125 4.238 46.638 0.322 2
-35.292 38.750 3.483 32.406 0.293 2
-125.019 38.144 4.648 23.654 0.271 2
-66.175 38.233 5.448 168.785 0.324 2
-64.555 37.516 5.811 151.868 0.223 2
-64.000 37.704 5.774 152.630 0.221 2
-63.000 37.733 5.918 149.591 0.225 2
-62.290 37.554 6.350 146.632 0.242 2
-60.820 37.612 6.209 139.174 0.235 2
-60.000 37.900 5.751 138.866 0.217 2
-59.349 38.229 6.077 141.768 0.229 2
148.855 37.614 5.928 134.839 0.272 2
171.992 37.700 5.662 118.270 0.245 2
-157.033 37.150 5.634 86.340 0.238 2
-143.117 37.250 5.383 60.563 0.232 2
-125.867 37.467 4.699 27.553 0.264 2
-67.520 36.508 5.540 157.230 0.218 2
-67.000 36.685 6.017 155.635 0.231 2
-66.000 37.025 5.976 153.549 0.231 2
-65.050 37.348 5.822 152.527 0.225 2
-61.850 37.443 6.354 143.707 0.243 2
-61.310 37.440 5.944 140.810 0.225 2
150.457 36.767 5.886 136.857 0.249 2
151.405 36.627 5.982 137.679 0.231 2
-125.889 35.622 4.576 29.759 0.239 2
-125.033 35.517 4.521 27.074 0.212 2
-69.945 36.064 5.898 166.808 0.248 2
-68.898 36.216 5.857 159.915 0.24 2
-68.025 36.337 5.713 156.778 0.228 2
-26.000 35.950 3.995 55.696 0.269 2
17.859 36.004 7.032 240.425 0.429 2
147.758 36.343 6.122 136.428 0.277 2
150.845 36.170 6.084 137.885 0.259 2
-142.517 35.083 5.258 60.041 0.228 2
-125.100 34.978 4.542 26.818 0.249 2
-123.267 35.150 4.393 21.313 0.267 2
-73.995 35.010 6.390 196.152 0.355 2
-26.042 35.292 3.793 61.240 0.238 2
-173.050 34.333 5.219 100.288 0.251 2
-134.250 34.450 5.188 44.066 0.237 2
-126.033 34.483 4.762 29.759 0.243 2
-74.778 33.690 6.724 197.638 0.354 2
-63.033 34.467 5.277 121.104 0.309 2
145.042 34.302 6.254 138.298 0.246 2
-127.067 32.833 4.324 29.107 0.242 2
-125.933 32.983 4.274 27.140 0.253 2
-74.968 32.885 6.791 193.940 0.33 2
-57.500 32.858 5.251 98.360 0.299 2
-53.433 32.867 5.444 83.569 0.307 2
28.103 33.138 7.954 266.264 0.593 2
144.603 33.095 6.258 139.240 0.254 2
152.508 32.521 6.034 145.563 0.243 2
-172.067 32.133 5.611 108.721 0.242 2
-154.650 32.300 5.665 86.120 0.23 2
-73.955 31.602 6.551 181.257 0.252 2
-32.708 31.883 4.057 49.156 0.247 2
-31.142 31.850 4.620 59.423 0.26 2
151.758 32.488 6.082 145.352 0.233 2
-135.400 31.083 4.316 40.672 0.272 2
-120.900 31.300 4.050 20.018 0.231 2
-120.125 30.925 3.873 18.195 0.234 2
-75.566 30.932 5.924 189.110 0.306 2
-75.012 30.994 5.818 186.298 0.294 2
-74.330 31.410 6.402 183.185 0.262 2
-152.675 30.450 5.457 83.378 0.226 2
-121.733 29.867 3.733 21.300 0.224 2
-75.585 30.143 5.961 185.767 0.252 2
-75.233 30.238 5.898 184.419 0.258 2
-74.000 30.132 6.112 175.198 0.265 2
-153.517 28.750 5.206 71.567 0.277 2
-152.467 29.333 5.711 68.755 0.222 2
-117.583 29.133 3.433 15.520 0.268 2
-117.408 28.775 3.550 15.692 0.25 2
-76.013 29.058 6.111 193.639 0.235 2
-74.775 28.633 6.052 180.148 0.241 2
-74.000 29.010 6.105 171.241 0.253 2
-73.340 29.331 6.053 166.655 0.27 2
-174.175 28.337 5.476 114.089 0.274 2
-127.417 28.083 4.639 29.229 0.225 2
-75.798 28.087 6.095 189.667 0.237 2
-75.254 28.026 5.942 182.896 0.232 2
-169.083 26.700 4.576 107.463 0.227 2
-121.583 27.400 4.367 20.830 0.221 2
-75.995 27.344 6.115 194.874 0.243 2
-74.721 27.013 5.889 174.229 0.239 2
-74.148 26.790 5.737 166.911 0.242 2
-163.700 25.500 4.872 92.565 0.208 2
-74.115 26.342 5.777 167.677 0.223 2
-72.450 25.733 6.165 149.971 0.283 2
-70.150 26.133 6.262 139.966 0.282 2
-178.017 25.442 5.262 123.342 0.24 2
-160.317 24.667 4.488 87.383 0.222 2
-134.567 24.767 4.487 46.542 0.259 2
-69.258 24.658 6.027 126.773 0.282 2
-160.483 23.958 4.700 87.878 0.201 2
-156.133 23.617 4.025 81.416 0.224 2
-116.633 24.500 3.747 17.330 0.231 2
128.117 23.858 5.888 60.664 0.244 2
135.725 23.708 5.162 64.540 0.247 2
146.083 23.575 6.202 139.225 0.24 2
-155.900 22.800 4.202 81.194 0.212 2
-151.000 23.000 5.595 68.965 0.254 2
-148.050 22.967 5.143 62.303 0.264 2
-137.500 23.067 5.129 53.266 0.235 2
-58.250 23.492 5.752 79.781 0.273 2
-48.997 22.878 4.247 26.364 0.201 2
-48.000 22.795 3.900 19.700 0.201 2
130.967 23.383 5.485 65.433 0.222 2
138.775 23.442 4.486 17.311 0.232 2
-166.117 22.500 4.775 97.926 0.251 2
-155.217 22.217 4.222 79.751 0.23 2
-116.050 21.967 3.923 17.265 0.236 2
-127.004 21.271 4.706 36.540 0.245 2
-161.417 20.300 4.547 99.205 0.205 2
131.883 20.100 5.727 55.599 0.241 2
-177.317 19.033 5.188 120.719 0.237 2
-157.700 18.867 4.685 94.745 0.271 2
-128.500 19.367 4.733 40.885 0.235 2
138.350 19.050 4.881 21.181 0.212 2
-57.375 17.942 5.923 69.485 0.253 2
140.992 18.092 4.929 25.749 0.251 2
69.945 16.826 4.534 67.363 0.23 2
69.800 16.426 4.519 63.725 0.225 2
136.783 15.625 4.664 23.960 0.234 2
-151.900 14.683 5.681 90.098 0.257 2
-124.200 14.967 4.301 27.393 0.215 2
51.542 14.583 2.721 12.450 0.289 2
52.017 14.017 2.404 8.295 0.266 2
53.067 13.692 2.536 8.175 0.234 2
69.415 13.730 4.675 58.005 0.214 2
69.580 13.786 4.461 58.651 0.208 2
130.525 14.158 5.777 41.498 0.222 2
46.300 12.908 2.285 10.817 0.275 2
-111.050 12.217 3.527 12.040 0.29 2
-103.800 11.633 2.710 0.051 0.246 2
-98.783 12.183 3.838 9.138 0.267 2
44.308 11.767 0.996 3.361 0.235 2
168.367 12.450 5.099 174.215 0.26 2
-145.883 10.717 5.082 64.387 0.246 2
-104.767 10.883 2.930 2.241 0.241 2
-57.905 10.581 7.094 106.915 0.407 2
45.008 10.883 2.153 21.540 0.263 2
69.865 10.985 4.612 54.872 0.206 2
161.583 11.333 4.731 177.474 0.28 2
165.167 11.200 5.228 171.481 0.267 2
-93.483 9.800 3.579 18.378 0.233 2
-57.917 9.899 7.004 110.087 0.442 2
-57.087 9.948 7.041 106.206 0.404 2
70.142 9.907 4.752 54.283 0.207 2
70.755 9.596 4.637 53.924 0.209 2
-57.772 9.237 6.345 111.123 0.41 2
-57.022 8.914 6.380 109.126 0.403 2
70.190 9.460 4.695 53.154 0.206 2
120.283 7.575 4.466 47.036 0.265 2
70.667 7.367 4.096 47.953 0.295 2
-123.983 5.783 4.270 22.860 0.272 2
122.142 5.558 5.676 46.043 0.289 2
-115.683 4.067 4.038 16.243 0.263 2
122.833 4.083 5.998 41.693 0.301 2
123.625 2.925 6.230 37.425 0.3 2
138.167 2.908 4.468 29.313 0.242 2
-19.658 2.450 4.933 60.877 0.266 2
140.333 2.408 4.300 30.365 0.238 2
143.267 1.858 4.491 29.178 0.242 2
-116.083 1.450 3.788 17.422 0.278 2
-39.083 0.983 4.827 75.446 0.282 2
169.183 0.783 5.449 137.469 0.305 2
-123.433 0.183 4.428 25.894 0.257 2
-23.858 -0.075 3.297 6.667 0.267 2
-22.683 0.175 3.641 12.442 0.225 2
-131.517 -1.383 4.788 36.669 0.241 2
-26.667 -1.267 4.087 36.941 0.267 2
8.045 -1.468 4.276 117.149 0.297 2
47.033 -2.917 5.637 133.927 0.281 2
49.600 -3.467 4.640 65.780 0.256 2
-114.217 -3.617 3.961 8.943 0.267 2
51.483 -3.600 4.640 64.740 0.286 2
54.595 -5.429 4.034 80.224 0.217 2
58.483 -5.333 4.255 59.759 0.242 2
59.217 -5.417 4.104 58.692 0.274 2
60.033 -5.450 4.497 55.161 0.239 2
74.300 -5.367 4.579 53.879 0.241 2
75.083 -5.350 4.810 59.622 0.256 2
54.836 -5.958 4.490 81.094 0.227 2
63.067 -5.517 3.630 38.669 0.27 2
63.733 -5.550 4.306 35.352 0.237 2
69.975 -5.659 3.787 22.243 0.293 2
-118.667 -7.333 4.158 14.419 0.266 2
54.640 -6.647 4.563 79.025 0.222 2
174.933 -9.017 5.264 93.419 0.236 2
-110.633 -9.667 2.611 0.812 0.265 2
56.500 -9.833 4.173 72.634 0.239 2
57.117 -9.967 3.996 77.842 0.294 2
57.883 -10.083 3.929 62.459 0.239 2
-133.583 -10.750 4.181 40.350 0.23 2
-128.950 -11.767 3.961 24.752 0.244 2
109.617 -11.667 5.446 120.089 0.301 2
-108.500 -13.467 3.385 3.336 0.253 2
93.217 -13.150 5.323 60.938 0.212 2
115.350 -12.850 5.439 134.550 0.269 2
149.917 -12.583 5.844 55.570 0.304 2
-119.167 -14.267 3.428 9.589 0.254 2
90.800 -13.833 5.130 47.642 0.218 2
115.550 -13.783 6.232 147.099 0.257 2
154.109 -14.351 5.450 56.208 0.237 2
-136.100 -15.033 4.619 36.868 0.242 2
108.150 -14.950 5.573 119.032 0.241 2
150.622 -14.804 5.511 61.072 0.376 2
153.440 -15.046 5.197 53.863 0.216 2
153.808 -14.861 5.353 52.540 0.221 2
-168.517 -16.267 5.874 110.237 0.276 2
-160.983 -17.467 4.881 112.733 0.246 2
-176.350 -18.317 2.272 0.429 0.201 2
-158.667 -17.533 5.054 104.084 0.227 2
-141.433 -18.467 4.669 46.302 0.261 2
-176.440 -18.573 2.249 0.629 0.201 2
-81.550 -18.983 4.071 32.960 0.27 2
177.567 -18.983 3.918 25.101 0.324 2
-175.940 -19.515 2.641 0.867 0.201 2
-113.750 -20.300 3.061 0.048 0.271 2
162.320 -20.010 5.096 59.000 0.25 2
162.744 -19.897 5.012 59.000 0.247 2
97.200 -20.717 5.681 80.163 0.227 2
-147.633 -21.700 4.995 68.535 0.219 2
-79.067 -21.550 4.400 42.078 0.229 2
178.550 -21.917 5.233 26.725 0.298 2
-117.833 -23.267 3.024 4.849 0.266 2
10.282 -23.146 5.612 116.250 0.254 2
10.802 -22.999 5.457 119.313 0.262 2
164.950 -23.000 4.723 59.000 0.298 2
10.325 -23.597 5.708 116.337 0.257 2
170.833 -23.900 4.797 29.237 0.26 2
171.800 -23.533 5.274 26.168 0.279 2
57.450 -24.567 4.580 49.994 0.25 2
104.200 -25.050 4.804 119.342 0.241 2
107.720 -25.395 6.107 121.089 0.212 2
-36.660 -26.223 5.350 105.120 0.232 2
-36.360 -26.228 5.410 103.781 0.236 2
11.273 -26.255 5.604 118.842 0.242 2
11.931 -26.004 5.453 121.773 0.256 2
-88.817 -27.067 3.820 25.613 0.219 2
-45.366 -27.478 5.282 113.232 0.331 2
11.390 -26.869 5.577 118.750 0.239 2
11.961 -27.001 5.306 120.577 0.243 2
58.167 -26.933 5.354 52.262 0.245 2
110.115 -27.083 6.026 120.388 0.21 2
155.867 -27.100 5.442 55.443 0.314 2
-106.933 -27.933 3.119 6.534 0.258 2
-96.317 -28.017 3.394 17.918 0.22 2
-45.405 -27.542 5.293 113.279 0.331 2
156.100 -27.783 5.193 56.135 0.334 2
-43.615 -29.400 6.062 112.433 0.29 2
37.146 -29.492 5.669 126.425 0.263 2
33.375 -30.271 4.531 123.640 0.261 2
33.680 -30.383 4.567 123.123 0.259 2
176.000 -29.500 4.634 26.476 0.3 2
176.767 -29.917 4.942 25.390 0.259 2
61.867 -31.483 4.262 33.760 0.252 2
62.600 -31.350 3.894 35.458 0.227 2
13.210 -31.788 5.161 121.237 0.26 2
32.490 -31.808 5.467 133.527 0.314 2
61.500 -31.540 3.661 33.283 0.245 2
113.158 -32.097 5.083 128.511 0.207 2
13.490 -32.556 5.311 121.679 0.258 2
31.263 -33.367 5.358 122.329 0.305 2
31.943 -33.027 4.865 122.528 0.304 2
62.075 -33.092 4.723 39.329 0.236 2
102.750 -32.750 5.084 84.502 0.225 2
103.500 -33.017 5.092 89.218 0.277 2
109.319 -32.758 5.558 122.711 0.213 2
14.293 -33.811 5.416 123.274 0.235 2
15.128 -34.118 5.377 125.254 0.234 2
15.618 -34.089 5.241 123.554 0.235 2
96.017 -33.800 4.624 34.126 0.245 2
105.917 -34.183 5.780 100.315 0.243 2
14.450 -34.992 5.352 121.728 0.219 2
15.152 -34.925 5.412 124.002 0.224 2
15.875 -34.585 5.283 123.689 0.229 2
28.482 -35.487 5.263 114.970 0.308 2
29.089 -35.369 5.417 116.903 0.292 2
112.037 -35.372 5.379 106.115 0.21 2
73.667 -35.767 3.687 15.033 0.274 2
111.490 -35.840 5.174 97.279 0.202 2
111.590 -35.663 5.343 100.356 0.206 2
76.383 -36.850 2.880 8.840 0.278 2
78.517 -37.250 2.311 1.268 0.243 2
133.980 -36.894 6.351 73.766 0.332 2
87.650 -37.933 4.096 18.698 0.236 2
63.967 -39.750 4.635 47.748 0.255 2
-132.883 -40.600 4.891 42.951 0.215 2
-96.083 -42.733 4.349 17.887 0.254 2
-104.433 -43.767 3.611 11.533 0.259 2
-110.617 -44.583 3.314 2.519 0.226 2
-45.135 -55.365 4.547 14.294 0.216 2
-44.825 -56.006 4.173 18.643 0.211 2
-44.565 -56.544 4.191 21.478 0.217 2
11.485 -62.489 4.959 110.173 0.204 2
11.855 -61.991 4.899 102.157 0.204 2
11.105 -63.001 5.225 117.548 0.203 2
10.455 -63.876 5.505 122.642 0.207 2
10.620 -63.654 5.400 121.852 0.206 2
15.410 74.310 4.116 35.665 0.384 2
9.858 73.175 2.484 8.842 0.346 2
13.460 72.090 3.543 32.073 0.388 2
15.910 70.380 3.975 50.407 0.345 2
