42.195 3.931 0.018 3.815 69.683
48.788 3.675 0.010 3.460 68.800
46.054 3.989 0.019 3.620 69.198
30.021 4.865 0.047 -140.583 58.059
40.399 5.689 0.023 -147.690 57.283
88.589 5.487 0.127 -51.635 54.387
81.790 5.464 0.104 -51.000 53.905
80.979 5.471 0.091 -50.485 53.514
80.104 5.538 0.090 -50.255 53.340
193.722 7.327 0.219 -57.165 43.595
18.330 4.077 0.001 -134.610 42.911
16.980 4.035 0.002 -134.000 42.978
14.753 3.833 0.002 -133.000 43.089
12.581 3.830 0.004 -132.005 43.159
10.286 3.791 0.005 -131.000 43.063
7.728 3.557 0.005 -130.000 42.951
5.204 3.567 0.006 -129.000 42.839
2.730 3.082 0.002 -128.000 42.722
0.231 2.780 0.001 -127.000 42.604
1.425 2.895 0.002 -126.310 42.523
191.015 7.404 0.222 -58.555 43.008
188.529 7.381 0.201 -58.223 42.971
187.811 7.167 0.189 -57.020 43.325
2.632 2.970 0.004 -125.805 42.463
3.449 3.504 0.010 -125.480 42.425
178.636 7.355 0.119 -59.000 41.853
170.568 7.113 0.134 -57.754 41.943
159.284 7.249 0.119 -56.960 41.540
154.385 7.348 0.112 -56.327 41.593
124.027 5.672 0.036 -46.725 42.040
120.073 5.975 0.046 -46.285 41.857
90.000 7.046 0.357 30.445 42.277
90.000 7.185 0.370 30.720 42.402
161.773 7.217 0.095 -57.914 41.080
154.109 7.286 0.097 -57.122 40.968
151.137 7.164 0.094 -55.765 41.236
147.788 7.026 0.077 -55.245 40.736
152.414 6.811 0.061 -58.605 39.695
153.159 7.216 0.086 -58.100 40.140
150.138 7.190 0.082 -56.725 40.356
145.384 6.942 0.065 -56.000 39.879
142.031 6.754 0.057 -54.839 40.169
132.498 6.735 0.054 -54.230 39.761
131.300 6.650 0.047 -54.918 39.187
124.540 6.267 0.031 -53.997 39.028
120.237 5.883 0.016 -53.450 38.986
185.074 6.277 0.075 -11.305 33.533
149.321 5.288 0.030 -14.575 33.223
153.918 5.797 0.049 -13.926 33.074
150.573 5.524 0.035 -14.800 32.339
156.434 5.573 0.042 -14.029 32.189
148.664 5.411 0.043 -15.995 30.791
153.684 5.151 0.051 -14.993 30.800
162.882 4.808 0.063 -14.132 30.901
160.492 5.363 0.074 -15.665 29.704
158.310 4.917 0.059 -15.245 30.206
167.195 5.781 0.094 -15.883 28.969
178.268 6.154 0.122 -15.290 28.589
164.242 5.497 0.075 -17.060 27.624
171.274 5.736 0.095 -16.480 27.506
166.683 5.088 0.050 -17.660 26.747
168.126 5.555 0.078 -16.992 27.123
175.340 5.963 0.113 -16.303 27.170
98.076 6.160 0.006 -61.650 26.459
166.632 4.912 0.046 -18.000 26.251
2.473 2.023 0.001 37.745 22.435
105.466 5.956 0.015 -65.508 21.390
3.555 1.742 0.030 38.590 20.523
0.980 1.710 0.021 38.287 20.204
0.117 2.016 0.020 38.673 19.770
6.078 2.189 0.100 38.455 19.314
3.955 2.078 0.073 38.560 19.435
29.634 5.117 0.041 118.110 18.534
36.572 5.257 0.022 123.190 18.622
35.047 5.916 0.019 123.610 18.792
29.273 5.034 0.036 117.765 18.430
43.073 5.383 0.037 122.845 18.483
45.434 5.883 0.001 133.075 17.802
46.145 5.784 0.002 133.775 17.822
25.996 4.694 0.001 136.445 18.000
24.439 4.840 0.001 137.000 17.998
21.702 4.917 0.001 138.000 17.994
18.807 4.920 0.001 138.770 17.991
22.931 4.814 0.002 140.075 17.982
25.721 5.113 0.010 141.000 17.985
26.712 5.314 0.018 141.695 17.987
6.266 4.197 0.002 144.045 18.003
0.580 3.621 0.002 144.790 18.152
176.723 5.925 0.005 158.425 17.729
177.371 5.888 0.004 158.625 17.585
174.834 5.906 0.004 157.110 17.298
178.978 5.867 0.005 159.120 17.229
180.586 5.909 0.005 159.560 16.913
196.033 5.489 0.036 -65.620 15.650
188.061 4.822 0.019 -74.991 14.662
188.014 5.099 0.026 -74.500 14.754
187.231 5.099 0.034 -76.650 13.784
187.843 4.348 0.013 -76.460 14.166
187.524 4.653 0.015 -74.615 14.454
186.805 4.843 0.026 -74.000 14.205
185.646 5.610 0.055 -73.015 13.806
85.176 6.941 0.061 -57.525 14.332
84.879 7.188 0.073 -57.480 14.365
20.967 4.625 0.008 113.795 13.826
17.924 4.558 0.005 114.755 13.734
186.062 5.624 0.063 -77.030 13.020
19.326 4.912 0.016 113.085 12.660
15.641 4.600 0.007 114.240 12.999
19.369 4.844 0.012 115.140 12.784
176.964 6.125 0.004 155.170 12.923
179.687 6.249 0.006 156.000 13.163
180.817 6.327 0.007 156.530 13.317
0.126 3.042 0.001 -103.865 12.040
1.624 3.120 0.001 -103.000 12.155
2.827 3.205 0.001 -102.400 12.235
93.941 7.051 0.127 -56.960 11.955
90.333 7.000 0.119 -56.400 12.025
15.544 4.716 0.011 113.350 12.299
18.162 4.749 0.011 113.630 11.918
22.693 4.806 0.011 114.929 12.275
107.334 7.100 0.217 -57.925 10.516
102.000 6.729 0.145 -56.920 10.554
95.675 6.708 0.120 -56.028 10.844
90.692 6.458 0.082 -55.195 10.950
181.801 5.948 0.004 155.165 11.253
182.480 5.860 0.003 155.530 11.158
108.650 7.063 0.233 -57.809 10.108
105.770 6.987 0.198 -57.000 9.955
108.688 6.666 0.200 -56.797 9.227
109.705 6.032 0.223 -56.730 8.287
16.578 3.911 0.005 -91.340 7.210
68.118 5.067 0.020 -43.630 5.839
66.682 5.037 0.021 -43.425 5.588
154.385 5.170 0.006 164.320 6.156
153.901 5.340 0.008 165.000 6.218
153.173 5.253 0.005 166.000 6.309
152.413 5.276 0.007 167.000 6.399
152.437 5.225 0.007 167.500 6.445
64.298 5.025 0.021 -43.155 5.257
1.455 2.551 0.001 -83.790 3.535
79.938 5.520 0.046 -44.350 4.237
135.975 6.440 0.037 51.245 3.858
119.966 6.389 0.036 51.825 4.018
0.553 3.098 0.001 -83.772 2.997
71.139 5.229 0.025 -42.435 3.335
0.355 2.159 0.004 -92.665 2.205
104.975 5.103 0.089 6.930 0.942
108.012 5.039 0.094 7.425 0.421
108.716 5.010 0.092 7.515 0.327
73.334 5.250 0.023 -37.165 -1.143
136.380 6.279 0.064 45.175 -3.584
131.150 6.167 0.060 45.000 -4.684
129.422 5.921 0.044 45.665 -4.670
0.168 5.487 0.015 128.130 -6.196
3.334 5.555 0.015 128.210 -6.549
53.724 4.596 0.001 -144.093 -13.132
77.140 4.298 0.003 -150.690 -18.390
75.174 3.913 0.007 -150.390 -17.795
74.888 5.812 0.008 3.210 -17.904
76.110 5.741 0.006 3.550 -17.988
77.719 4.341 0.003 -150.780 -18.570
99.252 5.946 0.019 7.165 -18.904
103.456 5.841 0.020 8.001 -19.083
105.643 5.793 0.022 8.550 -19.190
79.627 4.446 0.001 -150.955 -19.720
133.213 4.797 0.065 42.035 -22.494
132.732 4.805 0.065 41.880 -22.618
138.478 4.977 0.051 43.088 -24.254
139.758 5.017 0.042 43.335 -24.649
12.057 4.005 0.002 -11.745 -25.965
38.662 4.805 0.003 -4.200 -25.970
42.450 4.879 0.002 -3.345 -25.845
57.236 4.746 0.009 -31.210 -36.485
87.000 5.973 0.013 127.367 -36.013
83.200 6.223 0.021 132.294 -36.377
53.584 4.722 0.008 -30.815 -36.553
49.261 4.646 0.010 -30.000 -36.694
45.722 4.693 0.007 -29.140 -36.858
58.391 5.859 0.009 127.215 -37.000
61.240 5.947 0.011 128.056 -36.931
68.519 6.266 0.019 130.903 -36.877
70.549 6.329 0.022 131.984 -36.889
66.415 6.360 0.023 132.729 -37.111
43.546 5.613 0.002 127.054 -37.749
44.438 6.236 0.018 131.481 -37.923
47.932 6.260 0.019 131.541 -37.673
47.767 5.893 0.009 133.015 -37.758
23.038 4.943 0.001 127.350 -42.499
23.912 5.054 0.001 127.806 -42.060
26.257 4.957 0.001 134.819 -42.193
40.513 5.256 0.009 142.185 -42.017
40.906 5.395 0.015 142.668 -42.061
23.053 4.953 0.001 127.190 -42.501
23.948 4.872 0.001 135.052 -43.000
35.963 4.961 0.005 141.430 -42.654
36.256 4.796 0.006 141.585 -42.555
37.927 5.077 0.008 143.175 -42.886
37.447 5.033 0.011 143.585 -43.386
21.030 4.653 0.001 135.124 -44.000
33.511 5.065 0.007 143.351 -44.046
37.919 5.019 0.007 143.682 -44.059
81.683 5.373 0.027 152.015 -43.910
72.593 5.510 0.023 153.000 -43.910
68.282 5.373 0.017 153.995 -43.910
72.874 5.322 0.012 163.025 -44.007
15.849 4.584 0.001 128.430 -45.201
17.784 4.517 0.001 135.196 -45.000
35.947 4.977 0.005 144.151 -45.171
68.029 5.295 0.029 149.470 -45.328
68.773 5.217 0.027 149.540 -45.261
81.757 5.627 0.043 151.485 -44.608
77.677 5.570 0.032 151.830 -44.761
74.125 5.389 0.016 163.390 -44.521
14.537 4.452 0.001 128.483 -45.644
14.039 4.577 0.001 128.972 -45.840
13.701 4.497 0.001 129.918 -46.036
14.353 4.348 0.001 135.268 -46.000
35.952 4.804 0.004 144.353 -45.945
30.764 4.776 0.003 144.586 -45.955
71.755 5.612 0.036 150.265 -46.433
75.855 5.216 0.012 150.645 -46.371
10.688 4.293 0.001 130.126 -46.999
12.585 4.231 0.001 135.304 -46.514
28.170 4.611 0.005 144.791 -46.786
7.736 4.102 0.001 130.235 -47.950
76.939 5.357 0.020 151.890 -47.823
68.147 5.128 0.017 154.149 -48.495
65.635 5.076 0.015 154.535 -48.486
123.565 6.569 0.013 -51.605 -48.716
127.004 6.713 0.020 -51.318 -48.914
118.673 6.195 0.009 -45.815 -49.107
114.648 5.982 0.005 -44.775 -49.071
123.701 5.989 0.004 -44.410 -49.365
38.602 4.584 0.007 147.295 -49.224
63.742 4.924 0.009 154.105 -48.735
60.361 4.802 0.004 154.744 -48.708
49.837 5.271 0.012 156.195 -49.241
29.358 4.159 0.002 162.280 -49.425
51.715 5.216 0.016 153.310 -49.838
47.666 4.845 0.009 154.029 -49.939
47.090 5.076 0.010 154.641 -49.806
45.874 5.181 0.018 156.475 -49.527
40.227 4.951 0.013 156.970 -50.031
35.568 4.485 0.005 158.325 -50.170
33.122 4.332 0.006 158.550 -50.449
30.389 4.100 0.001 160.460 -50.473
30.485 4.319 0.004 161.000 -50.162
29.779 4.245 0.002 161.825 -49.687
124.296 5.685 0.073 -39.690 -51.358
120.785 5.545 0.052 -39.325 -51.089
37.189 5.030 0.019 157.465 -50.536
34.420 4.661 0.009 157.930 -51.010
32.643 4.027 0.002 158.880 -50.858
30.527 4.127 0.001 160.015 -50.730
126.364 6.029 0.095 -40.820 -52.191
125.351 5.858 0.086 -40.195 -51.731
25.814 4.744 0.008 157.885 -54.485
26.899 4.372 0.005 158.170 -54.610
27.232 5.321 0.005 159.260 -55.075
28.880 4.465 0.004 159.800 -55.310
21.268 3.963 0.005 156.845 -56.500
29.900 4.486 0.009 159.355 -56.500
31.435 4.436 0.015 159.790 -56.500
0.412 3.163 0.001 -29.895 -57.483
2.452 3.735 0.009 -29.000 -57.444
4.341 3.817 0.011 -28.155 -57.407
47.319 5.210 0.009 -22.945 -57.173
50.515 5.002 0.008 -22.000 -57.130
5.964 3.605 0.008 -32.590 -57.600
4.503 3.874 0.004 -32.000 -57.574
2.186 3.572 0.002 -31.000 -57.531
0.743 3.208 0.001 -30.400 -57.505
4.439 3.111 0.001 -31.975 -59.093
2.594 3.208 0.001 -31.000 -59.197
0.777 2.922 0.001 -30.000 -59.303
1.490 2.554 0.001 -29.275 -59.380
15.665 3.955 0.004 -61.395 -60.466
18.061 3.938 0.002 -22.920 -60.049
13.669 3.805 0.001 -22.305 -60.114
60.100 5.769 0.011 -2.055 -60.026
44.943 5.680 0.037 97.236 -60.404
17.617 3.948 0.005 -61.115 -60.692
107.806 5.947 0.021 46.870 -61.225
52.984 5.768 0.046 97.266 -61.000
40.341 5.083 0.019 107.335 -61.282
42.084 5.386 0.035 112.231 -61.208
45.132 5.832 0.045 126.017 -61.278
4.941 2.786 0.001 157.255 -61.172
3.760 2.783 0.001 157.610 -61.421
53.281 4.702 0.006 168.235 -61.069
51.996 4.280 0.001 169.000 -61.299
51.227 4.450 0.003 169.580 -61.473
117.255 6.153 0.028 25.120 -62.463
109.406 5.865 0.041 46.833 -62.007
118.553 6.198 0.034 53.345 -62.320
117.712 6.199 0.033 53.629 -62.106
118.165 5.987 0.029 55.000 -62.253
46.432 5.216 0.027 107.190 -61.799
46.159 5.702 0.048 112.264 -61.515
58.514 6.037 0.062 126.073 -62.001
56.228 5.968 0.053 131.480 -62.020
2.161 2.562 0.001 158.115 -61.776
0.167 2.351 0.001 158.825 -62.274
51.262 4.212 0.002 170.144 -61.643
49.892 4.074 0.003 170.973 -61.873
47.724 4.662 0.003 172.000 -62.151
44.194 4.354 0.001 172.565 -62.304
120.374 6.285 0.035 24.330 -63.313
118.557 6.111 0.027 24.795 -62.812
119.879 6.329 0.040 34.212 -63.108
120.570 5.992 0.029 41.775 -63.337
115.956 5.858 0.067 46.788 -62.935
121.062 6.291 0.056 52.440 -63.420
120.951 6.313 0.050 52.960 -63.081
120.262 6.256 0.040 53.995 -62.742
123.221 5.918 0.035 57.045 -63.075
76.355 5.997 0.066 126.115 -62.549
80.409 6.074 0.066 131.505 -62.720
36.465 4.502 0.014 147.332 -63.092
1.676 2.550 0.001 159.320 -62.622
3.743 2.682 0.001 159.995 -63.095
7.652 3.000 0.001 163.145 -63.467
8.137 2.919 0.001 164.000 -63.387
9.806 2.925 0.001 164.540 -63.336
23.576 2.768 0.001 166.435 -63.033
21.911 2.528 0.001 166.750 -63.295
126.020 6.047 0.030 23.360 -64.356
123.342 6.175 0.033 23.825 -63.856
121.285 6.688 0.059 27.259 -64.133
120.121 6.693 0.056 28.416 -64.008
120.525 6.305 0.043 34.306 -63.840
120.121 6.223 0.045 39.105 -64.464
120.389 6.111 0.044 40.081 -64.382
122.679 5.995 0.041 41.000 -64.099
123.586 5.832 0.039 41.973 -64.156
124.979 5.767 0.032 42.860 -64.114
121.984 6.326 0.063 52.280 -63.615
131.284 5.945 0.047 56.480 -64.017
128.532 5.983 0.042 56.650 -63.733
6.953 2.958 0.001 162.005 -63.574
7.375 3.125 0.001 162.650 -63.513
19.512 2.986 0.001 167.245 -63.708
17.664 3.290 0.001 167.710 -64.096
67.367 6.292 0.043 -27.510 -65.200
70.018 6.130 0.036 -27.195 -65.355
129.856 6.327 0.051 22.400 -65.388
127.996 6.223 0.042 22.865 -64.888
130.233 6.902 0.072 28.383 -64.777
120.338 6.317 0.047 37.265 -64.635
120.138 6.302 0.046 38.000 -64.567
120.083 6.571 0.061 38.610 -64.510
120.436 5.855 0.038 40.200 -64.503
24.738 3.812 0.010 172.055 -65.433
25.172 3.990 0.012 172.555 -65.358
69.567 5.315 0.014 -119.990 -66.149
74.879 5.620 0.050 -104.532 -66.244
54.010 5.234 0.038 -84.612 -66.147
32.893 4.529 0.021 -75.545 -66.465
74.219 6.043 0.033 -26.700 -65.598
79.956 5.580 0.017 -26.000 -65.942
85.555 5.518 0.016 -25.180 -66.345
138.384 6.270 0.064 21.430 -66.431
133.568 6.318 0.059 21.895 -65.931
24.125 3.781 0.017 171.455 -65.523
24.235 3.740 0.009 171.550 -65.509
57.413 5.072 0.013 -132.515 -67.339
57.933 4.963 0.011 -132.375 -67.424
66.748 4.721 0.008 -126.992 -67.250
67.260 4.621 0.005 -126.246 -67.131
70.551 5.239 0.012 -119.980 -66.512
76.282 5.326 0.029 -109.925 -67.023
75.826 5.761 0.055 -104.538 -67.002
51.992 5.327 0.047 -84.517 -66.576
51.304 5.284 0.046 -84.486 -66.720
43.614 5.148 0.037 -80.515 -66.621
43.461 5.085 0.035 -80.455 -66.636
32.516 4.677 0.024 -75.760 -66.628
88.642 5.599 0.019 -24.685 -66.588
92.844 5.886 0.029 -24.000 -66.925
98.043 5.843 0.027 -23.160 -67.337
139.297 6.202 0.061 21.345 -66.522
139.332 6.793 0.086 23.095 -66.767
143.001 6.545 0.084 28.000 -66.610
142.316 6.396 0.086 29.000 -66.591
156.163 6.443 0.087 29.630 -66.579
59.761 4.853 0.010 -131.870 -67.730
62.224 4.651 0.008 -131.045 -68.230
64.087 4.499 0.006 -130.080 -67.999
69.225 4.554 0.007 -126.797 -67.743
71.028 4.560 0.010 -125.914 -67.936
71.118 4.458 0.007 -125.079 -67.801
71.623 4.451 0.008 -124.060 -67.731
77.998 5.122 0.031 -109.975 -67.713
78.154 5.712 0.056 -104.545 -68.003
104.236 5.953 0.041 -28.935 -68.129
104.994 5.906 0.037 -28.000 -68.126
105.932 5.835 0.033 -27.000 -68.123
106.687 6.128 0.045 -26.315 -68.121
101.810 6.040 0.034 -22.665 -67.581
108.257 6.019 0.034 -22.000 -67.907
115.994 6.120 0.039 -21.145 -68.327
144.221 5.466 0.028 -1.635 -67.774
142.915 5.462 0.026 -1.445 -67.662
149.567 6.702 0.117 25.465 -67.508
150.040 6.684 0.119 25.555 -67.537
64.077 4.685 0.011 -130.550 -68.529
65.792 4.526 0.010 -129.785 -68.599
66.254 4.515 0.012 -129.415 -68.807
75.375 4.568 0.013 -124.870 -68.659
80.965 5.675 0.068 -104.552 -69.005
83.910 5.800 0.044 -98.850 -69.065
84.185 5.796 0.040 -98.070 -68.921
81.219 5.054 0.041 -89.655 -69.390
72.798 5.071 0.050 -89.000 -69.313
52.746 4.886 0.054 -88.000 -69.196
48.723 4.723 0.049 -87.430 -69.130
127.394 6.312 0.066 -31.545 -69.492
126.977 6.325 0.066 -31.000 -69.410
126.325 6.315 0.064 -30.000 -69.260
125.068 6.202 0.055 -29.000 -69.110
122.888 5.871 0.041 -28.350 -69.013
119.806 5.934 0.033 -20.650 -68.571
125.913 6.038 0.039 -20.000 -68.890
128.955 6.062 0.044 -19.089 -69.332
39.431 4.283 0.017 176.040 -69.280
83.797 5.675 0.081 -104.558 -69.722
84.701 5.658 0.059 -103.510 -69.986
83.429 5.636 0.053 -102.995 -69.609
83.527 5.527 0.051 -102.000 -69.500
83.945 5.580 0.051 -101.000 -69.500
84.294 5.478 0.043 -100.000 -69.500
84.651 5.723 0.051 -99.000 -69.500
85.081 5.647 0.043 -98.000 -69.500
85.523 5.544 0.036 -97.000 -69.500
85.697 5.573 0.036 -96.485 -69.500
129.503 6.273 0.073 -33.905 -69.846
128.624 6.301 0.071 -33.000 -69.710
127.792 6.292 0.069 -32.050 -69.568
130.365 6.154 0.048 -18.580 -69.518
131.387 5.983 0.041 -18.000 -69.646
132.932 5.827 0.035 -17.000 -69.867
134.169 6.037 0.043 -16.450 -69.989
44.276 5.221 0.065 121.350 88.555
41.685 5.329 0.073 125.000 88.723
40.726 4.896 0.051 129.200 88.917
46.480 5.216 0.064 100.500 87.592
48.801 5.489 0.077 105.000 87.800
51.822 5.337 0.070 110.000 88.031
49.699 5.626 0.083 115.000 88.262
44.188 5.449 0.076 118.800 88.437
24.628 3.693 0.002 85.000 86.877
31.490 4.718 0.033 90.000 87.108
39.054 4.985 0.047 95.000 87.338
43.450 5.398 0.073 97.950 87.475
32.299 4.695 0.050 20.850 84.010
40.405 5.077 0.074 25.767 83.653
42.409 5.234 0.081 27.650 83.584
46.786 5.252 0.081 24.350 82.999
49.968 5.622 0.100 28.900 82.984
53.232 5.647 0.105 26.750 82.306
55.960 5.378 0.106 29.404 82.067
21.505 3.902 0.084 -3.150 79.962
13.737 3.676 0.066 -0.400 79.705
31.789 4.536 0.093 -2.700 77.759
32.369 4.541 0.091 -1.900 77.614
27.373 3.997 0.063 0.650 77.154
142.684 7.759 0.274 -147.545 72.169
84.755 5.724 0.064 -103.535 -70.013
134.408 6.091 0.046 -16.360 -70.009
65.367 5.085 0.021 -158.745 -72.388
66.117 5.431 0.036 -155.445 -72.408
