0 62.5 4.25633 1401.341552734 0.0459748
2 62.5 4.26332 1400.773315430 0.0492849
4 62.5 4.27232 1399.787597656 0.0471425
6 62.5 4.2839 1396.368774414 0.0466733
8 62.5 4.29691 1388.342163086 0.0484107
10 62.5 4.30929 1375.500244141 0.0462406
12 62.5 4.31978 1358.789550781 0.0472848
14 62.5 4.3296 1339.443603516 0.04535
16 62.5 4.34006 1318.513793945 0.0466949
18 62.5 4.35156 1296.814208984 0.0495229
20 62.5 4.36327 1274.918701172 0.0452067
22 62.5 4.37248 1253.227539062 0.0464657
24 62.5 4.37962 1231.982299805 0.0461746
26 62.5 4.38712 1211.350341797 0.0460881
28 62.5 4.39681 1191.420043945 0.0470625
30 62.5 4.40888 1172.240234375 0.0481552
32 62.5 4.41799 1153.829345703 0.0496614
34 62.5 4.42654 1136.180908203 0.0497545
36 62.5 4.43757 1119.281860352 0.0525641
38 62.5 4.44484 1103.115356445 0.0541692
40 62.5 4.43804 1087.643798828 0.0456807
42 62.5 4.44783 1072.843750000 0.0479902
44 62.5 4.45196 1058.680786133 0.0464507
46 62.5 4.45207 1045.132690430 0.0441077
48 62.5 4.45226 1032.171386719 0.0428537
50 62.5 4.45589 1019.769958496 0.0417513
52 62.5 4.46411 1007.902404785 0.0434605
54 62.5 4.47987 996.544311523 0.048523
56 62.5 4.49 985.672424316 0.0448291
58 62.5 4.49267 975.264770508 0.0375279
60 62.5 4.49743 965.300476074 0.0455766
62 62.5 4.49603 955.759948730 0.0499389
64 62.5 4.49753 946.624389648 0.0524581
66 62.5 4.49538 937.876220703 0.0560136
68 62.5 4.49459 929.498535156 0.0599268
70 62.5 4.50866 921.475463867 0.0606022
72 62.5 4.51394 913.791809082 0.0622694
74 62.5 4.51629 906.433044434 0.0587075
76 62.5 4.51736 899.385498047 0.0554426
78 62.5 4.51802 892.635986328 0.0551732
80 62.5 4.51881 886.171997070 0.0559119
82 62.5 4.52352 879.981567383 0.0527702
84 62.5 4.51816 874.053161621 0.0550581
86 62.5 4.5104 868.375976562 0.0618961
88 62.5 4.51068 862.939453125 0.0687665
90 62.5 4.52581 857.733581543 0.0698877
92 62.5 4.53786 852.748779297 0.0658447
94 62.5 4.54024 847.975769043 0.0637718
96 62.5 4.54493 843.405761719 0.0637074
98 62.5 4.54636 839.030395508 0.0677434
100 62.5 4.5284 834.841430664 0.07776
102 62.5 4.55324 830.831237793 0.0701409
104 62.5 4.56749 826.992248535 0.0604163
106 62.5 4.57159 823.317382812 0.0578477
108 62.5 4.57169 819.799743652 0.0630283
110 62.5 4.57227 816.432739258 0.0688369
112 62.5 4.56911 813.210144043 0.072036
114 62.5 4.58641 810.125793457 0.0691165
116 62.5 4.60258 807.174011230 0.0647745
118 62.5 4.60964 804.349121094 0.0601069
120 62.5 4.61775 801.645812988 0.0522989
0 87.5 4.2435 1451.067749023 0.0424262
2 87.5 4.25035 1447.293090820 0.046419
4 87.5 4.25935 1444.535278320 0.0462767
6 87.5 4.27076 1442.289428711 0.0477984
8 87.5 4.28373 1440.180419922 0.0509277
10 87.5 4.29674 1437.761840820 0.0499756
12 87.5 4.3073 1434.577514648 0.051182
14 87.5 4.31448 1430.329467773 0.0476829
16 87.5 4.32271 1424.883666992 0.0481118
18 87.5 4.33241 1418.248413086 0.0509322
20 87.5 4.34008 1410.517944336 0.0456941
22 87.5 4.34867 1401.837524414 0.0467776
24 87.5 4.35578 1392.364135742 0.0472383
26 87.5 4.36194 1382.263427734 0.0476227
28 87.5 4.36915 1371.688232422 0.0483742
30 87.5 4.37953 1360.779541016 0.0490916
32 87.5 4.38785 1349.662353516 0.0501658
34 87.5 4.39582 1338.442504883 0.0497683
36 87.5 4.40548 1327.212402344 0.0523402
38 87.5 4.41117 1316.052001953 0.0530333
40 87.5 4.40434 1305.018066406 0.0417856
42 87.5 4.41451 1294.165283203 0.0468186
44 87.5 4.41838 1283.534057617 0.0442754
46 87.5 4.42013 1273.157348633 0.0410481
48 87.5 4.42248 1263.059082031 0.0402556
50 87.5 4.42437 1253.256835938 0.0385662
52 87.5 4.43275 1243.763061523 0.0415682
54 87.5 4.44624 1234.585449219 0.0468095
56 87.5 4.45426 1225.727783203 0.0423397
58 87.5 4.45527 1217.191040039 0.0345553
60 87.5 4.45671 1208.973510742 0.0438418
62 87.5 4.45518 1201.070800781 0.0487813
64 87.5 4.45687 1193.477294922 0.0531026
66 87.5 4.45415 1186.187744141 0.0556042
68 87.5 4.45235 1179.194335938 0.0563988
70 87.5 4.46615 1172.489013672 0.0572759
72 87.5 4.46943 1166.062988281 0.0604426
74 87.5 4.47161 1159.907104492 0.0574204
76 87.5 4.47283 1154.012207031 0.0538776
78 87.5 4.4734 1148.368896484 0.0527495
80 87.5 4.47487 1142.967895508 0.0520617
82 87.5 4.48112 1137.799804688 0.0467903
84 87.5 4.47638 1132.855468750 0.0498394
86 87.5 4.47416 1128.126098633 0.0556528
88 87.5 4.48156 1123.602661133 0.0595597
90 87.5 4.4947 1119.276977539 0.0606369
92 87.5 4.50648 1115.140502930 0.0602358
94 87.5 4.50913 1111.185302734 0.0612042
96 87.5 4.51447 1107.403808594 0.0609822
98 87.5 4.51679 1103.788452148 0.0619969
100 87.5 4.49973 1100.332031250 0.0695806
102 87.5 4.52417 1097.027709961 0.0674076
104 87.5 4.53228 1093.869018555 0.0639605
106 87.5 4.53312 1090.849365234 0.0636562
108 87.5 4.53463 1087.962768555 0.0666106
110 87.5 4.53575 1085.203369141 0.068935
112 87.5 4.5372 1082.565673828 0.0659856
114 87.5 4.55483 1080.044189453 0.0633956
116 87.5 4.56783 1077.633911133 0.0599179
118 87.5 4.57269 1075.329833984 0.0553169
120 87.5 4.58495 1073.127441406 0.0509709
0 112.5 4.25102 1469.346801758 0.0438242
2 112.5 4.25622 1469.067382812 0.0477697
4 112.5 4.265 1468.153808594 0.0493346
6 112.5 4.27634 1467.125976562 0.05145
8 112.5 4.28912 1466.160522461 0.0542016
10 112.5 4.30268 1465.281616211 0.0547746
12 112.5 4.31347 1464.441406250 0.055328
14 112.5 4.3178 1463.562377930 0.0498444
16 112.5 4.32344 1462.547607422 0.04964
18 112.5 4.33106 1461.311767578 0.0529384
20 112.5 4.33436 1459.791259766 0.0464902
22 112.5 4.34124 1457.951660156 0.0466943
24 112.5 4.34749 1455.781127930 0.0478289
26 112.5 4.35201 1453.291381836 0.049109
28 112.5 4.35666 1450.506958008 0.0499564
30 112.5 4.36477 1447.462158203 0.0497952
32 112.5 4.3714 1444.196289062 0.0498112
34 112.5 4.37795 1440.748901367 0.0494344
36 112.5 4.38598 1437.160034180 0.0520254
38 112.5 4.39021 1433.468872070 0.0521388
40 112.5 4.38305 1429.706420898 0.0402535
42 112.5 4.393 1425.904907227 0.0484146
44 112.5 4.39512 1422.091308594 0.0431559
46 112.5 4.39664 1418.289916992 0.038315
48 112.5 4.40011 1414.520507812 0.0390981
50 112.5 4.40118 1410.799926758 0.0380105
52 112.5 4.40879 1407.142211914 0.0430595
54 112.5 4.41844 1403.558715820 0.0467386
56 112.5 4.42269 1400.058715820 0.0417156
58 112.5 4.42075 1396.649047852 0.0348364
60 112.5 4.41842 1393.335205078 0.0425636
62 112.5 4.41689 1390.120971680 0.0477492
64 112.5 4.41927 1387.008911133 0.053452
66 112.5 4.41681 1383.999755859 0.0533605
68 112.5 4.41469 1381.095336914 0.0498369
70 112.5 4.42797 1378.294555664 0.0527999
72 112.5 4.42878 1375.596801758 0.0570935
74 112.5 4.43034 1373.000488281 0.0548413
76 112.5 4.43149 1370.504028320 0.0508586
78 112.5 4.43219 1368.104980469 0.0482621
80 112.5 4.43493 1365.801269531 0.0462881
82 112.5 4.44204 1363.590087891 0.0402182
84 112.5 4.44118 1361.468750000 0.044295
86 112.5 4.44546 1359.434570312 0.048573
88 112.5 4.45814 1357.484497070 0.0487771
90 112.5 4.47023 1355.615966797 0.0491836
92 112.5 4.48072 1353.825683594 0.0510644
94 112.5 4.48279 1352.111083984 0.0558372
96 112.5 4.48762 1350.469116211 0.0571878
98 112.5 4.4904 1348.896972656 0.0561936
100 112.5 4.47629 1347.392211914 0.0604809
102 112.5 4.49805 1345.951904297 0.0634613
104 112.5 4.49827 1344.573608398 0.0673496
106 112.5 4.49621 1343.254760742 0.068995
108 112.5 4.50002 1341.992797852 0.0678805
110 112.5 4.49979 1340.785522461 0.0659046
112 112.5 4.50674 1339.630493164 0.0569766
114 112.5 4.52592 1338.525756836 0.055309
116 112.5 4.53584 1337.468994141 0.0533008
118 112.5 4.53813 1336.458129883 0.0495661
120 112.5 4.55583 1335.491333008 0.0503322
