200 159.662797451	146.018662125	175.389319718
199.8 159.591997957	145.94416111	175.333623588
199.6 159.52116056	145.869733137	175.277841914
199.4 159.450280255	145.795283431	175.221878171
199.2 159.379210291	145.720796812	175.165767193
199 159.307838961	145.646244943	175.109675169
198.8 159.23646439	145.571431386	175.053308082
198.6 159.165009093	145.496414369	174.996873824
198.4 159.093474889	145.421568954	174.940805414
198.2 159.021885115	145.346681296	174.884655139
198 158.950569242	145.271677434	174.828404233
197.8 158.879121512	145.196506059	174.771948943
197.6 158.807379741	145.1211963	174.715487725
197.4 158.73550362	145.045840411	174.658850652
197.2 158.663518143	144.970528164	174.602002275
197 158.591313601	144.895180173	174.545041621
196.8 158.519217491	144.819754125	174.488156565
196.6 158.447244195	144.744190574	174.431148359
196.4 158.375222936	144.668532199	174.373895457
196.2 158.303041375	144.592788744	174.316427532
196 158.230660319	144.516937017	174.258959606
195.8 158.158074379	144.441103975	174.201266399
195.6 158.085242284	144.365246153	174.143420654
195.4 158.012283304	144.28936193	174.085390252
195.2 157.939592791	144.213427741	174.02722948
195 157.866927475	144.137325555	173.969316466
194.8 157.794053012	144.060848266	173.911526647
194.6 157.721014112	143.984337036	173.853713644
194.4 157.647878611	143.908130082	173.795776847
194.2 157.574615038	143.831897571	173.737687034
194 157.501092613	143.755623057	173.679486364
193.8 157.427779199	143.679226986	173.621243733
193.6 157.354376891	143.602546072	173.562968576
193.4 157.280845061	143.52568267	173.504468006
193.2 157.207167477	143.448923412	173.445655966
193 157.133348316	143.372243717	173.386813328
192.8 157.059654326	143.295535341	173.327922973
192.6 156.98564037	143.218667972	173.268859321
192.4 156.911748807	143.141735518	173.209539586
192.2 156.837793499	143.064678934	173.150017887
192 156.763718337	142.987343399	173.090485245
191.8 156.689499515	142.910375845	173.030898672
191.6 156.615138895	142.833309898	172.971461849
191.4 156.540692607	142.7561589	172.91219765
191.2 156.466234155	142.678911436	172.852837187
191 156.391660817	142.601531327	172.793367833
190.8 156.317106892	142.523857939	172.733733529
190.6 156.242376822	142.446181957	172.674074638
190.4 156.167510623	142.368508308	172.614164424
190.2 156.092533153	142.290803439	172.55394387
190 156.017454118	142.213057965	172.493514711
189.8 155.942738905	142.135217494	172.433340984
189.6 155.867727646	142.057279962	172.373051784
189.4 155.792575034	141.979407255	172.312538117
189.2 155.717337709	141.901705048	172.251825857
189 155.641900927	141.823675975	172.191075742
188.8 155.566307693	141.745480105	172.130136192
188.6 155.490675221	141.667255724	172.069109255
188.4 155.415251757	141.588987827	172.008008382
188.2 155.339687664	141.510685755	171.947222247
188 155.263890654	141.432637207	171.886398077
187.8 155.18806141	141.354358624	171.825188649
187.6 155.112015372	141.275785243	171.763900185
187.4 155.03581976	141.197082972	171.702503353
187.2 154.959749857	141.118294674	171.640999734
187 154.883823343	141.039340168	171.579421818
186.8 154.807713427	140.960407153	171.517909038
186.6 154.731406391	140.881698139	171.456307049
186.4 154.654998183	140.802968135	171.394379723
186.2 154.578418255	140.724205613	171.332130626
186 154.501429558	140.645390511	171.269784406
185.8 154.424658317	140.566484523	171.207475057
185.6 154.347823307	140.487288727	171.145082891
185.4 154.270931003	140.408105304	171.08261224
185.2 154.193977189	140.328855342	171.020086368
185 154.116941094	140.249493212	170.957794052
184.8 154.039880705	140.169901174	170.895222278
184.6 153.962712824	140.090191495	170.832529053
184.4 153.88561567	140.010443879	170.769744906
184.2 153.80845409	139.93104139	170.70687443
184 153.731138319	139.851500437	170.643896282
183.8 153.653529924	139.771813139	170.580791414
183.6 153.575711065	139.692001629	170.517653761
183.4 153.497815412	139.612075805	170.454298853
183.2 153.420146057	139.532060346	170.390717405
183 153.342231169	139.45219687	170.327043623
182.8 153.264479735	139.372312993	170.263468689
182.6 153.186540109	139.292379936	170.199690515
182.4 153.108456498	139.212412753	170.135686273
182.2 153.030265572	139.132343989	170.071512908
182 152.952240493	139.052023679	170.007307142
181.8 152.87417634	138.971524214	169.94346811
181.6 152.795729613	138.891302492	169.879606378
181.4 152.717141831	138.81100001	169.81561473
181.2 152.63846358	138.730588895	169.751446199
181 152.559554517	138.65006265	169.687061071
180.8 152.480782227	138.569363373	169.622506213
180.6 152.402234578	138.488542511	169.557909709
180.4 152.323533672	138.407845179	169.493114151
180.2 152.244608289	138.327081734	169.428062841
180 152.16536966	138.246217817	169.362916514
179.8 152.086142832	138.165109438	169.297778258
179.6 152.006765407	138.083877873	169.232498443
179.4 151.927697475	138.002603255	169.167046452
179.2 151.848617262	137.921780312	169.10145424
179 151.769408673	137.840794623	169.035816342
178.8 151.689911288	137.759627641	168.9703657
178.6 151.610147399	137.678339815	168.905094576
178.4 151.530298671	137.596948087	168.839697877
178.2 151.450607437	137.515469374	168.774132007
178 151.370786861	137.434141956	168.708359689
177.8 151.290954879	137.352518742	168.642393178
177.6 151.210936797	137.270845544	168.576365048
177.4 151.130777747	137.18914237	168.510161341
177.2 151.050511865	137.107376224	168.443729821
177 150.970303182	137.025461107	168.377160221
176.8 150.890333892	136.943460018	168.310617346
176.6 150.809980941	136.861592099	168.24392947
176.4 150.729481673	136.779708875	168.177066606
176.2 150.648884189	136.697810489	168.110058379
176 150.568047345	136.615880758	168.042994022
175.8 150.487352195	136.53379212	167.975967478
175.6 150.406942408	136.451556048	167.909082316
175.4 150.326380247	136.369214636	167.842091102
175.2 150.245605922	136.286760301	167.774984598
175 150.164524734	136.204217523	167.70769912
174.8 150.083395445	136.121559328	167.64035176
174.6 150.001999255	136.038821349	167.572917533
174.4 149.920841349	135.956359521	167.505321703
174.2 149.839634851	135.87410523	167.437556073
174 149.758278146	135.79168199	167.36962153
173.8 149.676728418	135.708857414	167.301689783
173.6 149.595031124	135.626002288	167.233529216
173.4 149.51327302	135.543103232	167.165122354
173.2 149.431816169	135.460292067	167.096512592
173 149.350184843	135.377598435	167.027804196
172.8 149.268484292	135.294545156	166.959492315
172.6 149.186600322	135.211264318	166.891175361
172.4 149.104573125	135.127855581	166.822732049
172.2 149.022436881	135.044349846	166.754165882
172 148.940484237	134.960991181	166.685421258
171.8 148.858478835	134.877683182	166.616589242
171.6 148.776239354	134.794375384	166.547726989
171.4 148.693891084	134.711048966	166.478651757
171.2 148.611437386	134.627695179	166.409274703
171 148.528759688	134.544315338	166.339651257
170.8 148.446251297	134.460846595	166.270282
170.6 148.363836	134.377183865	166.200707429
170.4 148.28130075	134.293345752	166.130962479
170.2 148.198623407	134.209387189	166.061094571
170 148.115794957	134.125326782	165.991226966
169.8 148.032896555	134.040932971	165.921587538
169.6 147.949779843	133.956854934	165.851811386
169.4 147.866580336	133.87303672	165.781909317
169.2 147.783282954	133.789116847	165.711826444
169 147.699853092	133.705079436	165.64144218
168.8 147.616350061	133.620788789	165.570953417
168.6 147.532788288	133.536480037	165.500378907
168.4 147.449505631	133.452294556	165.429832028
168.2 147.366318386	133.368173042	165.359160167
168 147.28288272	133.283958063	165.288393646
167.8 147.199369318	133.199328109	165.217577773
167.6 147.115549535	133.114503169	165.146464497
167.4 147.031508349	133.029577975	165.075118762
167.2 146.947510633	132.945024288	165.003612323
167 146.863547936	132.860578656	164.932497799
166.8 146.779461006	132.775853598	164.861413133
166.6 146.695297354	132.691052777	164.790200517
166.4 146.61108573	132.606141329	164.718844256
166.2 146.526781049	132.521124903	164.647275418
166 146.442613535	132.436206482	164.575371832
165.8 146.358277212	132.351066498	164.503377868
165.6 146.27383036	132.265796906	164.431491949
165.4 146.189258963	132.180431586	164.359512809
165.2 146.104561549	132.094981807	164.287408721
165 146.019749194	132.00943622	164.215185106
164.8 145.935253972	131.924190575	164.142929924
164.6 145.85057315	131.838977673	164.070299876
164.4 145.765775436	131.753689134	163.997473037
164.2 145.680852068	131.668302756	163.924990335
164 145.59565717	131.582802922	163.852441013
163.8 145.510107059	131.497103342	163.779733276
163.6 145.424998341	131.411441094	163.706864858
163.4 145.339922002	131.32566562	163.633851701
163.2 145.254791176	131.239783627	163.560654819
163 145.169553697	131.153782159	163.48720923
162.8 145.084073127	131.067457396	163.414199484
162.6 144.998380323	130.981238582	163.340988338
162.4 144.912785806	130.895558603	163.267532751
162.2 144.827108956	130.809791213	163.193827081
162 144.741339982	130.723916262	163.119903088
161.8 144.655304825	130.637758773	163.045987415
161.6 144.569136095	130.551514613	162.971953202
161.4 144.483022922	130.465217901	162.898076788
161.2 144.397298777	130.378903711	162.824119043
161 144.311350614	130.292516202	162.75
160.8 144.225274664	130.205738896	162.675942182
160.6 144.139039463	130.118943227	162.601802146
160.4 144.052649817	130.032120965	162.527517872
160.2 143.966245885	129.945693401	162.453035905
160 143.879954703	129.859415203	162.378219187
159.8 143.793424262	129.772619921	162.303488135
159.6 143.706711292	129.685774392	162.228552163
159.4 143.619899851	129.598810309	162.153441423
159.2 143.532989141	129.511730276	162.078188217
159 143.446275115	129.424748771	162.002826989
158.8 143.359627807	129.337685953	161.927894047
158.6 143.272866523	129.250502396	161.852688766
158.4 143.18597973	129.163212341	161.777340883
158.2 143.0989622	129.075816087	161.701869148
158 143.011815012	128.988404453	161.626165599
157.8 142.924769013	128.901159555	161.550392884
157.6 142.837530086	128.813924062	161.474648855
157.4 142.750156877	128.726678792	161.398929538
157.2 142.662676895	128.639409137	161.322994256
157 142.575057805	128.552105069	161.246813297
156.8 142.487247808	128.464624391	161.170702815
156.6 142.399953339	128.376970687	161.094166219
156.4 142.312508586	128.289116457	161.017377415
156.2 142.22485683	128.201107532	160.940801939
156 142.136958838	128.113038927	160.864273697
155.8 142.048861623	128.024535662	160.787815123
155.6 141.960822255	127.936622798	160.711117584
155.4 141.87285613	127.848941124	160.634303886
155.2 141.784813154	127.761250186	160.557338981
155 141.696680784	127.673526883	160.48009455
154.8 141.608233428	127.585593557	160.403167545
154.6 141.519674837	127.497538391	160.326076182
154.4 141.431639471	127.409250425	160.248822418
154.2 141.343670449	127.320794445	160.171393835
154 141.255496427	127.232293874	160.093763649
153.8 141.166938624	127.143390089	160.016208296
153.6 141.078242588	127.054410362	159.938396598
153.4 140.989421451	126.965722104	159.860482442
153.2 140.900636282	126.877518952	159.782518333
153 140.811780855	126.789214015	159.704411119
152.8 140.722870645	126.700538588	159.626363391
152.6 140.633796078	126.611823678	159.54815979
152.4 140.544624475	126.52299618	159.469981379
152.2 140.455741936	126.434098024	159.391831163
152 140.367088243	126.345186502	159.313345745
151.8 140.277977606	126.255910951	159.234966913
151.6 140.188780272	126.166518134	159.156194914
151.4 140.099430877	126.077044529	159.07714839
151.2 140.009939008	125.987648954	158.997937694
151 139.920559935	125.899051219	158.919087134
150.8 139.831073152	125.810024279	158.840244846
150.6 139.741315943	125.720981389	158.761218536
150.4 139.65137977	125.631837976	158.682093483
150.2 139.561308305	125.542573756	158.602773303
150 139.471366907	125.45325651	158.522979945
149.8 139.381928056	125.363599663	158.44340486
149.6 139.292428207	125.273753393	158.363844389
149.4 139.20280475	125.183703947	158.284185982
149.2 139.113037336	125.093506318	158.204409761
149 139.023147881	125.003284246	158.124489039
148.8 138.933009037	124.913807581	158.044693417
148.6 138.8427313	124.824344754	157.964478481
148.4 138.752305385	124.734798184	157.884225236
148.2 138.661757707	124.645148915	157.803926939
148 138.571115732	124.555418581	157.723482519
147.8 138.48029118	124.465345592	157.642913896
147.6 138.390091285	124.375114287	157.562145716
147.4 138.299794742	124.284657055	157.481400222
147.2 138.209369183	124.194014329	157.400809568
147 138.118809342	124.103356332	157.319837302
146.8 138.028039813	124.012409495	157.239217061
146.6 137.93722711	123.922365663	157.158174908
146.4 137.846285932	123.832367343	157.076858866
146.2 137.755205452	123.742217177	156.995386316
146 137.664065182	123.65188995	156.914185531
145.8 137.57253145	123.561106164	156.832944907
145.6 137.481113694	123.470335592	156.751378452
145.4 137.390341837	123.379572685	156.669688695
145.2 137.29945671	123.288770771	156.587863385
145 137.208434969	123.197910309	156.505675495
144.8 137.117149263	123.106463885	156.424164572
144.6 137.025768573	123.014862008	156.34248372
144.4 136.934280885	122.924075389	156.260586509
144.2 136.842680243	122.833448702	156.178435784
144 136.751020983	122.742806047	156.09596923
143.8 136.658877865	122.651867956	156.013630769
143.6 136.566533339	122.560914361	155.931181751
143.4 136.47434499	122.469696804	155.848642923
143.2 136.382794461	122.378154058	155.766010582
143 136.291122869	122.286580652	155.683149159
142.8 136.199321619	122.194563026	155.600169504
142.6 136.107466143	122.102462894	155.517052926
142.4 136.015445644	122.010285999	155.434261159
142.2 135.923309869	121.919101232	155.351400712
142 135.831148371	121.828036413	155.268193498
141.8 135.738668701	121.736668227	155.185096624
141.6 135.646053821	121.6452851	155.101692968
141.4 135.553330701	121.553680474	155.018073843
141.2 135.46093058	121.461775999	154.934559565
141 135.368989184	121.369741008	154.851022899
140.8 135.27649782	121.277315793	154.767391479
140.6 135.183941216	121.184819293	154.683497721
140.4 135.091235888	121.092227399	154.59948799
140.2 134.998381606	120.999567403	154.515336152
140 134.905519284	120.907965176	154.431167804
139.8 134.81257344	120.815847538	154.346949582
139.6 134.719474518	120.723714948	154.262616861
139.4 134.62624644	120.631547129	154.178166884
139.2 134.53291593	120.539343294	154.093603087
139 134.440151557	120.447145019	154.008935094
138.8 134.347159692	120.354407627	153.92462296
138.6 134.254122114	120.261571157	153.839989832
138.4 134.160956299	120.168635738	153.755184409
138.2 134.067642997	120.075626653	153.670204657
138 133.974236218	119.982774325	153.584871739
137.8 133.880757898	119.890001084	153.499309636
137.6 133.787045223	119.797189349	153.41421019
137.4 133.693082625	119.704354858	153.329019046
137.2 133.598945665	119.611492657	153.243704969
137 133.504801035	119.518577099	153.158245891
136.8 133.411542678	119.425424726	153.072893805
136.6 133.318316644	119.332187397	152.987144242
136.4 133.224919754	119.238821051	152.901285864
136.2 133.131298691	119.14535501	152.815283656
136 133.037487656	119.051885009	152.729116142
135.8 132.943355494	118.958134226	152.642971623
135.6 132.849102768	118.864845008	152.556694603
135.4 132.754677457	118.771524585	152.470551701
135.2 132.660111034	118.678184402	152.384658313
135 132.565524638	118.584824979	152.298449844
134.8 132.470789388	118.491110402	152.212051386
134.6 132.376796669	118.397329687	152.125426066
134.4 132.282709318	118.303326905	152.038571606
134.2 132.188494116	118.209118932	151.951677163
134 132.0941737	118.114877433	151.864846945
133.8 131.999558751	118.020316902	151.777992332
133.6 131.904816525	117.926591533	151.690791536
133.4 131.809900287	117.833032918	151.603396064
133.2 131.714828139	117.73938204	151.51584099
133 131.619724065	117.64563489	151.428571425
132.8 131.524141294	117.551424051	151.341561715
132.6 131.429381331	117.457192499	151.25434379
132.4 131.334834188	117.362745723	151.166843564
132.2 131.240183169	117.26808328	151.079060404
132 131.145417243	117.173363537	150.991094987
131.8 131.050309974	117.078283781	150.903389236
131.6 130.95513271	116.983396681	150.815356252
131.4 130.859723796	116.889331746	150.727138391
131.2 130.764145541	116.795131767	150.63876639
131 130.668540835	116.700761735	150.550159365
130.8 130.572318697	116.605789101	150.46191044
130.6 130.476299618	116.510788102	150.373964798
130.4 130.381095147	116.415737144	150.285813576
130.2 130.285788101	116.320574736	150.19739176
130 130.190356404	116.225383341	150.108647525
129.8 130.094743114	116.12982527	150.019934173
129.6 129.999110539	116.034237434	149.931073139
129.4 129.903216656	115.939290979	149.842044223
129.2 129.807164288	115.844633972	149.752847957
129 129.711097419	115.749806225	149.663486838
128.8 129.614455116	115.654335153	149.573907304
128.6 129.517640429	115.558810187	149.484352573
128.4 129.421745854	115.463213347	149.395372878
128.2 129.32603023	115.367569819	149.306205195
128 129.230267704	115.271872744	149.216777593
127.8 129.134226143	115.17573447	149.12732082
127.6 129.038169958	115.079462916	149.03765007
127.4 128.941769956	114.983309478	148.947833056
127.2 128.845056284	114.887990019	148.857891712
127 128.748327315	114.792572513	148.767843351
126.8 128.651185286	114.696637514	148.677617953
126.6 128.553918982	114.600642872	148.587180972
126.4 128.4570783	114.50454964	148.496644412
126.2 128.360795909	114.408516401	148.406640998
126 128.264410436	114.312429756	148.316303
125.8 128.167768991	114.216003341	148.225947615
125.6 128.071110666	114.119367963	148.135432273
125.4 127.974300147	114.022586752	148.044680479
125.2 127.877315301	113.926454326	147.953784691
125 127.780283093	113.830417812	147.862878427
124.8 127.682685018	113.733840549	147.771758887
124.6 127.58495732	113.637238538	147.680476314
124.4 127.487275377	113.540558909	147.589081341
124.2 127.390491149	113.443870577	147.497592767
124 127.29361935	113.347156823	147.406705029
123.8 127.196277324	113.250000703	147.315639127
123.6 127.098906571	113.152744752	147.224422848
123.4 127.001387076	113.055395059	147.132903641
123.2 126.903728035	112.958411449	147.041064278
123 126.806037858	112.861959964	146.949088771
122.8 126.70795981	112.764894634	146.857190505
122.6 126.609763968	112.667803216	146.765121842
122.4 126.511460947	112.570588234	146.67291224
122.2 126.414045566	112.473235412	146.580562923
122 126.316678718	112.375802085	146.488155669
121.8 126.218837324	112.277977881	146.396084954
121.6 126.120935786	112.180135232	146.303955457
121.4 126.02290278	112.082286292	146.211629227
121.2 125.924773192	111.984558022	146.119066983
121 125.826583326	111.887491301	146.026328117
120.8 125.72804991	111.789717165	145.933816991
120.6 125.629382759	111.691804546	145.840946847
120.4 125.530603692	111.593826061	145.747743991
120.2 125.432477397	111.495835604	145.654291737
120 125.334604949	111.398170643	145.560730398
119.8 125.236247891	111.300011109	145.46739332
119.6 125.137824315	111.201667714	145.374673402
119.4 125.039277666	111.10314514	145.281732744
119.2 124.940657148	111.004481539	145.188494533
119 124.841982707	110.90665289	145.094977587
118.8 124.742843721	110.808439545	145.001350172
118.6 124.643659842	110.710187679	144.907675186
118.4 124.544434205	110.611831426	144.81383653
118.2 124.445702892	110.513307069	144.719829566
118 124.347336382	110.414771333	144.625684172
117.8 124.248319	110.315815905	144.531038052
117.6 124.149206543	110.216755307	144.436965675
117.4 124.049951773	110.117597747	144.343069366
117.2 123.950631181	110.018365136	144.248980868
117 123.851305455	109.919846028	144.154677927
116.8 123.751819223	109.821025735	144.060242236
116.6 123.652180088	109.722178709	143.965756597
116.4 123.552426401	109.623242801	143.871085146
116.2 123.453074412	109.524141803	143.77623381
116 123.354158282	109.425001219	143.681307882
115.8 123.254572487	109.325451544	143.585873264
115.6 123.154898036	109.225806623	143.490383405
115.4 123.055098859	109.126064837	143.395706721
115.2 122.955255361	109.026242514	143.30086211
115 122.855421081	108.92703107	143.205791116
114.8 122.755238941	108.827475912	143.110559582
114.6 122.654912955	108.727798069	143.015259106
114.4 122.554469579	108.628038991	142.919568342
114.2 122.454417796	108.528185809	142.823603112
114 122.354866818	108.428495891	142.727591962
113.8 122.255014005	108.328460849	142.631265634
113.6 122.155072028	108.228337103	142.534744008
113.4 122.054961641	108.128113258	142.438917567
113.2 121.954722707	108.027798631	142.343416286
113 121.854389459	107.92800191	142.247719228
112.8 121.753721958	107.827859014	142.151767599
112.6 121.652894992	107.727579075	142.055782264
112.4 121.551942036	107.627191496	141.959431967
112.2 121.451357592	107.52665361	141.862687349
112 121.35119459	107.426119044	141.765919745
111.8 121.250541204	107.325372401	141.668739498
111.6 121.149783623	107.224534625	141.571257627
111.4 121.048913256	107.123597401	141.473927562
111.2 120.948065546	107.022574497	141.377433079
111 120.84722428	106.922147617	141.280826956
110.8 120.74604877	106.82120243	141.184061175
110.6 120.644710064	106.720221579	141.0872967
110.4 120.54325164	106.619188577	140.990219797
110.2 120.442239821	106.518015796	140.892617595
110 120.341517091	106.416878708	140.795001417
109.8 120.240302444	106.315334655	140.697008258
109.6 120.138975233	106.213769275	140.598738796
109.4 120.037548939	106.112192005	140.500250923
109.2 119.936224389	106.010603702	140.402982065
109 119.834878042	105.909656592	140.30558838
108.8 119.733190098	105.808083441	140.207996729
108.6 119.631334615	105.706256074	140.110386509
108.4 119.529358339	105.60431143	140.012394462
108.2 119.427934834	105.502286253	139.913724938
108 119.326638892	105.400698647	139.814995766
107.8 119.22466065	105.298780557	139.716165137
107.6 119.122577614	105.19676041	139.617189598
107.4 119.020422811	105.094639808	139.518096423
107.2 118.918607345	104.992485172	139.419957468
107 118.816846013	104.890891403	139.321897894
106.8 118.714699149	104.78846156	139.223269898
106.6 118.612262356	104.685876095	139.12458697
106.4 118.509637505	104.583238518	139.025619515
106.2 118.407644594	104.480706846	138.926242172
106 118.305688798	104.378651738	138.826794818
105.8 118.203405201	104.275887024	138.727132264
105.6 118.100988263	104.172989631	138.6272506
105.4 117.998474271	104.069997238	138.527166465
105.2 117.896175686	103.967145353	138.42784729
105 117.793581709	103.864688367	138.328740492
104.8 117.690646503	103.761591643	138.229265216
104.6 117.58750751	103.658339458	138.129701865
104.4 117.484383017	103.555022473	138.029866595
104.2 117.381889007	103.451937277	137.929668799
104 117.279350981	103.349029079	137.829362646
103.8 117.176263902	103.245573881	137.728877595
103.6 117.073050535	103.141984188	137.628153568
103.4 116.969919586	103.03830156	137.527227058
103.2 116.867081365	102.93493301	137.427052003
103 116.76407285	102.831677109	137.327058956
102.8 116.660862842	102.727629263	137.22670177
102.6 116.557321304	102.623354125	137.126257187
102.4 116.453919262	102.518988553	137.025553656
102.2 116.350797105	102.415260485	136.924512133
102 116.247539669	102.3116602	136.823345676
101.8 116.143791896	102.207496386	136.722021511
101.6 116.039918005	102.103181708	136.620445388
101.4 115.936320709	101.998784479	136.518656467
101.2 115.832840139	101.894911703	136.417645881
101 115.729173511	101.79095234	136.316647455
100.8 115.625140852	101.686296109	136.215117273
100.6 115.520904831	101.581504077	136.113482457
100.4 115.417142868	101.476834922	136.011661626
100.2 115.313426166	101.372704047	135.909708402
100 115.20948562	101.268407434	135.807669088
99.8 115.105094331	101.163510245	135.705499515
99.6 115.000597432	101.058342332	135.60302645
99.4 114.896675578	100.9532291	135.50035227
99.2 114.792635387	100.848302919	135.398714173
99 114.688407809	100.743335694	135.29689458
98.8 114.583827549	100.6377397	135.19453705
98.6 114.479153213	100.532124603	135.092052829
98.4 114.374911786	100.427051654	134.989325627
98.2 114.270573312	100.322110825	134.886370822
98 114.165966183	100.216932863	134.783268824
97.8 114.060914546	100.111047381	134.680222658
97.6 113.956116033	100.005056032	134.576868064
97.4 113.851633516	99.8994943754	134.473608561
97.2 113.747025013	99.7939070642	134.371044853
97 113.642253458	99.688224941	134.268279478
96.8 113.536883938	99.5817649658	134.164994535
96.6 113.431662404	99.475406406	134.061569518
96.4 113.32653981	99.3697062582	133.957944026
96.2 113.221376508	99.2639205636	133.854122233
96 113.116160005	99.157994598	133.750121802
95.8 113.010468572	99.0514000356	133.646078986
95.6 112.905441139	98.9448933505	133.541588986
95.4 112.800344646	98.8384990854	133.437552126
95.2 112.695043356	98.7320201574	133.333811164
95 112.58948949	98.625429243	133.229807496
94.8 112.483598627	98.5180265147	133.125690294
94.6 112.377976419	98.4114030902	133.021492765
94.4 112.272246766	98.3048636018	132.917084379
94.2 112.166423034	98.198222524	132.812331855
94 112.06043458	98.091483384	132.707306564
93.8 111.954481398	97.9840836845	132.602206362
93.6 111.848912019	97.8768819376	132.496925781
93.4 111.743169203	97.7695856244	132.392540241
93.2 111.637225908	97.6622021916	132.287948119
93 111.531067222	97.554693222	132.182993948
92.8 111.424851115	97.4468744653	132.077643096
92.6 111.31855798	97.3395479382	131.972265188
92.4 111.21215384	97.2321358086	131.866946594
92.2 111.105653105	97.1246192692	131.761438268
92 110.998978504	97.017009854	131.65577969
91.8 110.892707409	96.9089781175	131.549782437
91.6 110.786364311	96.800842673	131.443904249
91.4 110.679912019	96.692601097	131.338250725
91.2 110.573336899	96.5842707047	131.232424373
91 110.466789179	96.47607021	131.126293987
90.8 110.35995947	96.3679030508	131.019907627
90.6 110.252816368	96.2596717954	130.913690313
90.4 110.145498336	96.1513522266	130.807276395
90.2 110.038095661	96.0429389873	130.700567514
90 109.931311801	95.934663028	130.593640596
89.8 109.824399033	95.8256889048	130.486599727
89.6 109.717410832	95.7165912572	130.380143837
89.4 109.610300785	95.607411522	130.273541287
89.2 109.50306657	95.4981734961	130.166746331
89 109.396129228	95.389931351	130.059572101
88.8 109.288523062	95.2808486406	129.952434164
88.6 109.180640167	95.1716962816	129.84536525
88.4 109.072600686	95.06244954	129.738035148
88.2 108.964845643	94.9532335964	129.630441862
88 108.857791975	94.84412241	129.52264598
87.8 108.750244417	94.734103298	129.415316304
87.6 108.642510706	94.6239696916	129.307650668
87.4 108.534561831	94.5137518195	129.199755889
87.2 108.426648372	94.4045461952	129.091652301
87 108.318775773	94.295387268	128.983186716
86.8 108.21044209	94.185372472	128.875329278
86.6 108.101954645	94.0752985064	128.767197626
86.4 107.993449822	93.965186519	128.65879845
86.2 107.885839519	93.8551193002	128.550164508
86 107.777966753	93.745001853	128.441831555
85.8 107.669441083	93.6339270474	128.333555728
85.6 107.560877013	93.5227311968	128.224810815
85.4 107.452435728	93.4125244464	128.115839488
85.2 107.344135004	93.302523714	128.006655937
85 107.235718578	93.192415506	127.897529975
84.8 107.126465935	93.0814145388	127.788643888
84.6 107.017030794	92.9704044801	127.679413629
84.4 106.90846189	92.8594113886	127.569895418
84.2 106.799976349	92.7483158288	127.460476071
84 106.691357493	92.637140304	127.35147649
83.8 106.58212719	92.5249279594	127.241927016
83.6 106.472860602	92.4137657846	127.132054138
83.4 106.363641995	92.3028491202	127.022018964
83.2 106.254307615	92.1918453636	126.912201875
83 106.144874513	92.080741614	126.802072108
82.8 106.034880793	91.9687830681	126.691962588
82.6 105.925735914	91.8568152504	126.581389922
82.4 105.816868773	91.7447163344	126.470779354
82.2 105.70780763	91.6324998198	126.360583538
82 105.598525375	91.520220667	126.250127733
81.8 105.488599662	91.4081310181	126.139328444
81.6 105.378735064	91.2962704542	126.02826799
81.4 105.268724138	91.1843231322	125.917585819
81.2 105.158564353	91.0722704494	125.806837386
81 105.048271656	90.960167881	125.695626706
80.8 104.938000915	90.8471682778	125.584456772
80.6 104.828251847	90.7340527294	125.472938612
80.4 104.718405721	90.6208299994	125.361685704
80.2 104.608437803	90.5075212144	125.250295907
80 104.498357452	90.39556355	125.138522416
79.8 104.387806662	90.2826415196	125.026405518
79.6 104.277095533	90.169701344	124.914791191
79.4 104.166247439	90.0566688915	124.803142363
79.2 104.055276969	89.9435449676	124.691193759
79 103.944858238	89.830392078	124.578903496
78.8 103.834212586	89.7161802204	124.466802454
78.6 103.723558736	89.6018609586	124.354576297
78.4 103.612874383	89.487631775	124.242146289
78.2 103.502160846	89.3747935476	124.129527008
78 103.391572453	89.26188913	124.016453326
77.8 103.280109175	89.1478926004	123.903718701
77.6 103.168414336	89.0338844883	123.790871197
77.4 103.056529977	88.9197400576	123.677739501
77.2 102.945294158	88.8054719152	123.564333355
77 102.834783137	88.691165656	123.45099701
76.8 102.723659336	88.5756842792	123.337966862
76.6 102.612500471	88.4607371553	123.224478316
76.4 102.501122039	88.3468502744	123.110788471
76.2 102.389383224	88.2328867496	122.996934374
76 102.277603611	88.1188232	122.883476362
75.8 102.165010187	88.0036631435	122.769700882
75.6 102.052275597	87.8884395606	122.655590778
75.4 101.940355723	87.7731129022	122.541175301
75.2 101.82914272	87.6576954008	122.426869777
75 101.717830747	87.542266428	122.312599003
74.8 101.605905909	87.4266819763	122.19810158
74.6 101.493976002	87.3116527916	122.083259868
74.4 101.381600846	87.1965363772	121.968534737
74.2 101.26897679	87.0813133323	121.854333758
74 101.156321734	86.966012653	121.739686906
73.8 101.04279241	86.8496521946	121.624712026
73.6 100.930291726	86.7332225682	121.509353157
73.4 100.818331235	86.616705233	121.394073971
73.2 100.706218499	86.5001206149	121.278629339
73 100.593940109	86.385108754	121.16290617
72.8 100.480898026	86.2688551516	121.046674752
72.6 100.367756151	86.1525558352	120.930982553
72.4 100.254462925	86.0361600785	120.81553286
72.2 100.141040212	85.9197249618	120.699770582
72 100.027601987	85.803286001	120.58365494
71.8 99.9144164318	85.6856562706	120.467703104
71.6 99.801556757	85.5679347996	120.351402017
71.4 99.6885843994	85.450836697	120.234746891
71.2 99.5754667394	85.3346043054	120.117808473
71 99.462225977	85.218269259	120.000537336
70.8 99.3482615242	85.1006980718	119.884335603
70.6 99.23416332	84.9831156905	119.767904264
70.4 99.1199389156	84.8655723306	119.651084077
70.2 99.0056261579	84.7479391754	119.533855243
70 98.892711528	84.630264133	119.416646548
69.8 98.77891518	84.5113499644	119.299200786
69.6 98.665073973	84.3937562614	119.181333655
69.4 98.5510896116	84.2762425362	119.063216275
69.2 98.4369898648	84.1586430964	118.945477943
69 98.322875008	84.040932506	118.82802166
68.8 98.20792608	83.9221691622	118.71031821
68.6 98.0928533852	83.8034280148	118.592346388
68.4 97.9779900981	83.684601986	118.47410723
68.2 97.8642454806	83.5657026058	118.355760336
68 97.750374407	83.44743333	118.237202823
67.8 97.6355235518	83.3286771132	118.118093217
67.6 97.5206207721	83.2098537744	117.998705485
67.4 97.4057318168	83.0909454468	117.880573743
67.2 97.290754527	82.9720152674	117.762174713
67 97.175715595	82.853225574	117.643383563
66.8 97.0597717342	82.7331919644	117.524321238
66.6 96.94440652	82.6130750538	117.405037048
66.4 96.8296687174	82.4929851159	117.285441238
66.2 96.7148262146	82.3742158082	117.165543324
66 96.599855721	82.255363449	117.045422107
65.8 96.4839703027	82.1351501914	116.925404211
65.6 96.3682655946	82.0148882847	116.805824122
65.4 96.2524463654	81.8948838712	116.685953486
65.2 96.136513895	81.7748530686	116.565740004
65 96.020527691	81.654753119	116.445330512
64.8 95.9046674678	81.5333302318	116.324819448
64.6 95.7889252898	81.4128340785	116.203898478
64.4 95.6730878294	81.2926617802	116.082670061
64.2 95.5571423311	81.1724208948	115.961701413
64 95.441223774	81.052065194	115.841570303
63.8 95.324590022	80.9305973787	115.720663938
63.6 95.2078356802	80.8092847588	115.599602818
63.4 95.0909663142	80.6879187648	115.478183349
63.2 94.9742915375	80.5664977708	115.356378663
63 94.858566403	80.445632402	115.234469861
62.8 94.7418118718	80.3240723972	115.111819547
62.6 94.6249596	80.2024351832	114.989060485
62.4 94.5080102307	80.0807314554	114.867730738
62.2 94.3913255514	79.9591406234	114.746116918
62 94.274567753	79.837829977	114.624132842
61.8 94.1568757834	79.7151309786	114.501923966
61.6 94.0390414249	79.5923490284	114.379245126
61.4 93.9219354654	79.4698361673	114.256067032
61.2 93.8051604448	79.3482449826	114.132472855
61 93.6882734	79.226567805	114.008748323
60.8 93.570315212	79.103391421	113.885969567
60.6 93.4525146814	78.9802574795	113.763267135
60.4 93.3349278064	78.857607545	113.640233326
60.2 93.217228556	78.734907466	113.516813232
60 93.099423528	78.612144798	113.393112458
59.8 92.9808377592	78.4880574088	113.268919284
59.6 92.8630535986	78.3649669616	113.144232017
59.4 92.7451893862	78.2418180108	113.019151774
59.2 92.6272357104	78.1186116328	112.895622039
59 92.509117544	77.995334861	112.772094816
58.8 92.3905596523	77.8712369914	112.647874374
58.6 92.2719565864	77.7470927892	112.523613127
58.4 92.1532546816	77.6229014692	112.398658153
58.2 92.0344645049	77.498677284	112.273250449
58 91.916393034	77.375592262	112.147789299
57.8 91.7975138172	77.250929886	112.021333697
57.6 91.6785063684	77.1261785864	111.896502777
57.4 91.559415625	77.0013728848	111.771781931
57.2 91.4405754876	76.8773048494	111.646715325
57 91.321953818	76.753206179	111.521265119
56.8 91.202309546	76.6275396438	111.395097771
56.6 91.0825443686	76.501799444	111.268452913
56.4 90.9630206519	76.3771112804	111.141311497
56.2 90.844131559	76.2523995216	111.013813351
56 90.725133091	76.127619892	110.888187997
55.8 90.6049638094	76.0011517742	110.761987732
55.6 90.4847989947	75.8755195942	110.63573119
55.4 90.3652554156	75.7498730782	110.509096965
55.2 90.2456365408	75.6241990675	110.381739166
55 90.125907212	75.498498355	110.254301116
54.8 90.0051120211	75.3722177334	110.12590712
54.6 89.885044366	75.2458303448	109.997154527
54.4 89.7649434416	75.11938107	109.8702419
54.2 89.6447712598	74.9929396485	109.743032062
54 89.524448007	74.867344677	109.615428686
53.8 89.4036609433	74.7400795338	109.4872878
53.6 89.2829802396	74.6127740142	109.358877303
53.4 89.1622300448	74.485551461	109.230051967
53.2 89.0414129607	74.359192908	109.100870645
53 88.921122216	74.232789576	108.97204685
52.8 88.799941032	74.1045990584	108.843516278
52.6 88.678615737	73.9765551273	108.714854115
52.4 88.557223866	73.8493455574	108.585830073
52.2 88.4362628762	73.72210964	108.456377919
52 88.315616265	73.594831884	108.326663762
51.8 88.1938101082	73.4660618465	108.196224361
51.6 88.0719038786	73.337912017	108.065354021
51.4 87.9502711346	73.2097118822	107.935237461
51.2 87.8290564718	73.0814737749	107.805878157
51 87.707744211	72.953614589	107.676112324
50.8 87.5851082262	72.8246640674	107.545442062
50.6 87.4627269668	72.695693123	107.41468592
50.4 87.3410490664	72.56670459	107.283559277
50.2 87.2193178536	72.4381244796	107.152046192
50 87.097497404	72.30997251	107.020397127
49.8 86.9745753074	72.1799082724	106.889313463
49.6 86.8521141512	72.0497815367	106.758272678
49.4 86.7295859216	71.9203997976	106.626836604
49.2 86.6069920671	71.7914901376	106.49493438
49 86.484437152	71.662571132	106.362672597
48.8 86.3615519728	71.5317516067	106.229755003
48.6 86.2386382102	71.401521823	106.096505332
48.4 86.1156775178	71.2714570102	105.963585721
48.2 85.9927035218	71.1413538454	105.831851768
48 85.870299518	71.011206031	105.699648798
47.8 85.7464898468	70.880287641	105.566463148
47.6 85.622579807	70.7494857248	105.433279777
47.4 85.4986277229	70.61869238	105.299859461
47.2 85.3758854686	70.4879732401	105.16605162
47 85.253079563	70.35793151	105.032035559
46.8 85.1289037766	70.225830558	104.898226381
46.6 85.004678976	70.093681693	104.764397729
46.4 84.8809296104	69.9619307018	104.630230105
46.2 84.757146138	69.8311958434	104.495727532
46 84.633298606	69.700453937	104.361196965
45.8 84.5079406393	69.5676321626	104.226044387
45.6 84.3838470708	69.4351822188	104.090294784
45.4 84.2598208192	69.30308235	103.954767615
45.2 84.1357663454	69.170952249	103.82013787
45 84.011671335	69.038783193	103.685125351
44.8 83.8865606005	68.9055560403	103.549153829
44.6 83.761409187	68.7727858546	103.413397249
44.4 83.6361962674	68.6400368274	103.277475667
44.2 83.5109296312	68.5073000043	103.141158432
44 83.386940248	68.375139721	103.00459227
43.8 83.2615818752	68.2408136386	102.868345206
43.6 83.1362072886	68.1064593616	102.731732255
43.4 83.0108150978	67.9724284384	102.594820245
43.2 82.885763624	67.8397116544	102.457760906
43 82.76068674	67.707009792	102.320639968
42.8 82.6340121712	67.5721014976	102.182693696
42.6 82.5072930832	67.4374707519	102.044225268
42.4 82.3820585668	67.3031445774	101.906504925
42.2 82.2569045364	67.1688030364	101.76899271
42 82.131707162	67.034428298	101.630920529
41.8 82.0049159849	66.8990509116	101.491570247
41.6 81.8784177614	66.7641383826	101.352801904
41.4 81.7518919794	66.6292738914	101.213755527
41.2 81.6253186267	66.4944636931	101.074428102
41 81.498708646	66.360095367	100.935613483
40.8 81.3721313436	66.2233581278	100.796390193
40.6 81.2455540478	66.0866075038	100.656704724
40.4 81.1189884546	65.95054548	100.51677215
40.2 80.992435864	65.8156894564	100.377162629
40 80.86607033	65.68085891	100.23711279
39.8 80.7379798772	65.543639934	100.096238071
39.6 80.6098532144	65.4067202635	99.9551571453
39.4 80.4819620512	65.2699514658	99.8146664558
39.2 80.3556259454	65.1331907011	99.673931867
39 80.229305327	64.996467713	99.532621175
38.8 80.1012162566	64.8591839442	99.3909970138
38.6 79.9731637298	64.7219200612	99.2492631376
38.4 79.8452578426	64.5847286004	99.1071264924
38.2 79.7173488322	64.447745456	98.9649861229
38 79.589403361	64.310989976	98.823679999
37.8 79.4601857925	64.1715937616	98.6808614878
37.6 79.3322991726	64.0322155579	98.5376052615
37.4 79.204449841	63.8944661668	98.3949694036
37.2 79.0766476098	63.7572618304	98.2523261252
37 78.948908258	63.620152384	98.10914889
36.8 78.8192964772	63.4804199651	97.9652570203
36.6 78.6896882478	63.3409490436	97.8215192706
36.4 78.5601058866	63.2015157404	97.6775318506
36.2 78.431630841	63.0620999924	97.5333140176
36 78.304119945	62.923907414	97.389412753
35.8 78.1746444706	62.7840513972	97.2447025522
35.6 78.0451369203	62.6442074062	97.0994589982
35.4 77.9157814344	62.5044657845	96.9542338042
35.2 77.786540884	62.3650489922	96.8095129788
35 77.657291204	62.225606769	96.664408654
34.8 77.5260523612	62.0833362042	96.5175705073
34.6 77.3963834304	61.9420475965	96.3718859532
34.4 77.2671380012	61.802203792	96.2260415464
34.2 77.1379438464	61.6624822198	96.0798067022
34 77.008799464	61.522869259	95.933750801
33.8 76.8777269847	61.3803780734	95.7866898402
33.6 76.7467507958	61.2380258142	95.6390737114
33.4 76.6158577858	61.0957851512	95.4913095449
33.2 76.485228203	60.9543844038	95.3447422626
33 76.356220081	60.814583495	95.197654873
32.8 76.2251102122	60.6718643334	95.0491806802
32.6 76.0939875304	60.5291122212	94.9007469908
32.4 75.9630725736	60.386726782	94.7522832662
32.2 75.8325755362	60.2445304636	94.6035499269
32 75.702103913	60.10232389	94.454868004
31.8 75.5693954826	59.9577905077	94.305739388
31.6 75.4375978849	59.814909509	94.1562802074
31.4 75.3067641522	59.6721238138	94.0064614745
31.2 75.1760104832	59.5294586979	93.8570917964
31 75.045377344	59.387155831	93.707502186
30.8 74.9126348794	59.241687095	93.5557735564
30.6 74.7801845612	59.0964008034	93.4050956805
30.4 74.6478847444	58.9519619605	93.2548413458
30.2 74.5157000809	58.8090494218	93.1042115976
30 74.385000549	58.666254729	92.953473676
29.8 74.252149193	58.5201396544	92.8013543584
29.6 74.11934098	58.3745301298	92.6487162592
29.4 73.9866989545	58.2291934458	92.4958595367
29.2 73.8548217532	58.0840329619	92.3447854576
29 73.723046154	57.939794764	92.19327566
28.8 73.588716406	57.7934989544	92.03984198
28.6 73.455122722	57.6472241286	91.8863963755
28.4 73.3226614726	57.5010757448	91.732762146
28.2 73.1902957556	57.3558170616	91.578835858
28 73.058116734	57.210634172	91.425655
27.8 72.9236519519	57.0619353888	91.2714441288
27.6 72.7896746486	56.9146098816	91.1169994358
27.4 72.6559209882	56.7682681824	90.9623196546
27.2 72.5223475107	56.6220745585	90.8076254012
27 72.390027158	56.476224354	90.652723134
26.8 72.255293606	56.3272235852	90.4953132025
26.6 72.120693749	56.1785016718	90.340176785
26.4 71.9863110789	56.0300089351	90.1847469298
26.2 71.8529888032	55.8832035304	90.0289710852
26 71.719898492	55.736927688	89.873301998
25.8 71.58381024	55.5869159104	89.7151189356
25.6 71.448615856	55.4373659639	89.5565041184
25.4 71.3144443022	55.2886197148	89.399406369
25.2 71.1803909478	55.1401349357	89.2430357222
25 71.046629995	54.99186641	89.086263955
24.8 70.9104378832	54.8414787892	88.9271395999
24.6 70.7748530296	54.691282839	88.7677523372
24.4 70.63957417	54.5412477871	88.6080278299
24.2 70.5045474339	54.392282879	88.4489530856
24 70.370827943	54.243900031	88.291574508
23.8 70.2340886414	54.091265267	88.1313626824
23.6 70.0976411996	53.9397469487	87.9710406313
23.4 69.9616765255	53.7895102946	87.8103839114
23.2 69.8268174114	53.639456426	87.6494148517
23 69.692394465	53.489886845	87.488494206
22.8 69.5543308914	53.3369541218	87.3272748212
22.6 69.4176437008	53.1844333112	87.1659899116
22.4 69.281658959	53.0322528784	87.0044421724
22.2 69.1458269294	52.8816025018	86.8425059022
22 69.010504931	52.731516361	86.680435151
21.8 68.8727018216	52.5771589994	86.5149365416
21.6 68.735390466	52.4236349171	86.3523399324
21.4 68.5985073596	52.2711195556	86.1898321064
21.2 68.462252529	52.1189863562	86.0270544105
21 68.326879665	51.967465788	85.86400868
20.8 68.187998161	51.812582904	85.6974750312
20.6 68.0495227518	51.6581670462	85.5305943755
20.4 67.9121943248	51.5039154026	85.366426288
20.2 67.7757049502	51.3515584472	85.2027175782
20 67.639795631	51.19979766	85.038711011
19.8 67.4996465838	51.0427635488	84.8710429953
19.6 67.3613802596	50.8877025712	84.703090507
19.4 67.2234231412	50.7333253264	84.5349095091
19.2 67.0857447731	50.5791653244	84.3694290642
19 66.949266031	50.426642045	84.204508573
18.8 66.8094627054	50.2693891018	84.03554758
18.6 66.6701314034	50.1128384592	83.866455666
18.4 66.5313666839	49.9571527243	83.697144854
18.2 66.3938726662	49.8028654934	83.5276495409
18 66.256853759	49.649090171	83.360986128
17.8 66.1156810406	49.49018026	83.1905438216
17.6 65.9752147461	49.3332090196	83.0200061234
17.4 65.836452359	49.1768335848	82.8494122788
17.2 65.6982775866	49.0210740491	82.6786938366
17 65.560817569	48.866819203	82.507926315
16.8 65.4188835491	48.707957327	82.3358277048
16.6 65.278186357	48.5497325692	82.1637496412
16.4 65.1380091666	48.3931967794	81.991533043
16.2 64.9982618969	48.237791753	81.819475496
16 64.86096251	48.083260953	81.64735502
15.8 64.7188150644	47.9222296987	81.4709584448
15.6 64.5771015106	47.7628998186	81.297224057
15.4 64.4366317026	47.6040114323	81.1233622589
15.2 64.2974382284	47.446304114	80.9495349574
15 64.158475518	47.290859774	80.776008219
14.8 64.0137141221	47.124460998	80.5973316134
14.6 63.8709114184	46.959138379	80.4200426309
14.4 63.728999564	46.7956780596	80.244443366
14.2 63.5879875081	46.6326818525	80.068759547
14 63.447998114	46.470621409	79.893457435
13.8 63.3015515108	46.3025745874	79.7128241822
13.6 63.1561034264	46.1349276844	79.5321534098
13.4 63.0113802483	45.968445206	79.3540374846
13.2 62.8688899932	45.8039538738	79.1764497018
13 62.727325946	45.639563501	78.998822903
12.8 62.578884226	45.468219013	78.8160192798
12.6 62.43119469	45.2992452888	78.6332387446
12.4 62.285386434	45.1312624036	78.4512898947
12.2 62.1405872071	44.9646209725	78.271548331
12 61.995798063	44.799231783	78.091824651
11.8 61.8463036326	44.6250756774	77.9059211489
11.6 61.6969210746	44.4524919165	77.7207621034
11.4 61.5485006291	44.2823733954	77.5357045217
11.2 61.402323344	44.1132177133	77.3530465124
11 61.256986156	43.945703022	77.17099455
10.8 61.10338538	43.7692278132	76.9816815716
10.6 60.9515185673	43.5943770348	76.793898818
10.4 60.8016985806	43.4213604479	76.6063050042
10.2 60.6528482556	43.2502513468	76.4200673966
10 60.50547117	43.080569774	76.235467851
9.8 60.3494861626	42.9017592843	76.0428087564
9.6 60.1951060296	42.7250887572	75.8517163022
9.4 60.0420858641	42.5498772533	75.6612988534
9.2 59.8911404072	42.3842393158	75.4715280145
9 59.741520196	42.221996963	75.284092948
8.8 59.5823732912	42.0188008727	75.0878625008
8.6 59.4247698712	41.8286358216	74.8929716352
8.4 59.2693555892	41.64123652	74.6994028568
8.2 59.1154565129	41.4559068103	74.5061550165
8 58.963140346	41.273006603	74.315488502
7.8 58.8003836348	41.1362697694	74.1151426164
7.6 58.6398205638	40.9999414692	73.9160662529
7.4 58.4803432469	40.8852386418	73.7188699152
7.2 58.3239053964	40.7704429682	73.5221066848
7 58.16965729	40.655229181	73.327708185
6.8 58.0011806924	40.5035132598	73.1225973962
6.6 57.8375207244	40.3548131272	72.918946315
6.4 57.6752020596	40.20837166	72.7175799606
6.2 57.513871666	40.0637203644	72.5167756982
6 57.356434107	39.920398258	72.318352893
5.8 57.1845837358	39.7667714164	72.1076653154
5.6 57.0136927784	39.614334667	71.8989577114
5.4 56.8478483172	39.4639205838	71.6926457792
5.2 56.6837674556	39.3176425694	71.4871842289
5 56.519911498	39.173429251	71.284074321
4.8 56.3433276285	39.0117055245	71.0666020186
4.6 56.167063105	38.8572876462	70.8521347408
4.4 55.9931408097	38.704516739	70.6397465106
4.2 55.8254175666	38.5527061951	70.429001962
4 55.657618105	38.405629463	70.219976634
3.8 55.471187839	38.2404210462	69.9938718112
3.6 55.28884733	38.076774653	69.7725120234
3.4 55.1082695617	37.918194663	69.5522618905
3.2 54.9314598398	37.763846743	69.3349132772
3 54.758950099	37.609440863	69.11843729
2.8 54.560528371	37.4352181122	68.8828831257
2.6 54.3682668324	37.2634000304	68.6505710188
2.4 54.178624475	37.094004907	68.4204577592
2.2 53.9908184687	36.929854184	68.1932258686
2 53.811480582	36.770101964	67.96711025
1.8 53.5973843452	36.5742227432	67.7176708884
1.6 53.3904537921	36.3852383878	67.4691339326
1.4 53.1883595344	36.1996205364	67.224634004
1.2 52.9880891052	36.0154852489	66.9814532968
1 52.795126483	35.839920565	66.744966239
0.8 52.5549857325	35.594246349	66.4706062237
0.6 52.3227192448	35.3465509673	66.1976115912
0.4 52.0954303057	35.0965421062	65.9272872699
0.2 51.8733745278	34.8509103952	65.6638044499
0 51.656380087	34.609612852	65.402335107
