200 148.953102116
199.8 148.882483519
199.6 148.811803556
199.4 148.741048556
199.2 148.670156991
199 148.599019468
198.8 148.527654874
198.6 148.456393029
198.4 148.385175981
198.2 148.313915592
198 148.242631882
197.8 148.171156829
197.6 148.099439984
197.4 148.02755565
197.2 147.955856539
197 147.884301901
196.8 147.812702059
196.6 147.74097991
196.4 147.669179249
196.2 147.597284496
196 147.525220692
195.8 147.453001851
195.6 147.380810308
195.4 147.30853661
195.2 147.236160213
195 147.163654417
194.8 147.091167968
194.6 147.01837086
194.4 146.945759301
194.2 146.87321173
194 146.800560504
193.8 146.727847225
193.6 146.655098271
193.4 146.582275116
193.2 146.509289443
193 146.436137997
192.8 146.362945275
192.6 146.289706057
192.4 146.21644578
192.2 146.143166691
192 146.069847852
191.8 145.996204026
191.6 145.92270373
191.4 145.849152141
191.2 145.775594127
191 145.701993704
190.8 145.628129315
190.6 145.554146266
190.4 145.480164857
190.2 145.406293338
190 145.332264811
189.8 145.258090741
189.6 145.183797669
189.4 145.109413433
189.2 145.034955778
189 144.960656591
188.8 144.886471428
188.6 144.812028223
188.4 144.73747279
188.2 144.662839061
188 144.588049084
187.8 144.513067032
187.6 144.43830045
187.4 144.363515614
187.2 144.288627202
187 144.213597924
186.8 144.13844474
186.6 144.063098937
186.4 143.987729984
186.2 143.912635553
186 143.837471634
185.8 143.762071401
185.6 143.686552936
185.4 143.610971934
185.2 143.53530556
185 143.459580936
184.8 143.383657761
184.6 143.307727188
184.4 143.23177489
184.2 143.155795318
184 143.079791695
183.8 143.003641891
183.6 142.927664079
183.4 142.851629017
183.2 142.775513017
183 142.69920063
182.8 142.622745561
182.6 142.546213388
182.4 142.469733205
182.2 142.39333098
182 142.316767395
181.8 142.239873993
181.6 142.162951606
181.4 142.086009675
181.2 142.009048231
181 141.9324186
180.8 141.855541101
180.6 141.778390366
180.4 141.701134455
180.2 141.623813605
180 141.546340227
179.8 141.468998277
179.6 141.391845156
179.4 141.31461809
179.2 141.237288988
179 141.159825087
178.8 141.082223582
178.6 141.004290364
178.4 140.926515316
178.2 140.84874444
178 140.770948648
177.8 140.692995882
177.6 140.615012091
177.4 140.537005222
177.2 140.459013066
177 140.380819485
176.8 140.302484688
176.6 140.224128425
176.4 140.145758367
176.2 140.067372972
176 139.989011683
175.8 139.910573269
175.6 139.831952676
175.4 139.753264236
175.2 139.674559665
175 139.595828056
174.8 139.516687735
174.6 139.437857826
174.4 139.359054963
174.2 139.280152351
174 139.201114327
173.8 139.122096569
173.6 139.042770964
173.4 138.96346359
173.2 138.884282136
173 138.805027306
172.8 138.725507414
172.6 138.645883918
172.4 138.566208482
172.2 138.486537139
172 138.407071903
171.8 138.327416375
171.6 138.247666585
171.4 138.167832762
171.2 138.087923038
171 138.007943451
170.8 137.928084707
170.6 137.848095274
170.4 137.7680309
170.2 137.687903536
170 137.607648194
169.8 137.527093852
169.6 137.446825001
169.4 137.366657941
169.2 137.28639496
169 137.205988199
168.8 137.125412089
168.6 137.044677531
168.4 136.963987137
168.2 136.883409941
168 136.802778125
167.8 136.721754837
167.6 136.640525252
167.4 136.559219326
167.2 136.478037671
167 136.397205465
166.8 136.316200911
166.6 136.235106105
166.4 136.153921163
166.2 136.07265836
166 135.991379839
165.8 135.910167429
165.6 135.828805858
165.4 135.747370416
165.2 135.665830654
165 135.584050387
164.8 135.501886909
164.6 135.420175247
164.4 135.338467844
164.2 135.25675081
164 135.17501986
163.8 135.093096876
163.6 135.010910756
163.4 134.92881022
163.2 134.846673766
163 134.764451221
162.8 134.682084599
162.6 134.599691111
162.4 134.517284707
162.2 134.435228878
162 134.353124812
161.8 134.270600715
161.6 134.187986666
161.4 134.105280345
161.2 134.022493934
161 133.939891204
160.8 133.857250902
160.6 133.774349415
160.4 133.691323256
160.2 133.608216405
160 133.524980307
159.8 133.442083431
159.6 133.359325274
159.4 133.276498037
159.2 133.193584406
159 133.110572875
158.8 133.027145255
158.6 132.943747
158.4 132.860352801
158.2 132.776921237
158 132.69346416
157.8 132.609627247
157.6 132.525720632
157.4 132.442172359
157.2 132.358736884
157 132.27519241
156.8 132.19137879
156.6 132.107471847
156.4 132.023485521
156.2 131.93963106
156 131.855799556
155.8 131.771648204
155.6 131.687385308
155.4 131.603068262
155.2 131.518690817
155 131.434642456
154.8 131.350464301
154.6 131.266160667
154.4 131.181708801
154.2 131.097103626
154 131.012357742
153.8 130.927809289
153.6 130.843147937
153.4 130.758401963
153.2 130.673595327
153 130.588708252
152.8 130.503434821
152.6 130.418829475
152.4 130.334197432
152.2 130.249483562
152 130.164681017
151.8 130.079605615
151.6 129.994438266
151.4 129.90939279
151.2 129.824290806
151 129.739135534
150.8 129.65346182
150.6 129.567652815
150.4 129.481919163
150.2 129.396699568
150 129.311383858
149.8 129.225943807
149.6 129.140433544
149.4 129.054829516
149.2 128.969227148
149 128.88374456
148.8 128.79783458
148.6 128.711729151
148.4 128.625495714
148.2 128.539174186
148 128.453190755
147.8 128.367405131
147.6 128.281567675
147.4 128.195659089
147.2 128.109675717
147 128.023629546
146.8 127.937238756
146.6 127.850792051
146.4 127.764260748
146.2 127.677661002
146 127.591000736
145.8 127.503911965
145.6 127.417526739
145.4 127.3311212
145.2 127.244642228
145 127.158099383
144.8 127.071416325
144.6 126.984610989
144.4 126.897730266
144.2 126.810730332
144 126.723669916
143.8 126.636373502
143.6 126.549060315
143.4 126.462062123
143.2 126.375406382
143 126.288549885
142.8 126.201236316
142.6 126.113878876
142.4 126.026437886
142.2 125.939035347
142 125.85166204
141.8 125.764012337
141.6 125.676355177
141.4 125.588679761
141.2 125.500951573
141 125.413815387
140.8 125.325981416
140.6 125.238143801
140.4 125.150309914
140.2 125.062483148
140 124.974712644
139.8 124.88671859
139.6 124.798632136
139.4 124.710469011
139.2 124.62223661
139 124.533933997
138.8 124.445718896
138.6 124.35782016
138.4 124.269868252
138.2 124.181842143
138 124.093744785
137.8 124.005303579
137.6 123.916893159
137.4 123.828400403
137.2 123.739829332
137 123.651215166
136.8 123.561960811
136.6 123.472933076
136.4 123.384488615
136.2 123.295991236
136 123.207419246
135.8 123.118652838
135.6 123.029836838
135.4 122.940985446
135.2 122.852082742
135 122.7631405
134.8 122.673576272
134.6 122.583935368
134.4 122.494302242
134.2 122.405496734
134 122.316628456
133.8 122.227535749
133.6 122.138389844
133.4 122.049066293
133.2 121.959561917
133 121.870022401
132.8 121.780166396
132.6 121.690319413
132.4 121.600470531
132.2 121.510593311
132 121.421473749
131.8 121.33185922
131.6 121.242225062
131.4 121.152518982
131.2 121.062727169
131 120.972887496
130.8 120.882715114
130.6 120.792453456
130.4 120.702113408
130.2 120.611706501
130 120.521244913
129.8 120.431072325
129.6 120.341125202
129.4 120.251119712
129.2 120.161036551
129 120.070888937
128.8 119.980360013
128.6 119.889786436
128.4 119.799125573
128.2 119.708380527
128 119.617588729
127.8 119.526306695
127.6 119.435745335
127.4 119.345434557
127.2 119.255063403
127 119.164641917
126.8 119.073777187
126.6 118.98290249
126.4 118.891906652
126.2 118.800821948
126 118.709704816
125.8 118.618108165
125.6 118.526451371
125.4 118.435533681
125.2 118.344891128
125 118.254176304
124.8 118.16298655
124.6 118.071774685
124.4 117.980477291
124.2 117.889068568
124 117.797634691
123.8 117.705543655
123.6 117.613394487
123.4 117.521195222
123.2 117.429777435
123 117.338561177
122.8 117.247027611
122.6 117.155476325
122.4 117.063831228
122.2 116.972095322
122 116.880352773
121.8 116.787958963
121.6 116.695508331
121.4 116.602999527
121.2 116.510451491
121 116.4187999
120.8 116.326723091
120.6 116.234613287
120.4 116.142506832
120.2 116.050414719
120 115.958374068
119.8 115.865893444
119.6 115.773302877
119.4 115.680562413
119.2 115.587696519
119 115.494849829
118.8 115.40241754
118.6 115.309963194
118.4 115.217446512
118.2 115.124851167
118 115.03218478
117.8 114.939141297
117.6 114.846083209
117.4 114.75295482
117.2 114.65976432
117 114.566549331
116.8 114.473082555
116.6 114.380262579
116.4 114.287391922
116.2 114.1944619
116 114.1014705
115.8 114.007964019
115.6 113.914550072
115.4 113.82108537
115.2 113.727555919
115 113.63399303
114.8 113.539908385
114.6 113.446323421
114.4 113.353100706
114.2 113.259826308
114 113.166474909
113.8 113.072600526
113.6 112.978755182
113.4 112.884956874
113.2 112.791082579
113 112.697182387
112.8 112.602778477
112.6 112.508300021
112.4 112.414625871
112.2 112.320993006
112 112.22728622
111.8 112.132853866
111.6 112.038379636
111.4 111.943965194
111.2 111.849569941
111 111.755116165
110.8 111.660367644
110.6 111.565548116
110.4 111.470970428
110.2 111.376985991
110 111.282893121
109.8 111.188081991
109.6 111.09322362
109.4 110.998317603
109.2 110.903579989
109 110.808798358
108.8 110.71368688
108.6 110.618506175
108.4 110.523282442
108.2 110.42870934
108 110.334262848
107.8 110.239065623
107.6 110.143827379
107.4 110.048532477
107.2 109.953301158
107 109.858145043
106.8 109.762483105
106.6 109.666756731
106.4 109.570981167
106.2 109.475403071
106 109.380467102
105.8 109.284939239
105.6 109.189368218
105.4 109.093736517
105.2 108.998044561
105 108.902634345
104.8 108.806693666
104.6 108.710691738
104.4 108.61464895
104.2 108.518571489
104 108.423044056
103.8 108.326961082
103.6 108.230729586
103.4 108.134456068
103.2 108.038199532
103 107.942234937
102.8 107.84588585
102.6 107.749412507
102.4 107.65280751
102.2 107.556091318
102 107.459665682
101.8 107.363315408
101.6 107.266899741
101.4 107.170415444
101.2 107.073813546
101 106.97708226
100.8 106.880274583
100.6 106.783429486
100.4 106.686533755
100.2 106.589586369
100 106.492655604
99.8 106.395638901
99.6 106.298532969
99.4 106.201402068
99.2 106.104287439
99 106.007207304
98.8 105.910038857
98.6 105.812802368
98.4 105.71545094
98.2 105.617983037
98 105.520405799
97.8 105.422862263
97.6 105.325384602
97.4 105.227862975
97.2 105.130300546
97 105.032658696
96.8 104.934937332
96.6 104.837305337
96.4 104.739564713
96.2 104.641705244
96 104.543722242
95.8 104.445513695
95.6 104.347512841
95.4 104.249467156
95.2 104.151380086
95 104.053218603
94.8 103.954671373
94.6 103.856396258
94.4 103.758089677
94.2 103.659743661
94 103.561342329
93.8 103.462598954
93.6 103.364181265
93.4 103.265718853
93.2 103.167219251
93 103.068651289
92.8 102.969596318
92.6 102.870932421
92.4 102.772176779
92.2 102.673299897
92 102.574271381
91.8 102.474973311
91.6 102.376067075
91.4 102.277126056
91.2 102.178112757
91 102.078906357
90.8 101.979245367
90.6 101.880098713
90.4 101.780918193
90.2 101.681692254
90 101.582422435
89.8 101.482417341
89.6 101.383015305
89.4 101.283627969
89.2 101.184171957
89 101.084536165
88.8 100.98419902
88.6 100.88438274
88.4 100.784543234
88.2 100.684670961
88 100.584743917
87.8 100.484256523
87.6 100.384321763
87.4 100.284410948
87.2 100.184456056
87 100.084344953
86.8 99.9835003901
86.6 99.883232518
86.4 99.7829530896
86.2 99.6826592324
86 99.582339466
85.8 99.4813830472
85.6 99.3807593258
85.4 99.2801017434
85.2 99.1794166684
85 99.07869035
84.8 98.9773567177
84.6 98.8766516848
84.4 98.775908348
84.2 98.6751137736
84 98.574270964
83.8 98.4728381945
83.6 98.3716596352
83.4 98.2704465896
83.2 98.1691946444
83 98.067864746
82.8 97.966024288
82.6 97.8647582378
82.4 97.7634668078
82.2 97.6621456918
82 97.560802251
81.8 97.458862831
81.6 97.3570860024
81.4 97.2552579996
81.2 97.153379774
81 97.051442146
80.8 96.9491564257
80.6 96.8473267196
80.4 96.745484212
80.2 96.6436197166
80 96.541710079
79.8 96.4392532283
79.6 96.3368549614
79.4 96.2344103514
79.2 96.1319245276
79 96.02937755
78.8 95.9266839509
78.6 95.824277976
78.4 95.7218522636
78.2 95.6193977236
78 95.51691705
77.8 95.4138975555
77.6 95.3108534544
77.4 95.2077615824
77.2 95.104631537
77 95.001457781
76.8 94.8984801075
76.6 94.7954991042
76.4 94.6925033866
76.2 94.5894890846
76 94.486479364
75.8 94.3828386712
75.6 94.2791372482
75.4 94.175390631
75.2 94.0716076353
75 93.968134206
74.8 93.864542278
74.6 93.7609383224
74.4 93.6573248744
74.2 93.553702589
74 93.450172234
73.8 93.3458357308
73.6 93.2414570392
73.4 93.1370405436
73.2 93.0325892631
73 92.928916715
72.8 92.8247023862
72.6 92.720477861
72.4 92.6162432254
72.2 92.5119952424
72 92.407862455
71.8 92.3028096734
71.6 92.1977257074
71.4 92.092610103
71.2 91.9876163688
71 91.883712746
70.8 91.7788547348
70.6 91.6739967104
70.4 91.5691308704
70.2 91.4642821206
70 91.359470859
69.8 91.2536938694
69.6 91.1478807328
69.4 91.0420299508
69.2 90.9369556816
69 90.832400396
68.8 90.7268877416
68.6 90.6213750782
68.4 90.5158546948
68.2 90.4103597374
68 90.304846987
67.8 90.1983222454
67.6 90.0917604802
67.4 89.9853665051
67.2 89.8801720112
67 89.774983808
66.8 89.6687903968
66.6 89.5625787732
66.4 89.4563661989
66.2 89.3501600148
66 89.24394241
65.8 89.1366885004
65.6 89.0294346191
65.4 88.9231740564
65.2 88.8172785398
65 88.711359799
64.8 88.6043741342
64.6 88.4973763325
64.4 88.390462936
64.2 88.283548206
64 88.17662093
63.8 88.0686562716
63.6 87.9611760782
63.4 87.8545387344
63.2 87.7478886364
63 87.641210318
62.8 87.5334553956
62.6 87.4257980802
62.4 87.3181862058
62.2 87.2105706218
62 87.102943897
61.8 86.9943031945
61.6 86.8868881764
61.4 86.77946285
61.2 86.6720183906
61 86.564547449
60.8 86.4560394949
60.6 86.347674957
60.4 86.239331457
60.2 86.1309956428
60 86.022633374
59.8 85.9141452457
59.6 85.8058925002
59.4 85.6976391018
59.2 85.5893886173
59 85.481177658
58.8 85.3720503628
58.6 85.2629425586
58.4 85.153857863
58.2 85.0447912853
58 84.936421335
57.8 84.8273384694
57.6 84.7182474318
57.4 84.6091554942
57.2 84.5000677625
57 84.391347624
56.8 84.2814116312
56.6 84.1715070964
56.4 84.0616275844
56.2 83.9522596406
56 83.843532383
55.8 83.7335770486
55.6 83.6236130058
55.4 83.5136625891
55.2 83.404140392
55 83.294696644
54.8 83.1839691072
54.6 83.0732730686
54.4 82.9629621905
54.2 82.8533717452
54 82.743792474
53.8 82.6329310532
53.6 82.5220592309
53.4 82.4116372276
53.2 82.3013722242
53 82.191151589
52.8 82.0795982066
52.6 81.9683821798
52.4 81.8579078792
52.2 81.7474509596
52 81.637025654
51.8 81.5252307718
51.6 81.4139035432
51.4 81.3027614088
51.2 81.1916819752
51 81.080647916
50.8 80.9684907513
50.6 80.8571083442
50.4 80.7457468302
50.2 80.6344081342
50 80.523146123
49.8 80.4109361923
49.6 80.2989280462
49.4 80.1869794846
49.2 80.0750795013
49 79.963507771
48.8 79.8511126278
48.6 79.738784522
48.4 79.6264742196
48.2 79.5141889425
48 79.40266785
47.8 79.2897339044
47.6 79.1769031522
47.4 79.0641484638
47.2 78.9517931936
47 78.839924112
46.8 78.7265696552
46.6 78.6132874486
46.4 78.5000228926
46.2 78.3876596664
46 78.27541782
45.8 78.1615511928
45.6 78.0478403376
45.4 77.9346551114
45.2 77.8218357566
45 77.709082127
44.8 77.5947685958
44.6 77.4806548452
44.4 77.3673455936
44.2 77.2541292188
44 77.141032994
43.8 77.0262529502
43.6 76.9122063202
43.4 76.7983807714
43.2 76.684591115
43 76.570914567
42.8 76.455978126
42.6 76.3417134702
42.4 76.227554813
42.2 76.1135108084
42 75.999562951
41.8 75.8845339718
41.6 75.7696693596
41.4 75.6548674044
41.2 75.540111704
41 75.426203422
40.8 75.3109343156
40.6 75.1957884786
40.4 75.0807923872
40.2 74.966081117
40 74.851788729
39.8 74.7357755362
39.6 74.6199017108
39.4 74.5040957203
39.2 74.3895106196
39 74.275157094
38.8 74.1589352604
38.6 74.0428723255
38.4 73.9273215916
38.2 73.8120942238
38 73.696939051
37.8 73.5799512502
37.6 73.4634344377
37.4 73.3478695274
37.2 73.2324766638
37 73.117292047
36.8 73.0001043129
36.6 72.8835863992
36.4 72.76723392
36.2 72.6510139046
36 72.534879595
35.8 72.4178257313
35.6 72.3012405694
35.4 72.1848482314
35.2 72.0686786541
35 71.952815875
34.8 71.835073039
34.6 71.7175537828
34.4 71.6001986388
34.2 71.4831737235
34 71.367497772
33.8 71.249900788
33.6 71.1323847176
33.4 71.0151247662
33.2 70.8984664384
33 70.781868428
32.8 70.6632157984
32.6 70.5447711704
32.4 70.4273594966
32.2 70.3106562854
32 70.194207191
31.8 70.0756325006
31.6 69.9572551902
31.4 69.8394451588
31.2 69.7218998132
31 69.604331106
30.8 69.4849663421
30.6 69.3670331704
30.4 69.2493419736
30.2 69.1319781716
30 69.014868706
29.8 68.8955192985
29.6 68.7764765562
29.4 68.6577741386
29.2 68.5393106749
29 68.421907216
28.8 68.3029973208
28.6 68.1841044488
28.4 68.0655388581
28.2 67.947556034
28 67.829921678
27.8 67.7098566684
27.6 67.590178156
27.4 67.4710902364
27.2 67.3532243608
27 67.235639364
26.8 67.1156616752
26.6 66.9957589516
26.4 66.8768498678
26.2 66.7583489422
26 66.639967263
25.8 66.5191153558
25.6 66.3997372308
25.4 66.2808509204
25.2 66.162296319
25 66.044176459
24.8 65.923520896
24.6 65.8034487666
24.4 65.6838630738
24.2 65.5646698286
24 65.446179319
23.8 65.3257877806
23.6 65.2057056724
23.4 65.0859945629
23.2 64.9669333358
23 64.848904431
22.8 64.7276854398
22.6 64.6071265224
22.4 64.4871205675
22.2 64.36838581
22 64.250043482
21.8 64.1288320484
21.6 64.007892258
21.4 63.8882114424
21.2 63.7691286864
21 63.650539488
20.8 63.5284857576
20.6 63.4082009804
20.4 63.2885725616
20.2 63.1693016948
20 63.050810546
19.8 62.9292641332
19.6 62.808599201
19.4 62.6885762274
19.2 62.5691618945
19 62.450595789
18.8 62.3289613474
18.6 62.208245969
18.4 62.0878851533
18.2 61.9683027048
18 61.850806728
17.8 61.7287717376
17.6 61.607897884
17.4 61.4878408658
17.2 61.369064516
17 61.25091958
16.8 61.1290396216
16.6 61.0078315578
16.4 60.8880338838
16.2 60.7690671624
16 60.65128842
15.8 60.5285849899
15.6 60.4082601194
15.4 60.2888504594
15.2 60.1699577812
15 60.052156806
14.8 59.9291710764
14.6 59.8072593358
14.4 59.686280167
14.2 59.5662814479
14 59.447389558
13.8 59.3228896532
13.6 59.1997736514
13.4 59.0773835158
13.2 58.9561329812
13 58.836905718
12.8 58.7114297388
12.6 58.586803806
12.4 58.4637811462
12.2 58.3427201692
12 58.222014338
11.8 58.0955642044
11.6 57.9702297178
11.4 57.8464575738
11.2 57.7238323986
11 57.602523357
10.8 57.4742698557
10.6 57.3480030136
10.4 57.2234250456
10.2 57.1001502217
10 56.977075379
9.8 56.8493417942
9.6 56.7218418362
9.4 56.5958006918
9.2 56.4718264224
9 56.350010678
8.8 56.2198815908
8.6 56.0918939348
8.4 55.965459494
8.2 55.840612513
8 55.717345029
7.8 55.586076313
7.6 55.4562521958
7.4 55.3289879336
7.2 55.2036768376
7 55.080307692
6.8 54.9457981079
6.6 54.8164854618
6.4 54.6884841918
6.2 54.5615445367
6 54.43864771
5.8 54.3042300988
5.6 54.1718681992
5.4 54.0421950955
5.2 53.9162411572
5 53.791668802
4.8 53.65551303
4.6 53.5223880576
4.4 53.3911034256
4.2 53.2620268104
4 53.135781348
3.8 52.9934924773
3.6 52.8562711168
3.4 52.7231338832
3.2 52.5934238093
3 52.464564435
2.8 52.3155686958
2.6 52.170647496
2.4 52.0284081279
2.2 51.8936588914
2 51.765116617
1.8 51.5934956162
1.6 51.434300752
1.4 51.2833724294
1.2 51.1352934598
1 50.993224118
0.8 50.7676831196
0.6 50.5457028768
0.4 50.3421314246
0.2 50.1472076304
0 49.954983961
