200 163.235564828
199.8 163.158470893
199.6 163.081156391
199.4 163.003543136
199.2 162.925681087
199 162.847775325
198.8 162.769924256
198.6 162.6918841
198.4 162.613695931
198.2 162.535377791
198 162.457243275
197.8 162.378961649
197.6 162.300618043
197.4 162.22211993
197.2 162.143438768
197 162.064610004
196.8 161.985972324
196.6 161.907168035
196.4 161.828163955
196.2 161.74899323
196 161.669711828
195.8 161.58998363
195.6 161.510136299
195.4 161.43081472
195.2 161.351453003
195 161.271884903
194.8 161.192148253
194.6 161.112304771
194.4 161.032245675
194.2 160.95200578
194 160.871736214
193.8 160.791316268
193.6 160.710715979
193.4 160.629964411
193.2 160.549076796
193 160.46831413
192.8 160.38792601
192.6 160.307468888
192.4 160.22685819
192.2 160.146063066
192 160.065106392
191.8 159.983921737
191.6 159.902579866
191.4 159.821025655
191.2 159.739287168
191 159.657447964
190.8 159.575354582
190.6 159.493193748
190.4 159.411639617
190.2 159.32994895
190 159.248065293
189.8 159.166033852
189.6 159.083902901
189.4 159.001548324
189.2 158.918964904
189 158.836339429
188.8 158.753341451
188.6 158.670156765
188.4 158.586825776
188.2 158.50339096
188 158.420685925
187.8 158.337894173
187.6 158.255012125
187.4 158.171879863
187.2 158.088456785
187 158.004821599
186.8 157.921345065
186.6 157.837660569
186.4 157.753764024
186.2 157.669684934
186 157.585485816
185.8 157.500971635
185.6 157.417242116
185.4 157.33340091
185.2 157.249386073
185 157.165208519
184.8 157.080692709
184.6 156.996083019
184.4 156.911185768
184.2 156.826092803
184 156.740938544
183.8 156.655722857
183.6 156.570350027
183.4 156.485020532
183.2 156.400313786
183 156.315441445
182.8 156.230098477
182.6 156.144709885
182.4 156.059095514
182.2 155.973244057
182 155.887334444
181.8 155.801443954
181.6 155.715373099
181.4 155.629123116
181.2 155.542722164
181 155.456658181
180.8 155.370519268
180.6 155.284352779
180.4 155.198014033
180.2 155.111465925
180 155.024778932
179.8 154.93797506
179.6 154.850998866
179.4 154.763789001
179.2 154.676383531
179 154.58893317
178.8 154.501088249
178.6 154.414138351
178.4 154.327090165
178.2 154.239880329
178 154.152500898
177.8 154.06494835
177.6 153.977317577
177.4 153.889356491
177.2 153.801171649
177 153.712943256
176.8 153.624397146
176.6 153.535684695
176.4 153.44754345
176.2 153.3597516
176 153.271795779
175.8 153.183570462
175.6 153.095311832
175.4 153.006722102
175.2 152.917568061
175 152.82839942
174.8 152.739168477
174.6 152.649772024
174.4 152.560201372
174.2 152.47085117
174 152.382162824
173.8 152.293064287
173.6 152.203959429
173.4 152.114641762
173.2 152.025074349
173 151.935329482
172.8 151.845419189
172.6 151.755348313
172.4 151.665078753
172.2 151.574660652
172 151.484407544
171.8 151.394353008
171.6 151.304290658
171.4 151.214060122
171.2 151.123605937
171 151.032977551
170.8 150.94239856
170.6 150.851672334
170.4 150.760699755
170.2 150.66952225
170 150.578344762
169.8 150.486686594
169.6 150.395861703
169.4 150.304914484
169.2 150.213797307
169 150.122514844
168.8 150.031211901
168.6 149.939806048
168.4 149.848124664
168.2 149.756214285
168 149.664290249
167.8 149.571808588
167.6 149.479430071
167.4 149.387770639
167.2 149.295972603
167 149.204006881
166.8 149.111769479
166.6 149.019511075
166.4 148.926929542
166.2 148.83409391
166 148.741242915
165.8 148.648082167
165.6 148.554743266
165.4 148.46173982
165.2 148.369270185
165 148.276650175
164.8 148.183682129
164.6 148.09067173
164.4 147.997443928
164.2 147.90390527
164 147.810315385
163.8 147.716510632
163.6 147.622511321
163.4 147.528354634
163.2 147.434852287
163 147.3415481
162.8 147.247854426
162.6 147.154110157
162.4 147.060158144
162.2 146.965969118
162 146.871672407
161.8 146.777185801
161.6 146.682530171
161.4 146.587699038
161.2 146.492818297
161 146.398833886
160.8 146.304431692
160.6 146.209971267
160.4 146.11531229
160.2 146.020418821
160 145.925401188
159.8 145.830053838
159.6 145.734541911
159.4 145.638828266
159.2 145.542966413
159 145.447645292
158.8 145.352542755
158.6 145.25735749
158.4 145.161993337
158.2 145.066410251
158 144.970648844
157.8 144.874651567
157.6 144.778473878
157.4 144.682094181
157.2 144.585557178
157 144.489085383
156.8 144.393300022
156.6 144.29740972
156.4 144.201364333
156.2 144.105120802
156 144.00864315
155.8 143.911944677
155.6 143.815095973
155.4 143.718046218
155.2 143.620823669
155 143.523523211
154.8 143.426635565
154.6 143.329826438
154.4 143.232871914
154.2 143.135739649
154 143.038364232
153.8 142.940919075
153.6 142.843417841
153.4 142.745705503
153.2 142.647799713
153 142.549821287
152.8 142.451988667
152.6 142.35447768
152.4 142.256825999
152.2 142.158998865
152 142.060930341
151.8 141.962756743
151.6 141.864575623
151.4 141.766195381
151.2 141.66763069
151 141.568973035
150.8 141.470279039
150.6 141.372062923
150.4 141.273711163
150.2 141.175195992
150 141.076456249
149.8 140.97752554
149.6 140.878684854
149.4 140.779643023
149.2 140.680399597
149 140.581054747
148.8 140.481397595
148.6 140.38227776
148.4 140.283021167
148.2 140.183610117
148 140.083974183
147.8 139.984336122
147.6 139.88482527
147.4 139.785119718
147.2 139.685211646
147 139.58516866
146.8 139.484824757
146.6 139.385000586
146.4 139.285072836
146.2 139.185058397
146 139.084897608
145.8 138.984607206
145.6 138.884448756
145.4 138.784017545
145.2 138.683298701
145 138.582387418
144.8 138.481415507
144.6 138.380886852
144.4 138.280218974
144.2 138.179405743
144 138.078346759
143.8 137.97711708
143.6 137.876056633
143.4 137.77480945
143.2 137.673367107
143 137.571783483
142.8 137.470230608
142.6 137.369065679
142.4 137.267765733
142.2 137.16631794
142 137.064610124
141.8 136.962797384
141.6 136.861080032
141.4 136.75909808
141.2 136.656840086
141 136.554372907
140.8 136.452311616
140.6 136.350432131
140.4 136.248386365
140.2 136.146135158
140 136.043504328
139.8 135.941026573
139.6 135.838588363
139.4 135.735970131
139.2 135.633175606
139 135.530237645
138.8 135.427631782
138.6 135.324964032
138.4 135.222159556
138.2 135.119209331
138 135.015954703
137.8 134.912701353
137.6 134.809376845
137.4 134.705872091
137.2 134.602186475
137 134.49836359
136.8 134.395347149
136.6 134.292039335
136.4 134.188576001
136.2 134.084906534
136 133.980867347
135.8 133.877012376
135.6 133.772977942
135.4 133.668753839
135.2 133.564362062
135 133.460178562
134.8 133.356407036
134.6 133.252344119
134.4 133.148131835
134.2 133.043717929
134 132.939115699
133.8 132.834582566
133.6 132.729827898
133.4 132.62488445
133.2 132.519785012
133 132.415168904
132.8 132.310392646
132.6 132.205321735
132.4 132.100123113
132.2 131.994813922
132 131.889708094
131.8 131.784482549
131.6 131.679004908
131.4 131.573323957
131.2 131.467716717
131 131.362510607
130.8 131.256943688
130.6 131.151113724
130.4 131.045172256
130.2 130.939438089
130 130.833639979
129.8 130.727710653
129.6 130.621490038
129.4 130.515080156
129.2 130.409147269
129 130.3031151
128.8 130.196665854
128.6 130.090074557
128.4 129.983521469
128.2 129.877350438
128 129.770840526
127.8 129.664017272
127.6 129.556849265
127.4 129.449803766
127.2 129.342992592
127 129.236057937
126.8 129.128890788
126.6 129.021535663
126.4 128.91467002
126.2 128.807715845
126 128.700327396
125.8 128.592762899
125.6 128.484958162
125.4 128.377429338
125.2 128.269818718
125 128.162074
124.8 128.053845102
124.6 127.945947905
124.4 127.838369159
124.2 127.730601287
124 127.622574389
123.8 127.514585045
123.6 127.406461768
123.4 127.298164806
123.2 127.189714837
123 127.081022978
122.8 126.972138136
122.6 126.863824602
122.4 126.755349678
122.2 126.646675879
122 126.537785679
121.8 126.429019611
121.6 126.320060956
121.4 126.210932129
121.2 126.10165551
121 125.992167102
120.8 125.8831956
120.6 125.774094325
120.4 125.664800811
120.2 125.555306101
120 125.44589667
119.8 125.336269376
119.6 125.226460683
119.4 125.11655181
119.2 125.006514625
119 124.897022158
118.8 124.787101084
118.6 124.676987356
118.4 124.566660383
118.2 124.456320642
118 124.346155658
117.8 124.235755232
117.6 124.125095284
117.4 124.014301838
117.2 123.904240731
117 123.793939397
116.8 123.683213267
116.6 123.572289664
116.4 123.46128162
116.2 123.350321489
116 123.239237666
115.8 123.127840066
115.6 123.016241784
115.4 122.905523041
115.2 122.794747924
115 122.683613598
114.8 122.572073352
114.6 122.460433379
114.4 122.348751123
114.2 122.236887884
114 122.12486732
113.8 122.012274467
113.6 121.900731121
113.4 121.789108563
113.2 121.67719565
113 121.564977556
112.8 121.452713074
112.6 121.340327883
112.4 121.227721808
112.2 121.114927334
112 121.001967162
111.8 120.889775813
111.6 120.777530915
111.4 120.665091634
111.2 120.55242903
111 120.439714391
110.8 120.326599101
110.6 120.213108707
110.4 120.099347991
110.2 119.985594019
110 119.872979268
109.8 119.759952542
109.6 119.646785081
109.4 119.533297487
109.2 119.419519139
109 119.305697501
108.8 119.191433823
108.6 119.07701354
108.4 118.962956884
108.2 118.849677408
108 118.736055613
107.8 118.621835875
107.6 118.507522872
107.4 118.392986114
107.2 118.278229517
107 118.163378209
106.8 118.047841853
106.6 117.933150601
106.4 117.818977532
106.2 117.70460555
106 117.590028137
105.8 117.475191241
105.6 117.360055959
105.4 117.244565797
105.2 117.128776163
105 117.012886018
104.8 116.897674314
104.6 116.782603473
104.4 116.667330724
104.2 116.551808801
104 116.43611788
103.8 116.319952438
103.6 116.203519076
103.4 116.086857844
103.2 115.970475458
103 115.855299383
102.8 115.739418441
102.6 115.623505563
102.4 115.507257784
102.2 115.390378908
102 115.273450986
101.8 115.156038288
101.6 115.038385762
101.4 114.921840654
101.2 114.805718672
101 114.689299285
100.8 114.572123134
100.6 114.454881696
100.4 114.337392141
100.2 114.219742036
100 114.102084398
99.8 113.983663492
99.6 113.866574188
99.4 113.7493673
99.2 113.631995654
99 113.514463067
98.8 113.396415742
98.6 113.278049916
98.4 113.159339666
98.2 113.040376882
98 112.922471397
97.8 112.8043272
97.6 112.686132198
97.4 112.567684656
97.2 112.448924954
97 112.33004266
96.8 112.210531151
96.6 112.090765226
96.4 111.971275803
96.2 111.853018206
96 111.73453778
95.8 111.615319693
95.6 111.496036575
95.4 111.376487252
95.2 111.256696492
95 111.136830121
94.8 111.016225946
94.6 110.896761672
94.4 110.777319911
94.2 110.657651961
94 110.537717283
93.8 110.417127883
93.6 110.296470925
93.4 110.175659389
93.2 110.054720542
93 109.934518509
92.8 109.814006959
92.6 109.693318164
92.4 109.572446497
92.2 109.451507426
92 109.330621988
91.8 109.209030158
91.6 109.087062907
91.4 108.965309307
91.2 108.844523102
91 108.723516434
90.8 108.601713151
90.6 108.479853434
90.4 108.357972343
90.2 108.235851705
90 108.113590837
89.8 107.99082947
89.6 107.869050033
89.4 107.747067591
89.2 107.624862784
89 107.502343863
88.8 107.379623107
88.6 107.256683344
88.4 107.133496338
88.2 107.010111463
88 106.88784001
87.8 106.764678975
87.6 106.641260255
87.4 106.517670178
87.2 106.394327334
87 106.270923898
86.8 106.146887979
86.6 106.022544872
86.4 105.89910604
86.2 105.775707632
86 105.651930481
85.8 105.527213345
85.6 105.402833676
85.4 105.278427699
85.2 105.153867025
85 105.029191703
84.8 104.904671537
84.6 104.780036616
84.4 104.655176514
84.2 104.530107648
84 104.405147344
83.8 104.27990368
83.6 104.15426085
83.4 104.02830949
83.2 103.903135639
83 103.77806288
82.8 103.652249324
82.6 103.526301174
82.4 103.400601563
82.2 103.27471565
82 103.148449361
81.8 103.021546104
81.6 102.895257828
81.4 102.768995657
81.2 102.642548478
81 102.515720308
80.8 102.388924199
80.6 102.262002396
80.4 102.134836089
80.2 102.007455024
80 101.880981572
79.8 101.753688027
79.6 101.626085389
79.4 101.498337469
79.2 101.370994604
79 101.243168682
78.8 101.114769644
78.6 100.98624729
78.4 100.858578127
78.2 100.730752069
78 100.602516919
77.8 100.473401498
77.6 100.34491949
77.4 100.216247559
77.2 100.087370078
77 99.958623819
76.8 99.829806839
76.6 99.7004820946
76.4 99.5709607069
76.2 99.441729264
76 99.312651232
75.8 99.1829101712
75.6 99.052800747
75.4 98.9229879008
75.2 98.7933568954
75 98.663448393
74.8 98.5324595453
74.6 98.4022511344
74.4 98.27212545
74.2 98.1417323412
74 98.011058718
73.8 97.8803575229
73.6 97.7492868244
73.4 97.6180173876
73.2 97.486692979
73 97.356075555
72.8 97.2246882502
72.6 97.0929939746
72.4 96.9612645177
72.2 96.8298265754
72 96.698166221
71.8 96.5653475226
71.6 96.4330874415
71.4 96.301333189
71.2 96.169327116
71 96.037033796
70.8 95.9043666925
70.6 95.7714442016
70.4 95.6382902564
70.2 95.5049470178
70 95.372675404
69.8 95.2395014016
69.6 95.1060880658
69.4 94.9725247588
69.2 94.839139497
69 94.705584705
68.8 94.5708035826
68.6 94.4366331962
68.4 94.3031335774
68.2 94.1693796102
68 94.035334319
67.8 93.9006947692
67.6 93.765776211
67.4 93.6306031762
67.2 93.4952846908
67 93.361339182
66.8 93.226321262
66.6 93.09111169
66.4 92.9557451633
66.2 92.820336843
66 92.684766591
65.8 92.5478214142
65.6 92.4119660118
65.4 92.2765691818
65.2 92.1409164906
65 92.004986405
64.8 91.8683061612
64.6 91.731257844
64.4 91.5939335688
64.2 91.4570104208
64 91.321210444
63.8 91.1841754552
63.6 91.0470032966
63.4 90.9096332954
63.2 90.7720433176
63 90.63430056
62.8 90.4951706386
62.6 90.3579623224
62.4 90.2205392808
62.2 90.0828399127
62 89.94495457
61.8 89.8059195036
61.6 89.6665294352
61.4 89.5268838032
61.2 89.3888770998
61 89.251065731
60.8 89.111917043
60.6 88.9726658812
60.4 88.8329926656
60.2 88.6930267634
60 88.552943617
59.8 88.4127531539
59.6 88.2734100458
59.4 88.1338196098
59.2 87.993926729
59 87.853760839
58.8 87.7121544838
58.6 87.5702007803
58.4 87.4293714646
58.2 87.2896633622
58 87.149690211
57.8 87.0082280049
57.6 86.866442014
57.4 86.724327418
57.2 86.5819480717
57 86.440585595
56.8 86.298953351
56.6 86.1572449568
56.4 86.0152532476
56.2 85.8728018104
56 85.730282068
55.8 85.586160564
55.6 85.4428128374
55.4 85.3007019906
55.2 85.1583168446
55 85.015595287
54.8 84.8715173588
54.6 84.72718215
54.4 84.5825891203
54.2 84.4388053608
54 84.29621312
53.8 84.151851648
53.6 84.0073880021
53.4 83.8627341272
53.2 83.7178243996
53 83.572812498
52.8 83.4272244724
52.6 83.2825358958
52.4 83.1375930846
52.2 82.992380055
52 82.847190887
51.8 82.7004325926
51.6 82.5533440844
51.4 82.4074562024
51.2 82.2621692476
51 82.11655125
50.8 81.9693005234
50.6 81.8222250522
50.4 81.6748811366
50.2 81.5272966596
50 81.381270334
49.8 81.2337498516
49.6 81.0860158382
49.4 80.9382463514
49.2 80.7905102372
49 80.642558038
48.8 80.4930267225
48.6 80.3450425756
48.4 80.1968485204
48.2 80.0484061759
48 79.900036454
47.8 79.7502238748
47.6 79.6000838516
47.4 79.4503729542
47.2 79.3017413256
47 79.152801692
46.8 79.001904815
46.6 78.8516932544
46.4 78.7012309012
46.2 78.5505063006
46 78.400803737
45.8 78.249710737
45.6 78.0983124078
45.4 77.947043776
45.2 77.79617269
45 77.64500761
44.8 77.4921688039
44.6 77.3404345634
44.4 77.1885067942
44.2 77.0363763881
44 76.884662777
43.8 76.7314051922
43.6 76.5777996002
43.4 76.4247697198
43.2 76.2723393502
43 76.119574159
42.8 75.9649432112
42.6 75.811150396
42.4 75.657106376
42.2 75.5028079303
42 75.349782884
41.8 75.1945733664
41.6 75.0390252836
41.4 74.8843875558
41.2 74.7299037518
41 74.575065583
40.8 74.4189847626
40.6 74.2630450366
40.4 74.1069013524
40.2 73.9510556468
40 73.795892298
39.8 73.6386981844
39.6 73.4813109
39.4 73.3246775912
39.2 73.167877215
39 73.010773987
38.8 72.852996435
38.6 72.6951159832
38.4 72.5369996956
38.2 72.3794835154
38 72.222036153
37.8 72.061951357
37.6 71.9029259139
37.4 71.7444721314
37.2 71.5857874504
37 71.427347593
36.8 71.266896473
36.6 71.106066066
36.4 70.945770831
36.2 70.7867206632
36 70.6273866
35.8 70.4657694075
35.6 70.304442638
35.4 70.142882502
35.2 69.981379953
35 69.821626589
34.8 69.659246573
34.6 69.4967226407
34.4 69.334557739
34.2 69.1721829112
34 69.009585112
33.8 68.846458008
33.6 68.6833703696
33.4 68.5200892618
33.2 68.3570218262
33 68.193868935
32.8 68.0275991363
32.6 67.8635064342
32.4 67.6996907978
32.2 67.5356692591
32 67.371813178
31.8 67.2049376012
31.6 67.0377430275
31.4 66.872657247
31.2 66.7080941498
31 66.543327361
30.8 66.3757176879
30.6 66.2078455688
30.4 66.0397114515
30.2 65.8737871764
30 65.708449334
29.8 65.5399260645
29.6 65.3713130362
29.4 65.2024616066
29.2 65.0333675115
29 64.866783977
28.8 64.6974425794
28.6 64.5280946036
28.4 64.3584181818
28.2 64.1885032716
28 64.018510014
27.8 63.8480733724
27.6 63.6779177666
27.4 63.507559082
27.2 63.336920279
27 63.166230023
26.8 62.9920077531
26.6 62.820874667
26.4 62.6495673358
26.2 62.4780847864
26 62.306646585
25.8 62.1314450026
25.6 61.9569127085
25.4 61.7846829806
25.2 61.6122790626
25 61.43978155
24.8 61.2637051116
24.6 61.0874591975
24.4 60.9126710632
24.2 60.7393002746
24 60.565711677
23.8 60.3887786737
23.6 60.2119948392
23.4 60.0351229277
23.2 59.8605112674
23 59.686330765
22.8 59.5074372931
22.6 59.3292829154
22.4 59.1510891974
22.2 58.9732354167
22 58.797664151
21.8 58.6175847262
21.6 58.4377697517
21.4 58.2586018264
21.2 58.0793694204
21 57.901510224
20.8 57.72015228
20.6 57.5386512944
20.4 57.3581545054
20.2 57.1779216286
20 56.997647037
19.8 56.8150011754
19.6 56.6322189092
19.4 56.4498112369
19.2 56.2685663822
19 56.087359607
18.8 55.9021635703
18.6 55.7179709018
18.4 55.5337051005
18.2 55.3510097024
18 55.168793976
17.8 54.9812655013
17.6 54.7957024278
17.4 54.6100710178
17.2 54.4253211184
17 54.24205786
16.8 54.052846372
16.6 53.8652144137
16.4 53.678118262
16.2 53.491134055
16 53.306707159
15.8 53.1160250934
15.6 52.9262963521
15.4 52.737757254
15.2 52.549240281
15 52.362927392
14.8 52.16603488
14.6 51.9696392293
14.4 51.7747469364
14.2 51.5798676221
14 51.387015261
13.8 51.1871558026
13.6 50.9875905939
13.4 50.7895057828
13.2 50.5914794867
13 50.395466179
12.8 50.1925530614
12.6 49.9897996384
12.4 49.7883788808
12.2 49.5870940403
12 49.388082035
11.8 49.1821937814
11.6 48.9763047534
11.4 48.7717780382
11.2 48.5676851065
11 48.366259173
10.8 48.1563635498
10.6 47.9468647671
10.4 47.7391189722
10.2 47.5319363467
10 47.327719018
9.8 47.1135152188
9.6 46.9005684749
9.4 46.689520958
9.2 46.4794950672
9 46.272112593
8.8 46.0528612879
8.6 45.836078125
8.4 45.6209065259
8.2 45.4075978904
8 45.195835024
7.8 44.9716637464
7.6 44.751066962
7.4 44.5315356916
7.2 44.3147477802
7 44.098024577
6.8 43.8492783392
6.6 43.6024717715
6.4 43.3582590256
6.2 43.1163446084
6 42.876869902
5.8 42.6457920044
5.6 42.4167380439
5.4 42.1911831226
5.2 41.9676511346
5 41.74710834
4.8 41.5075044734
4.6 41.2722868008
4.4 41.0391489706
4.2 40.8104774412
4 40.582931846
3.8 40.3345990474
3.6 40.0882647536
3.4 39.8473560642
3.2 39.6100120852
3 39.375158973
2.8 39.1127331626
2.6 38.8538501548
2.4 38.5997703163
2.2 38.3503559886
2 38.104449779
1.8 37.8175233516
1.6 37.5356870526
1.4 37.261453465
1.2 36.9894198491
1 36.728495181
0.8 36.3983440634
0.6 36.073420551
0.4 35.7560154034
0.2 35.4439726175
0 35.137943357
