200 156.583786547
199.8 156.508516219
199.6 156.433280779
199.4 156.35796572
199.2 156.282537615
199 156.206852555
198.8 156.131145048
198.6 156.055292219
198.4 155.979464172
198.2 155.903735525
198 155.82770142
197.8 155.751704615
197.6 155.675492823
197.4 155.599131525
197.2 155.522664363
197 155.446379848
196.8 155.370129742
196.6 155.2935904
196.4 155.216950044
196.2 155.140211403
196 155.063191712
195.8 154.985970131
195.6 154.909029152
195.4 154.832030347
195.2 154.754950905
195 154.6777637
194.8 154.60060184
194.6 154.522983847
194.4 154.445359797
194.2 154.367771667
194 154.290112525
193.8 154.212493735
193.6 154.134672332
193.4 154.056778489
193.2 153.978819762
193 153.900655776
192.8 153.822693735
192.6 153.744545621
192.4 153.666264075
192.2 153.587863511
192 153.50932011
191.8 153.430871894
191.6 153.352160865
191.4 153.27333537
191.2 153.194453329
191 153.115447611
190.8 153.036378306
190.6 152.957487771
190.4 152.87867144
190.2 152.79962942
190 152.720212311
189.8 152.640801257
189.6 152.561111235
189.4 152.481352112
189.2 152.401785007
189 152.322164461
188.8 152.242486415
188.6 152.162696457
188.4 152.08285861
188.2 152.002877021
188 151.922795951
187.8 151.842676079
187.6 151.762400103
187.4 151.681987262
187.2 151.601445621
187 151.52077207
186.8 151.440316747
186.6 151.359643736
186.4 151.278850406
186.2 151.197995633
186 151.117028564
185.8 151.035775298
185.6 150.954768258
185.4 150.873897395
185.2 150.792865467
185 150.711610138
184.8 150.630352342
184.6 150.548827094
184.4 150.467253128
184.2 150.385746032
184 150.304148316
183.8 150.222260642
183.6 150.140100384
183.4 150.057831617
183.2 149.975656014
183 149.893710263
182.8 149.811764707
182.6 149.729657686
182.4 149.647405213
182.2 149.565017617
182 149.482561005
181.8 149.400203105
181.6 149.317460415
181.4 149.23453747
181.2 149.15152266
181 149.068388224
180.8 148.985269226
180.6 148.902596254
180.4 148.819810274
180.2 148.736859363
180 148.653699607
179.8 148.570538348
179.6 148.487029881
179.4 148.403450289
179.2 148.319783431
179 148.236050576
178.8 148.15226757
178.6 148.068332767
178.4 147.984416615
178.2 147.900780707
178 147.816792965
177.8 147.732667399
177.6 147.648461956
177.4 147.56416232
177.2 147.479854888
177 147.395738065
176.8 147.311341071
176.6 147.226642347
176.4 147.14178111
176.2 147.056788471
176 146.971771991
175.8 146.887002976
175.6 146.802181455
175.4 146.717294678
175.2 146.632336617
175 146.547307968
174.8 146.462323323
174.6 146.377052238
174.4 146.29156298
174.2 146.2059295
174 146.120148212
173.8 146.034099561
173.6 145.94839877
173.4 145.862912739
173.2 145.777355641
173 145.691701859
172.8 145.606004828
172.6 145.520018106
172.4 145.433886872
172.2 145.347628728
172 145.261266962
171.8 145.174698428
171.6 145.087961299
171.4 145.001142061
171.2 144.914872212
171 144.828394026
170.8 144.741766161
170.6 144.654998481
170.4 144.568060434
170.2 144.481027974
170 144.394117296
169.8 144.307035041
169.6 144.219745684
169.4 144.132330567
169.2 144.044800488
169 143.957450606
168.8 143.870280881
168.6 143.783027405
168.4 143.695631784
168.2 143.608078229
168 143.52039355
167.8 143.43272186
167.6 143.344749588
167.4 143.256546235
167.2 143.168192405
167 143.079755515
166.8 142.991249631
166.6 142.90339165
166.4 142.815379179
166.2 142.727152998
166 142.63866666
165.8 142.550205785
165.6 142.461656806
165.4 142.373032262
165.2 142.284267473
165 142.195393443
164.8 142.106227469
164.6 142.016947243
164.4 141.928244485
164.2 141.839519244
164 141.750500053
163.8 141.661235971
163.6 141.571897269
163.4 141.482509393
163.2 141.393188694
163 141.303778127
162.8 141.214004221
162.6 141.123985279
162.4 141.033824222
162.2 140.944056671
162 140.854402661
161.8 140.764538931
161.6 140.674610865
161.4 140.584595203
161.2 140.494505366
161 140.4045147
160.8 140.314251858
160.6 140.223709547
160.4 140.132956254
160.2 140.042063408
160 139.951597963
159.8 139.861208899
159.6 139.770753086
159.4 139.680148411
159.2 139.589378473
159 139.498494499
158.8 139.407719545
158.6 139.316646031
158.4 139.22531569
158.2 139.133793491
158 139.042167634
157.8 138.950675795
157.6 138.859568575
157.4 138.7683348
157.2 138.676938784
157 138.585408032
156.8 138.493735606
156.6 138.401978566
156.4 138.31003646
156.2 138.21793685
156 138.125756621
155.8 138.033184099
155.6 137.941211361
155.4 137.84951642
155.2 137.757689982
155 137.665704995
154.8 137.573497492
154.6 137.481164561
154.4 137.388476096
154.2 137.295547545
154 137.202597558
153.8 137.109458172
153.6 137.016186496
153.4 136.923744381
153.2 136.831388777
153 136.738875359
152.8 136.646085924
152.6 136.553187179
152.4 136.459969344
152.2 136.366439408
152 136.272869229
151.8 136.179175949
151.6 136.085326761
151.4 135.99147034
151.2 135.898484293
151 135.805269375
150.8 135.711605552
150.6 135.617906171
150.4 135.524107646
150.2 135.430238119
150 135.336354941
149.8 135.242063755
149.6 135.147521746
149.4 135.052784049
149.2 134.958442091
149 134.864706546
148.8 134.77073198
148.6 134.676707828
148.4 134.582406211
148.2 134.487798471
148 134.393026896
147.8 134.297986223
147.6 134.202775324
147.4 134.107409042
147.2 134.011931182
147 133.917459875
146.8 133.82269507
146.6 133.727925652
146.4 133.632987553
146.2 133.537848311
146 133.442572061
145.8 133.347164203
145.6 133.251526731
145.4 133.155622292
145.2 133.059517327
145 132.96381868
144.8 132.868383278
144.6 132.772932577
144.4 132.677334028
144.2 132.581540157
144 132.485577452
143.8 132.389389274
143.6 132.293025333
143.4 132.196463638
143.2 132.09975729
143 132.003034472
142.8 131.907089956
142.6 131.811153114
142.4 131.715062958
142.2 131.618774981
142 131.522321671
141.8 131.42560096
141.6 131.328646097
141.4 131.231394646
141.2 131.133911866
141 131.036413878
140.8 130.939425209
140.6 130.842869297
140.4 130.746105814
140.2 130.649069381
140 130.551807284
139.8 130.454425712
139.6 130.356914347
139.4 130.25920099
139.2 130.161316395
139 130.063405514
138.8 129.965452012
138.6 129.868264929
138.4 129.770907608
138.2 129.673302078
138 129.575440764
137.8 129.477227777
137.6 129.378934723
137.4 129.280429754
137.2 129.181736988
137 129.083028406
136.8 128.984235144
136.6 128.886430585
136.4 128.78846741
136.2 128.690267259
136 128.591805726
135.8 128.492965628
135.6 128.394070263
135.4 128.294972414
135.2 128.195688832
135 128.096361101
134.8 127.996794433
134.6 127.898334446
134.4 127.799724054
134.2 127.700887495
134 127.601787239
133.8 127.50229484
133.6 127.402790955
133.4 127.303091615
133.2 127.203200543
133 127.103237569
132.8 127.002872559
132.6 126.903531434
132.4 126.804104221
132.2 126.704529094
132 126.604779124
131.8 126.504690038
131.6 126.404573291
131.4 126.304174662
131.2 126.203499258
131 126.102722108
130.8 126.001746565
130.6 125.901764721
130.4 125.801673448
130.2 125.701428932
130 125.601008266
129.8 125.50024427
129.6 125.399584053
129.4 125.298729128
129.2 125.197688544
129 125.09658736
128.8 124.994990733
128.6 124.894085273
128.4 124.793079776
128.2 124.691991246
128 124.590789616
127.8 124.489358637
127.6 124.387983894
127.4 124.286329132
127.2 124.184396857
127 124.082336873
126.8 123.980226448
126.6 123.878889878
126.4 123.77742053
126.2 123.675740695
126 123.573740721
125.8 123.471419828
125.6 123.369242598
125.4 123.2669689
125.2 123.164602268
125 123.062190592
124.8 122.959626388
124.6 122.85734154
124.4 122.754909918
124.2 122.652325862
124 122.549500436
123.8 122.446560177
123.6 122.3437069
123.4 122.240752155
123.2 122.137704253
123 122.034603119
122.8 121.931530085
122.6 121.828540799
122.4 121.725415844
122.2 121.622135395
122 121.518601388
121.8 121.415057376
121.6 121.311415282
121.4 121.207597634
121.2 121.103623765
121 120.999552684
120.8 120.89607567
120.6 120.792396569
120.4 120.688578176
120.2 120.584596629
120 120.480414517
119.8 120.376311137
119.6 120.271956688
119.4 120.167337996
119.2 120.062495026
119 119.957918596
118.8 119.853693499
118.6 119.74925555
118.4 119.64467851
118.2 119.539943755
118 119.435212031
117.8 119.330412939
117.6 119.225318939
117.4 119.119960207
117.2 119.01439417
117 118.909526139
116.8 118.804525143
116.6 118.699304473
116.4 118.593924355
116.2 118.488374927
116 118.382798791
115.8 118.276988733
115.6 118.17106266
115.4 118.065034389
115.2 117.959248267
115 117.853887141
114.8 117.747921383
114.6 117.64165014
114.4 117.535254457
114.2 117.429184156
114 117.323177502
113.8 117.21688684
113.6 117.11020174
113.4 117.003277101
113.2 116.897009394
113 116.790614501
112.8 116.683734467
112.6 116.576677454
112.4 116.469692623
112.2 116.362997695
112 116.256022945
111.8 116.148790291
111.6 116.04126309
111.4 115.934037106
111.2 115.826962352
111 115.71962595
110.8 115.611852956
110.6 115.503931006
110.4 115.396502482
110.2 115.288920492
110 115.181055337
109.8 115.0729626
109.6 114.964766571
109.4 114.856905903
109.2 114.748950464
109 114.640761346
108.8 114.532062906
108.6 114.423836529
108.4 114.315712506
108.2 114.207404506
108 114.098859847
107.8 113.990106503
107.6 113.881314849
107.4 113.77233958
107.2 113.663286209
107 113.55407238
106.8 113.444926258
106.6 113.336088896
106.4 113.227089569
106.2 113.117906189
106 113.008528948
105.8 112.899300987
105.6 112.789632672
105.4 112.679770184
105.2 112.569809663
105 112.459988974
104.8 112.350248436
104.6 112.240321749
104.4 112.130206782
104.2 112.019921745
104 111.910002291
103.8 111.799820423
103.6 111.689243036
103.4 111.578488848
103.2 111.467867237
103 111.357623875
102.8 111.247199333
102.6 111.136465979
102.4 111.025448745
102.2 110.914605951
102 110.803767592
101.8 110.692359739
101.6 110.580713081
101.4 110.469252602
101.2 110.358419883
101 110.247296065
100.8 110.135782498
100.6 110.024032265
100.4 109.912434635
100.2 109.800792992
100 109.688986301
99.8 109.576542354
99.6 109.46429941
99.4 109.352595154
99.2 109.240632606
99 109.128328264
98.8 109.015783595
98.6 108.903320374
98.4 108.790739137
98.2 108.678002894
98 108.565054595
97.8 108.451999823
97.6 108.339553288
97.4 108.226949256
97.2 108.114153922
97 108.001171172
96.8 107.887847136
96.6 107.774242115
96.4 107.660452569
96.2 107.546534616
96 107.433193609
95.8 107.319858524
95.6 107.206349015
95.4 107.092540354
95.2 106.978503167
95 106.864586517
94.8 106.750136027
94.6 106.635539669
94.4 106.52085209
94.2 106.406994944
94 106.293028086
93.8 106.178396148
93.6 106.063661498
93.4 105.948948663
93.2 105.834291035
93 105.719531685
92.8 105.603810292
92.6 105.488078961
92.4 105.373469248
92.2 105.258687699
92 105.143688738
91.8 105.028121389
91.6 104.912493312
91.4 104.796691835
91.2 104.680679249
91 104.564487815
90.8 104.447932623
90.6 104.332080171
90.4 104.216139296
90.2 104.100084718
90 103.983955523
89.8 103.867425661
89.6 103.750626606
89.4 103.633609039
89.2 103.516426512
89 103.400397576
88.8 103.283820887
88.6 103.167175448
88.4 103.050309785
88.2 102.933234367
88 102.816109046
87.8 102.698019907
87.6 102.5796897
87.4 102.46175813
87.2 102.344808209
87 102.227641761
86.8 102.109947216
86.6 101.99218938
86.4 101.874115607
86.2 101.755818063
86 101.637453347
85.8 101.517951058
85.6 101.399833034
85.4 101.281827503
85.2 101.16362068
85 101.045199245
84.8 100.926116554
84.6 100.806805891
84.4 100.687235898
84.2 100.567460675
84 100.448388927
83.8 100.329370152
83.6 100.210336834
83.4 100.091098535
83.2 99.9715971738
83 99.851902172
82.8 99.7313681216
82.6 99.6106133876
82.4 99.4898715407
82.2 99.3707414774
82 99.251402363
81.8 99.131123683
81.6 99.0108207758
81.4 98.8900838998
81.2 98.7690905928
81 98.648070812
80.8 98.5260649594
80.6 98.4054413664
80.4 98.285029912
80.2 98.1643720802
80 98.043461889
79.8 97.9217893259
79.6 97.7999286472
79.4 97.6778233768
79.2 97.5555259819
79 97.434151784
78.8 97.312558964
78.6 97.1908880474
78.4 97.0689730838
78.2 96.9467836934
78 96.824485391
77.8 96.7013334926
77.6 96.5779431638
77.4 96.4550526556
77.2 96.3331398072
77 96.210998684
76.8 96.0878630456
76.6 95.9646853536
76.4 95.8413243296
76.2 95.7177357676
76 95.594069958
75.8 95.4698300297
75.6 95.3466841844
75.4 95.2233616708
75.2 95.0998083779
75 94.976004593
74.8 94.8515722858
74.6 94.7269240914
74.4 94.6020453926
74.2 94.4772930392
74 94.353821099
73.8 94.2292241934
73.6 94.1045066776
73.4 93.9796200269
73.2 93.8546816828
73 93.72960189
72.8 93.6035934508
72.6 93.4776136166
72.4 93.3527576614
72.2 93.2277403538
72 93.102466077
71.8 92.9762683987
71.6 92.8502396434
71.4 92.723977953
71.2 92.5974960694
71 92.471248429
70.8 92.345145317
70.6 92.2188258108
70.4 92.0923045571
70.2 91.9656797652
70 91.83910507
69.8 91.7116354348
69.6 91.5838681462
69.4 91.4564375301
69.2 91.3298388542
69 91.203007787
68.8 91.0750446494
68.6 90.9471989181
68.4 90.819461624
68.2 90.6914923906
68 90.563341737
67.8 90.4349073315
67.6 90.3068526236
67.4 90.1786287784
67.2 90.0502169377
67 89.921849132
66.8 89.79282378
66.6 89.6635218922
66.4 89.5340038255
66.2 89.4053240988
66 89.276825562
65.8 89.147121742
65.6 89.0172338616
65.4 88.887789372
65.2 88.7582325396
65 88.628433198
64.8 88.4976732706
64.6 88.3677920804
64.4 88.2377564488
64.2 88.1075455011
64 87.977114899
63.8 87.8463684286
63.6 87.7153852702
63.4 87.5841733723
63.2 87.4532188858
63 87.322931185
62.8 87.1913498434
62.6 87.0595215669
62.4 86.928045575
62.2 86.7968084036
62 86.665263206
61.8 86.5327338275
61.6 86.4006671822
61.4 86.2687143026
61.2 86.1366010726
61 86.004115731
60.8 85.8714866465
60.6 85.7386761902
60.4 85.6056552766
60.2 85.4726741828
60 85.340418309
59.8 85.2068391978
59.6 85.0729692456
59.4 84.9394695985
59.2 84.8064186034
59 84.673026949
58.8 84.5385734138
58.6 84.4044284298
58.4 84.2703847024
58.2 84.1361905814
58 84.001678467
57.8 83.86710995
57.6 83.7323670862
57.4 83.5974009168
57.2 83.4624990768
57 83.32816118
56.8 83.1923616288
56.6 83.0562781604
56.4 82.9208573804
56.2 82.7858520092
56 82.650559694
55.8 82.5140531142
55.6 82.377897826
55.4 82.2416380408
55.2 82.1052108805
55 81.968822768
54.8 81.832168124
54.6 81.6953378618
54.4 81.5583085254
54.2 81.4215238544
54 81.284924924
53.8 81.1467184904
53.6 81.008279021
53.4 80.871225009
53.2 80.7340869604
53 80.59669283
52.8 80.4581172121
52.6 80.319679791
52.4 80.1810398074
52.2 80.0422241385
52 79.904335253
51.8 79.7654311642
51.6 79.6263682482
51.4 79.4871580341
51.2 79.3482379256
51 79.209178716
50.8 79.0683634104
50.6 78.9283749854
50.4 78.7891414732
50.2 78.6497066138
50 78.510049641
49.8 78.3693014144
49.6 78.2282697798
49.4 78.0870260846
49.2 77.9463629334
49 77.806711659
48.8 77.6654065814
48.6 77.5239640911
48.4 77.3825699322
48.2 77.2410394374
48 77.099356443
47.8 76.9564076358
47.6 76.8148297246
47.4 76.673097187
47.2 76.5311753207
47 76.389339343
46.8 76.2457483086
46.6 76.101872504
46.4 75.9584809555
46.2 75.8165432634
46 75.674398273
45.8 75.5304452223
45.6 75.3864769782
45.4 75.2423242806
45.2 75.0979581523
45 74.954192795
44.8 74.810013123
44.6 74.6657820286
44.4 74.5213862699
44.2 74.3768305118
44 74.232186615
43.8 74.085412395
43.6 73.9395465653
43.4 73.795027664
43.2 73.6503297326
43 73.505418539
42.8 73.3586038368
42.6 73.2115334628
42.4 73.0642316427
42.2 72.9182664126
42 72.773340315
41.8 72.6262869062
41.6 72.4791804709
41.4 72.3316942392
41.2 72.1840114234
41 72.036297977
40.8 71.8883457639
40.6 71.7409805056
40.4 71.5934158872
40.2 71.445611887
40 71.297685683
39.8 71.147517955
39.6 70.9972375825
39.4 70.8494403392
39.2 70.7014813784
39 70.55330354
38.8 70.4028854025
38.6 70.2523697318
38.4 70.1016892835
38.2 69.9517063758
38 69.803373963
37.8 69.6525449574
37.6 69.5016324418
37.4 69.3507200524
37.2 69.1996576132
37 69.048538834
36.8 68.8966094557
36.6 68.7453378562
36.4 68.5938962852
36.2 68.4424057008
36 68.291017696
35.8 68.1371265024
35.6 67.9833389869
35.4 67.8315659094
35.2 67.679654628
35 67.527525216
34.8 67.3732321414
34.6 67.2188895582
34.4 67.0644077891
34.2 66.9111653118
34 66.758787587
33.8 66.6036034734
33.6 66.4485391201
33.4 66.2937875924
33.2 66.1389200254
33 65.984194459
32.8 65.8286155342
32.6 65.6728764292
32.4 65.5170113392
32.2 65.3617371376
32 65.206464648
31.8 65.0483296872
31.6 64.8915025522
31.4 64.7352039904
31.2 64.5787901283
31 64.422672786
30.8 64.2640831068
30.6 64.1053747536
30.4 63.947258504
30.2 63.7903908846
30 63.633404851
29.8 63.4734185492
29.6 63.3143155246
29.4 63.1551443038
29.2 62.9959507003
29 62.838554502
28.8 62.67785027
28.6 62.5170218888
28.4 62.3572919202
28.2 62.1976530014
28 62.037940711
27.8 61.8762914275
27.6 61.7149021326
27.4 61.55342862
27.2 61.3928893448
27 61.232796788
26.8 61.0692391872
26.6 60.9065702742
26.4 60.7445387722
26.2 60.5824544325
26 60.421127148
25.8 60.256974496
25.6 60.0928209188
25.4 59.9293267293
25.2 59.7666810986
25 59.604004085
24.8 59.438130187
24.6 59.2734200356
24.4 59.1087587768
24.2 58.9446086776
24 58.78136988
23.8 58.614132872
23.6 58.4474842216
23.4 58.282234475
23.2 58.1170452863
23 57.952261962
22.8 57.7842816908
22.6 57.6163109188
22.4 57.4490223376
22.2 57.283319491
22 57.117725223
21.8 56.9481139523
21.6 56.779471943
21.4 56.610834964
21.2 56.4430357074
21 56.276937753
20.8 56.106256825
20.6 55.936170923
20.4 55.7669023276
20.2 55.5976712165
20 55.429601148
19.8 55.2582241448
19.6 55.087012732
19.4 54.9165097964
19.2 54.7467076596
19 54.576996714
18.8 54.4037112783
18.6 54.231783551
18.4 54.0601389976
18.2 53.8893929362
18 53.719052941
17.8 53.5451784906
17.6 53.3735290658
17.4 53.202957922
17.2 53.0327748806
17 52.863488823
16.8 52.687209731
16.6 52.5112396386
16.4 52.3383127694
16.2 52.1659865388
16 51.99419476
15.8 51.8168038872
15.6 51.6399381278
15.4 51.4640601759
15.2 51.2909887314
15 51.118465185
14.8 50.935010248
14.6 50.7524518136
14.4 50.5703797157
14.2 50.3907721814
14 50.212896943
13.8 50.0272056038
13.6 49.8425868556
13.4 49.6588275584
13.2 49.4760437016
13 49.295948341
12.8 49.072288957
12.6 48.8498219944
12.4 48.6285549772
12.2 48.4090232996
12 48.191480726
11.8 48.0371503496
11.6 47.8837515902
11.4 47.7312996446
11.2 47.5792734988
11 47.427514993
10.8 47.2337878394
10.6 47.0409894266
10.4 46.8507290398
10.2 46.6618589596
10 46.474275826
9.8 46.248681974
9.6 46.0241613188
9.4 45.8028859006
9.2 45.5831982767
9 45.365964264
8.8 45.1958692728
8.6 45.0259715085
8.4 44.861197073
8.2 44.6972607432
8 44.532880336
7.8 44.3293299972
7.6 44.1283985968
7.4 43.9299061315
7.2 43.7343647482
7 43.540757477
6.8 43.3123351794
6.6 43.0868713803
6.4 42.8644930532
6.2 42.6445706338
6 42.428954832
5.8 42.2211428152
5.6 42.016564626
5.4 41.8178556682
5.2 41.6206552748
5 41.427585058
4.8 41.2115067588
4.6 40.9974637913
4.4 40.7920266434
4.2 40.5884800541
4 40.38824442
3.8 40.163709384
3.6 39.9415135945
3.4 39.729049012
3.2 39.5199074959
3 39.314043254
2.8 39.0744661748
2.6 38.8416521257
2.4 38.6161140924
2.2 38.3966561224
2 38.18161118
1.8 37.9153776213
1.6 37.6597909812
1.4 37.4127896233
1.2 37.1748488636
1 36.945964526
0.8 36.5938321972
0.6 36.2560743888
0.4 35.9279442638
0.2 35.6112515475
0 35.309480608
