200 153.160774976
199.8 153.09516831
199.6 153.02954854
199.4 152.963775053
199.2 152.897845385
199 152.831881896
198.8 152.765545705
198.6 152.699128163
198.4 152.632617903
198.2 152.566039784
198 152.499459204
197.8 152.433112478
197.6 152.36670498
197.4 152.300256976
197.2 152.233784246
197 152.167298079
196.8 152.100703549
196.6 152.034088778
196.4 151.967217669
196.2 151.90007903
196 151.832892954
195.8 151.765534604
195.6 151.698080551
195.4 151.630531442
195.2 151.562921502
195 151.495355412
194.8 151.427930054
194.6 151.360477686
194.4 151.292962778
194.2 151.225364816
194 151.157678306
193.8 151.089765036
193.6 151.021852872
193.4 150.953808225
193.2 150.885627574
193 150.817427665
192.8 150.749016648
192.6 150.680508661
192.4 150.611922491
192.2 150.543279753
192 150.47482761
191.8 150.406490331
191.6 150.338088951
191.4 150.269587818
191.2 150.200982678
191 150.132300675
190.8 150.063428605
190.6 149.994521927
190.4 149.925519579
190.2 149.85640139
190 149.787237614
189.8 149.717764348
189.6 149.648137712
189.4 149.578371179
189.2 149.508509781
189 149.439161725
188.8 149.369757165
188.6 149.300310543
188.4 149.230733815
188.2 149.160992044
188 149.091103405
187.8 149.021133369
187.6 148.951162169
187.4 148.881080107
187.2 148.810874355
187 148.740631878
186.8 148.670160735
186.6 148.599580586
186.4 148.528932587
186.2 148.45859452
186 148.388431668
185.8 148.317941248
185.6 148.247424328
185.4 148.176818651
185.2 148.106101912
185 148.035291761
184.8 147.964142051
184.6 147.893025486
184.4 147.821894708
184.2 147.750742608
184 147.67955783
183.8 147.60801788
183.6 147.536292625
183.4 147.46473771
183.2 147.393402072
183 147.322008714
182.8 147.250531193
182.6 147.17900263
182.4 147.107374501
182.2 147.035630742
182 146.963823605
181.8 146.891707919
181.6 146.819506627
181.4 146.747203195
181.2 146.674814916
181 146.602392912
180.8 146.529869485
180.6 146.457633564
180.4 146.385586621
180.2 146.31344102
180 146.241132408
179.8 146.168436724
179.6 146.095703024
179.4 146.022877795
179.2 145.949993435
179 145.877068013
178.8 145.804127639
178.6 145.731115687
178.4 145.658012855
178.2 145.584828759
178 145.511601925
177.8 145.438359651
177.6 145.365137488
177.4 145.291860574
177.2 145.218511629
177 145.1450454
176.8 145.071350956
176.6 144.997631011
176.4 144.923901471
176.2 144.850065273
176 144.776174933
175.8 144.702054888
175.6 144.627823549
175.4 144.553525
175.2 144.479358083
175 144.405599847
174.8 144.331726125
174.6 144.257797891
174.4 144.183737272
174.2 144.109499729
174 144.035074055
173.8 143.960453809
173.6 143.885860059
173.4 143.811164981
173.2 143.736363638
173 143.661508024
172.8 143.586406886
172.6 143.51118323
172.4 143.43639199
172.2 143.361649564
172 143.286819711
171.8 143.211708262
171.6 143.136525797
171.4 143.061263811
171.2 142.985939712
171 142.910633773
170.8 142.83511644
170.6 142.759533787
170.4 142.683864325
170.2 142.608118391
170 142.532338142
169.8 142.456579368
169.6 142.380963427
169.4 142.305289251
169.2 142.229548174
169 142.153698236
168.8 142.077415282
168.6 142.001083543
168.4 141.924943873
168.2 141.848797953
168 141.772634268
167.8 141.69616847
167.6 141.619523984
167.4 141.542734555
167.2 141.46609953
167 141.389751256
166.8 141.313266826
166.6 141.236711353
166.4 141.160084259
166.2 141.083368122
166 141.006528676
165.8 140.929477896
165.6 140.85242632
165.4 140.775373926
165.2 140.698323077
165 140.621260256
164.8 140.543850416
164.6 140.466428799
164.4 140.389198773
164.2 140.311934447
164 140.234593272
163.8 140.157136154
163.6 140.079636103
163.4 140.002080306
163.2 139.924618673
163 139.847054005
162.8 139.769082689
162.6 139.691010183
162.4 139.612860376
162.2 139.534657402
162 139.45675879
161.8 139.378924607
161.6 139.301081488
161.4 139.223180071
161.2 139.145151889
161 139.066909373
160.8 138.988357537
160.6 138.909965081
160.4 138.831498474
160.2 138.752941173
160 138.674309343
159.8 138.595417041
159.6 138.516404537
159.4 138.437782509
159.2 138.359271515
159 138.280734509
158.8 138.201834673
158.6 138.122875023
158.4 138.043865986
158.2 137.964903023
158 137.885971449
157.8 137.806975715
157.6 137.727819598
157.4 137.648520106
157.2 137.569104939
157 137.489681805
156.8 137.410420911
156.6 137.331061488
156.4 137.25164147
156.2 137.172163719
156 137.092596024
155.8 137.012704892
155.6 136.933022334
155.4 136.853325956
155.2 136.773550451
155 136.693683684
154.8 136.613579428
154.6 136.533331278
154.4 136.453336123
154.2 136.373535857
154 136.293675616
153.8 136.213415542
153.6 136.133158874
153.4 136.05287406
153.2 135.972611621
153 135.892415904
152.8 135.811779814
152.6 135.731155073
152.4 135.650529015
152.2 135.569903974
152 135.489359114
151.8 135.408807136
151.6 135.328051642
151.4 135.247208131
151.2 135.16631077
151 135.085312396
150.8 135.004201681
150.6 134.923359732
150.4 134.842485534
150.2 134.761547941
150 134.680524379
149.8 134.599053222
149.6 134.51760029
149.4 134.436544069
149.2 134.355569989
149 134.274532288
148.8 134.193031615
148.6 134.111391646
148.4 134.029681084
148.2 133.948122969
148 133.866592467
147.8 133.784978437
147.6 133.703289789
147.4 133.6215446
147.2 133.539751934
147 133.458163753
146.8 133.376303414
146.6 133.294329339
146.4 133.21230424
146.2 133.130231011
146 133.048052728
145.8 132.965724508
145.6 132.883636786
145.4 132.801556408
145.2 132.719488024
145 132.637444854
144.8 132.555082584
144.6 132.472602087
144.4 132.390281505
144.2 132.307931596
144 132.225518137
143.8 132.14275096
143.6 132.059928172
143.4 131.977179184
143.2 131.894663656
143 131.812052757
142.8 131.729148179
142.6 131.646162403
142.4 131.563113189
142.2 131.480140009
142 131.397523381
141.8 131.314556463
141.6 131.231497997
141.4 131.148404122
141.2 131.065261917
141 130.982087456
140.8 130.898999308
140.6 130.815783787
140.4 130.732457456
140.2 130.649017763
140 130.565443039
139.8 130.481851053
139.6 130.398520339
139.4 130.31515317
139.2 130.231749159
139 130.148246497
138.8 130.064395351
138.6 129.980617636
138.4 129.897125035
138.2 129.813501423
138 129.729681045
137.8 129.645727044
137.6 129.561698747
137.4 129.477732184
137.2 129.394043279
137 129.310273021
136.8 129.226080054
136.6 129.141912085
136.4 129.057747703
136.2 128.973682337
136 128.889819294
135.8 128.80542702
135.6 128.720962024
135.4 128.636450142
135.2 128.551903261
135 128.467493411
134.8 128.383201277
134.6 128.298814279
134.4 128.214385975
134.2 128.12987954
134 128.045167774
133.8 127.960251954
133.6 127.875585693
133.4 127.790885777
133.2 127.706138385
133 127.621321023
132.8 127.536379182
132.6 127.451581039
132.4 127.36691699
132.2 127.282195717
132 127.197329551
131.8 127.111945158
131.6 127.026520403
131.4 126.941442452
131.2 126.856492999
131 126.771479413
130.8 126.686107907
130.6 126.600670695
130.4 126.515192952
130.2 126.430008203
130 126.344855711
129.8 126.259409842
129.6 126.173990858
129.4 126.088581383
129.2 126.003110588
129 125.917920463
128.8 125.832336746
128.6 125.746709198
128.4 125.661045802
128.2 125.57534416
128 125.489633841
127.8 125.403858974
127.6 125.318013778
127.4 125.232123297
127.2 125.146193188
127 125.060209721
126.8 124.973987928
126.6 124.888177517
126.4 124.802336097
126.2 124.71645112
126 124.630513072
125.8 124.544010425
125.6 124.457730933
125.4 124.371665533
125.2 124.285600108
125 124.199481159
124.8 124.112772161
124.6 124.025963983
124.4 123.939603661
124.2 123.853476899
124 123.767411917
123.8 123.680985254
123.6 123.594442218
123.4 123.507785086
123.2 123.421259797
123 123.334754795
122.8 123.247995537
122.6 123.161198372
122.4 123.074362975
122.2 122.987550225
122 122.901156478
121.8 122.814275931
121.6 122.727377999
121.4 122.640435523
121.2 122.553451738
121 122.466574647
120.8 122.379648049
120.6 122.292662931
120.4 122.205638057
120.2 122.118552339
120 122.031344831
119.8 121.944029451
119.6 121.856958088
119.4 121.769867006
119.2 121.682746786
119 121.59558627
118.8 121.508021075
118.6 121.420629985
118.4 121.333228281
118.2 121.245798129
118 121.158327967
117.8 121.070607835
117.6 120.983018868
117.4 120.896020186
117.2 120.808930451
117 120.72170791
116.8 120.633961171
116.6 120.546198535
116.4 120.458501886
116.2 120.370877174
116 120.28322272
115.8 120.195118341
115.6 120.106969947
115.4 120.018792162
115.2 119.93121019
115 119.843774676
114.8 119.755866646
114.6 119.667951679
114.4 119.580009007
114.2 119.49205465
114 119.404256441
113.8 119.315982159
113.6 119.227674246
113.4 119.13933813
113.2 119.050972568
113 118.962912802
112.8 118.874668301
112.6 118.786409336
112.4 118.698132956
112.2 118.609831643
112 118.521493316
111.8 118.433043842
111.6 118.344610798
111.4 118.256132734
111.2 118.167600214
111 118.07901448
110.8 117.990069057
110.6 117.901865599
110.4 117.813651675
110.2 117.725422788
110 117.63716495
109.8 117.548237109
109.6 117.459361646
109.4 117.370519592
109.2 117.281642306
109 117.192745328
108.8 117.103540302
108.6 117.014311462
108.4 116.92583256
108.2 116.837487883
108 116.749107689
107.8 116.660039777
107.6 116.570971864
107.4 116.481901077
107.2 116.392874617
107 116.303836167
106.8 116.214285696
106.6 116.124720705
106.4 116.035128939
106.2 115.946080256
106 115.857380599
105.8 115.768187851
105.6 115.678999394
105.4 115.589792663
105.2 115.500559845
105 115.411365926
104.8 115.321684384
104.6 115.231967366
104.4 115.142223448
104.2 115.052460675
104 114.963090427
103.8 114.873769261
103.6 114.784448099
103.4 114.695119524
103.2 114.60577631
103 114.516411424
102.8 114.426564601
102.6 114.336712721
102.4 114.246838832
102.2 114.156939018
102 114.067017496
101.8 113.976812665
101.6 113.887372987
101.4 113.797937486
101.2 113.70849306
101 113.619024128
100.8 113.529015273
100.6 113.438962966
100.4 113.34877037
100.2 113.258459258
100 113.16814816
99.8 113.077481746
99.6 112.986997464
99.4 112.897422137
99.2 112.807840693
99 112.718231499
98.8 112.627886617
98.6 112.53752257
98.4 112.447185639
98.2 112.35686762
98 112.266534969
97.8 112.175876627
97.6 112.085211641
97.4 111.994599942
97.2 111.904894608
97 111.815178573
96.8 111.724692237
96.6 111.634190237
96.4 111.543679106
96.2 111.453205739
96 111.362764001
95.8 111.271771598
95.6 111.180783147
95.4 111.089795608
95.2 110.998816345
95 110.908743799
94.8 110.818101978
94.6 110.727456295
94.4 110.636806303
94.2 110.546145037
94 110.455526955
93.8 110.364426328
93.6 110.273325705
93.4 110.182225084
93.2 110.091124463
93 110.000023842
92.8 109.90924667
92.6 109.818456891
92.4 109.727660677
92.2 109.636859739
92 109.546051085
91.8 109.454727563
91.6 109.363429296
91.4 109.272044328
91.2 109.180575252
91 109.089067578
90.8 108.997222611
90.6 108.906284506
90.4 108.815335417
90.2 108.724377942
90 108.633420467
89.8 108.541845369
89.6 108.45037282
89.4 108.358908019
89.2 108.267354924
89 108.175739914
88.8 108.083642989
88.6 107.991731265
88.4 107.900661357
88.2 107.809584236
88 107.718494773
87.8 107.626619935
87.6 107.534702735
87.4 107.442971518
87.2 107.351364285
87 107.259743243
86.8 107.167646557
86.6 107.075460267
86.4 106.983376682
86.2 106.891945234
86 106.800497338
85.8 106.708589563
85.6 106.616726804
85.4 106.524835769
85.2 106.43304055
85 106.341236979
84.8 106.248798019
84.6 106.156385344
84.4 106.063980533
84.2 105.971824634
84 105.880231827
83.8 105.788016957
83.6 105.695786369
83.4 105.603559649
83.2 105.511345186
83 105.419485241
82.8 105.32701599
82.6 105.234569752
82.4 105.142143649
82.2 105.049726097
82 104.957593866
81.8 104.865183272
81.6 104.772777492
81.4 104.68037284
81.2 104.587972173
81 104.495602736
80.8 104.402739711
80.6 104.309964284
80.4 104.217283511
80.2 104.124689769
80 104.032160759
79.8 103.939299094
79.6 103.846548828
79.4 103.753765982
79.2 103.660985494
79 103.5682199
78.8 103.475095416
78.6 103.382329252
78.4 103.289580137
78.2 103.196851152
78 103.104157537
77.8 103.010534164
77.6 102.917517548
77.4 102.824582791
77.2 102.731687182
77 102.638920337
76.8 102.545545584
76.6 102.452418271
76.4 102.359515546
76.2 102.266569876
76 102.173545837
75.8 102.07978692
75.6 101.986167421
75.4 101.893069016
75.2 101.79997744
75 101.706898779
74.8 101.613089889
74.6 101.519291678
74.4 101.425957731
74.2 101.332774478
74 101.239639014
73.8 101.145746631
73.6 101.051911074
73.4 100.958348567
73.2 100.865099812
73 100.771861583
72.8 100.677878219
72.6 100.583917546
72.4 100.49002618
72.2 100.396702141
72 100.303416103
71.8 100.209386867
71.6 100.115390462
71.4 100.021422844
71.2 99.927835855
71 99.834348351
70.8 99.7401413974
70.6 99.645935267
70.4 99.5517305179
70.2 99.4578427566
70 99.364356607
69.8 99.2700774374
69.6 99.1758449022
69.4 99.0816596214
69.2 98.9875705285
69 98.893876538
68.8 98.799375138
68.6 98.7049070596
68.4 98.6104551372
68.2 98.5160180883
68 98.422223598
67.8 98.3277475892
67.6 98.233318108
67.4 98.1389345344
67.2 98.0445920867
67 97.950483486
66.8 97.8557310436
66.6 97.761021668
66.4 97.6663313332
66.2 97.5716568238
66 97.477208093
65.8 97.3825302634
65.6 97.2878840568
65.4 97.1932879984
65.2 97.0987370012
65 97.004202366
64.8 96.9091670363
64.6 96.8141955586
64.4 96.7192531466
64.2 96.624330723
64 96.529429615
63.8 96.4342862845
63.6 96.3394225806
63.4 96.2446069298
63.2 96.1498439428
63 96.055114806
62.8 95.9596205294
62.6 95.864359093
62.4 95.7691403958
62.2 95.6739505712
62 95.578780264
61.8 95.4829291449
61.6 95.387849955
61.4 95.2928212402
61.2 95.1978489216
61 95.102921396
60.8 95.0070801704
60.6 94.9115269036
60.4 94.8160495072
60.2 94.720611721
60 94.625177413
59.8 94.528882557
59.6 94.4332734946
59.4 94.3380003274
59.2 94.2427888154
59 94.147631109
58.8 94.0515812042
58.6 93.9556398565
58.4 93.8598671506
58.2 93.7641489622
58 93.668437243
57.8 93.5718545678
57.6 93.4755677908
57.4 93.3800732422
57.2 93.2846342388
57 93.189264566
56.8 93.0929319444
56.6 92.996621233
56.4 92.9005591416
56.2 92.8045748054
56 92.708586127
55.8 92.6116723118
55.6 92.5148132502
55.4 92.4189026172
55.2 92.3232024376
55 92.227555484
54.8 92.1309848008
54.6 92.0344079449
54.4 91.9380110844
54.2 91.8417549494
54 91.745482087
53.8 91.6482709646
53.6 91.5511539696
53.4 91.4545975069
53.2 91.358649352
53 91.262765124
52.8 91.165889612
52.6 91.0690032184
52.4 90.972273048
52.2 90.8757832646
52 90.779304683
51.8 90.6818089846
51.6 90.5843946102
51.4 90.4871770236
51.2 90.3909034758
51 90.294691607
50.8 90.197515067
50.6 90.100345367
50.4 90.0032687666
50.2 89.9065122604
50 89.80977881
49.8 89.7119796756
49.6 89.6142848074
49.4 89.5166789206
49.2 89.4199432284
49 89.323426694
48.8 89.2258813324
48.6 89.1283644558
48.4 89.0309530736
48.2 88.93386395
48 88.836917102
47.8 88.7388244268
47.6 88.640868437
47.4 88.5430159675
47.2 88.4457377602
47 88.348902673
46.8 88.2510002794
46.6 88.1531399074
46.4 88.0553802624
46.2 87.9578979884
46 87.86070931
45.8 87.7623032332
45.6 87.6640480396
45.4 87.5659140282
45.2 87.4681414508
45 87.370980278
44.8 87.272719386
44.6 87.174537253
44.4 87.076455259
44.2 86.9785885093
44 86.881197691
43.8 86.7825033782
43.6 86.6839558542
43.4 86.5855487346
43.2 86.4873455147
43 86.389869452
42.8 86.29121722
42.6 86.1926953614
42.4 86.0942635178
42.2 85.9959648397
42 85.898359634
41.8 85.7993570996
41.6 85.7005383374
41.4 85.6018855338
41.2 85.5033500271
41 85.405550413
40.8 85.3065177906
40.6 85.2076430384
40.4 85.1088622332
40.2 85.0101990429
40 84.912299521
39.8 84.8129709138
39.6 84.7138578356
39.4 84.6149235964
39.2 84.5161276112
39 84.417977184
38.8 84.318532556
38.6 84.2193265378
38.4 84.1201961458
38.2 84.0211742098
38 83.923039578
37.8 83.8234400676
37.6 83.7240579012
37.4 83.6248702944
37.2 83.5258434044
37 83.427361779
36.8 83.3275420054
36.6 83.2280234396
36.4 83.1286093412
36.2 83.0293097173
36 82.930880129
35.8 82.8309708114
35.6 82.7313027142
35.4 82.631859261
35.2 82.5326056241
35 82.43383842
34.8 82.3336791736
34.6 82.2338415026
34.4 82.134139997
34.2 82.0345682238
34 81.935848936
33.8 81.8357083288
33.6 81.735789478
33.4 81.6361187224
33.2 81.5366752638
33 81.437680554
32.8 81.3371851348
32.6 81.2370277526
32.4 81.1370350242
32.2 81.0371900017
32 80.938210271
31.8 80.8378737854
31.6 80.737724084
31.4 80.6378527764
31.2 80.5382530717
31 80.43907053
30.8 80.3382925764
30.6 80.2378619016
30.4 80.1376376032
30.2 80.0375821736
30 79.938376006
29.8 79.8378262636
29.6 79.7374424938
29.4 79.6373824954
29.2 79.5376568567
29 79.438349169
28.8 79.337296029
28.6 79.2365955888
28.4 79.1361513616
28.2 79.0359021122
28 78.93650382
27.8 78.8358137352
27.6 78.7352448642
27.4 78.6350322246
27.2 78.5352009689
27 78.43576394
26.8 78.3344700184
26.6 78.2335348962
26.4 78.1329099238
26.2 78.0325054491
26 77.93295145
25.8 77.8321274996
25.6 77.7313742874
25.4 77.6310274478
25.2 77.5311357058
25 77.431646436
24.8 77.3301549848
24.6 77.2290188908
24.4 77.12826314
24.2 77.0277631383
24 76.928107254
23.8 76.8272303092
23.6 76.7263463138
23.4 76.6259034394
23.2 76.5259805478
23 76.426499709
22.8 76.3248560994
22.6 76.2236282406
22.4 76.1228497862
22.2 76.0223737974
22 75.922736518
21.8 75.8216449964
21.6 75.7206421434
21.4 75.620087069
21.2 75.5200594276
21 75.420690246
20.8 75.3189492836
20.6 75.2176970956
20.4 75.1169520136
20.2 75.0165559143
20 74.917004958
19.8 74.8156742124
19.6 74.7145672974
19.4 74.6139029202
19.2 74.513783187
19 74.414672405
18.8 74.3128422202
18.6 74.2115874948
18.4 74.1108834984
18.2 74.0105853813
18 73.911218911
17.8 73.8096085246
17.6 73.7084355886
17.4 73.607704067
17.2 73.507510624
17 73.408686362
16.8 73.3067217396
16.6 73.2054500878
16.4 73.1048011898
16.2 73.0046143895
16 72.905365087
15.8 72.803356631
15.6 72.7020129738
15.4 72.6010842918
15.2 72.5006768076
15 72.402099833
14.8 72.2996591298
14.6 72.1980613828
14.4 72.0971800924
14.2 71.9968534573
14 71.897439219
13.8 71.7953482342
13.6 71.6942197916
13.4 71.5934444424
13.2 71.4932125881
13 71.39525111
12.8 71.2935906556
12.6 71.1929648994
12.4 71.0931682466
12.2 70.9940140403
12 70.895742647
11.8 70.7933176622
11.6 70.6920525494
11.4 70.5912329914
11.2 70.490992999
11 70.393004723
10.8 70.289814879
10.6 70.1875588774
10.4 70.0862890778
10.2 69.9859029981
10 69.886375822
9.8 69.78212107
9.6 69.6790475488
9.4 69.5766004204
9.2 69.474981946
9 69.375149354
8.8 69.2702886788
8.6 69.1660919666
8.4 69.0630963137
8.2 68.961506135
8 68.860665187
7.8 68.7548063726
7.6 68.6501296878
7.4 68.5463232534
7.2 68.4435558036
7 68.341807514
6.8 68.2354996028
6.6 68.1292443158
6.4 68.0244861374
6.2 67.9224087688
6 67.820635572
5.8 67.7134328872
5.6 67.6076125682
5.4 67.502856954
5.2 67.399225271
5 67.296531111
4.8 67.1887254774
4.6 67.0815593364
4.4 66.975946552
4.2 66.8730744244
4 66.771493942
3.8 66.6626708332
3.6 66.5564915062
3.4 66.451904674
3.2 66.348565066
3 66.246761978
2.8 66.1385811212
2.6 66.0323055238
2.4 65.9276681686
2.2 65.8248978376
2 65.72516638
1.8 65.6161228536
1.6 65.5100187207
1.4 65.4086090808
1.2 65.3090301036
1 65.210550606
0.8 65.1037287828
0.6 64.9999456436
0.4 64.8974803462
0.2 64.7977614406
0 64.701371491
