200 157.630440861
199.8 157.571042997
199.6 157.511574817
199.4 157.452169965
199.2 157.392677986
199 157.332984
198.8 157.273502022
198.6 157.213782239
198.4 157.153891349
198.2 157.093869972
198 157.033732653
197.8 156.973688982
197.6 156.913612274
197.4 156.853451413
197.2 156.793230951
197 156.732895851
196.8 156.6724787
196.6 156.611954171
196.4 156.551366395
196.2 156.490703832
196 156.429965153
195.8 156.369257823
195.6 156.30844788
195.4 156.247541487
195.2 156.186534029
195 156.12541011
194.8 156.064291674
194.6 156.002932345
194.4 155.941686377
194.2 155.880419597
194 155.819077805
193.8 155.75762569
193.6 155.696047681
193.4 155.634393257
193.2 155.572636509
193 155.510676146
192.8 155.44883106
192.6 155.386944276
192.4 155.324973899
192.2 155.262889397
192 155.200641155
191.8 155.138225651
191.6 155.07571677
191.4 155.013156242
191.2 154.950796489
191 154.88842573
190.8 154.825978272
190.6 154.763331717
190.4 154.700613427
190.2 154.637820351
190 154.574819028
189.8 154.511762247
189.6 154.448824437
189.4 154.385847488
189.2 154.322738013
189 154.259416267
188.8 154.195955524
188.6 154.132394868
188.4 154.068787688
188.2 154.005160302
188 153.941738829
187.8 153.878192386
187.6 153.814308369
187.4 153.750307387
187.2 153.686278772
187 153.622180581
186.8 153.558084345
186.6 153.493928077
186.4 153.429974658
186.2 153.365912238
186 153.301598832
185.8 153.237325367
185.6 153.172761482
185.4 153.108023256
185.2 153.043163519
185 152.978277387
184.8 152.913621205
184.6 152.848859167
184.4 152.784057364
184.2 152.719153178
184 152.653955281
183.8 152.588619054
183.6 152.523175554
183.4 152.457871288
183.2 152.392617127
183 152.327261433
182.8 152.261933347
182.6 152.19634735
182.4 152.130570668
182.2 152.064650938
182 151.998622684
181.8 151.932920074
181.6 151.86707317
181.4 151.80119195
181.2 151.735228723
181 151.668978125
180.8 151.602590543
180.6 151.536055941
180.4 151.469619034
180.2 151.403321415
180 151.336920649
179.8 151.270561355
179.6 151.203929889
179.4 151.137108892
179.2 151.070142084
179 151.003034264
178.8 150.936201212
178.6 150.869124609
178.4 150.801944926
178.2 150.734694266
178 150.66728574
177.8 150.59993571
177.6 150.532557979
177.4 150.465270514
177.2 150.397951164
177 150.330268934
176.8 150.262568608
176.6 150.194700688
176.4 150.126709241
176.2 150.058628277
176 149.99052149
175.8 149.922619676
175.6 149.854461569
175.4 149.7862095
175.2 149.717891252
175 149.649400055
174.8 149.580970705
174.6 149.512498287
174.4 149.444232085
174.2 149.375854206
174 149.307129681
173.8 149.238374245
173.6 149.169441515
173.4 149.100386697
173.2 149.031238016
173 148.962147046
172.8 148.893139402
172.6 148.823910916
172.4 148.754580161
172.2 148.685165882
172 148.615586996
171.8 148.545854926
171.6 148.47622349
171.4 148.406813796
171.2 148.337281931
171 148.267537594
170.8 148.197781849
170.6 148.127859915
170.4 148.05779444
170.2 147.987659691
170 147.917640664
169.8 147.847519429
169.6 147.777209603
169.4 147.706814176
169.2 147.636333609
169 147.565665841
168.8 147.494669466
168.6 147.424013332
168.4 147.353319819
168.2 147.282567585
168 147.211753547
167.8 147.14093405
167.6 147.069925189
167.4 146.998782056
167.2 146.927715892
167 146.856591508
166.8 146.785259172
166.6 146.713672822
166.4 146.641951012
166.2 146.570151277
166 146.49828144
165.8 146.42686529
165.6 146.355363339
165.4 146.283773688
165.2 146.212069666
165 146.14019984
164.8 146.068310058
164.6 145.996154884
164.4 145.923866703
164.2 145.851465407
164 145.779048577
163.8 145.706569174
163.6 145.634022546
163.4 145.561451733
163.2 145.488838863
163 145.416241094
162.8 145.343464574
162.6 145.270661974
162.4 145.197811913
162.2 145.12490558
162 145.051946729
161.8 144.979030416
161.6 144.905881551
161.4 144.832531578
161.2 144.759045542
161 144.685445368
160.8 144.611848652
160.6 144.538187063
160.4 144.464716111
160.2 144.391364395
160 144.317686021
159.8 144.243863761
159.6 144.169977218
159.4 144.096030885
159.2 144.022035494
159 143.948122662
158.8 143.874115368
158.6 143.799807173
158.4 143.725317514
158.2 143.650727165
158 143.576078236
157.8 143.501125101
157.6 143.426740405
157.4 143.352279541
157.2 143.277687526
157 143.202941954
156.8 143.128341329
156.6 143.053508121
156.4 142.978454987
156.2 142.903281984
156 142.828074023
155.8 142.752700838
155.6 142.67716859
155.4 142.601547963
155.2 142.525843445
155 142.450386982
154.8 142.374975188
154.6 142.299497205
154.4 142.223896026
154.2 142.148156303
154 142.072304338
153.8 141.996622741
153.6 141.920728831
153.4 141.844600065
153.2 141.768305969
153 141.691950679
152.8 141.615353036
152.6 141.538640827
152.4 141.462216957
152.2 141.386060664
152 141.309713528
151.8 141.233216986
151.6 141.156634641
151.4 141.079899573
151.2 141.003013517
151 140.926139355
150.8 140.849169862
150.6 140.772036952
150.4 140.694775724
150.2 140.617404229
150 140.539923459
149.8 140.462258467
149.6 140.38489049
149.4 140.307481545
149.2 140.230011904
149 140.152484596
148.8 140.074918044
148.6 139.997234239
148.4 139.919422233
148.2 139.841477463
148 139.763459906
147.8 139.685237596
147.6 139.606906021
147.4 139.528481348
147.2 139.450359693
147 139.372343197
146.8 139.293897512
146.6 139.215433383
146.4 139.136901676
146.2 139.058294744
146 138.979668969
145.8 138.900971644
145.6 138.822029609
145.4 138.742854473
145.2 138.663513243
145 138.58412832
144.8 138.504593569
144.6 138.425773363
144.4 138.34692424
144.2 138.267960608
144 138.188857198
143.8 138.109598232
143.6 138.030234671
143.4 137.950558665
143.2 137.870619077
143 137.790644079
142.8 137.710577828
142.6 137.63046158
142.4 137.550285943
142.2 137.470288448
142 137.390589751
141.8 137.310475821
141.6 137.230334806
141.4 137.150129038
141.2 137.069850373
141 136.98952559
140.8 136.909105171
140.6 136.828449506
140.4 136.747539238
140.2 136.666439444
140 136.585299641
139.8 136.503794687
139.6 136.42312542
139.4 136.342408888
139.2 136.2615641
139 136.180603623
138.8 136.09965632
138.6 136.018639073
138.4 135.937223136
138.2 135.855513304
138 135.77377817
137.8 135.691817683
137.6 135.609725284
137.4 135.527514317
137.2 135.445847747
137 135.364420265
136.8 135.28288787
136.6 135.201329565
136.4 135.119527143
136.2 135.037437854
136 134.955151517
135.8 134.872708575
135.6 134.790129602
135.4 134.707373953
135.2 134.624478459
135 134.541557431
134.8 134.458746208
134.6 134.376409325
134.4 134.29397032
134.2 134.211392081
134 134.128696263
133.8 134.04582411
133.6 133.962883786
133.4 133.879664226
133.2 133.796244371
133 133.71280849
132.8 133.629079771
132.6 133.545223307
132.4 133.461706809
132.2 133.378595376
132 133.295341522
131.8 133.211790997
131.6 133.128224862
131.4 133.044459838
131.2 132.960430066
131 132.876308486
130.8 132.791917846
130.6 132.707463289
130.4 132.622932714
130.2 132.53834743
130 132.454250202
129.8 132.37016792
129.6 132.286069894
129.4 132.201762843
129.2 132.11718207
129 132.032391459
128.8 131.947419194
128.6 131.862417662
128.4 131.777318871
128.2 131.692129684
128 131.606925726
127.8 131.521360075
127.6 131.436429061
127.4 131.351588087
127.2 131.266555059
127 131.181309104
126.8 131.095734072
126.6 131.010113271
126.4 130.924413169
126.2 130.838627845
126 130.752815634
125.8 130.666632658
125.6 130.580218851
125.4 130.493712595
125.2 130.408003676
125 130.322242111
124.8 130.236293333
124.6 130.150331217
124.4 130.064112373
124.2 129.977577108
124 129.890854001
123.8 129.804055488
123.6 129.717169875
123.4 129.630214906
123.2 129.543209118
123 129.456567083
122.8 129.369796295
122.6 129.282925463
122.4 129.195952982
122.2 129.108881736
122 129.021719098
121.8 128.934370586
121.6 128.846910351
121.4 128.759262115
121.2 128.671450657
121 128.583579153
120.8 128.49551848
120.6 128.408075175
120.4 128.320504496
120.2 128.232804733
120 128.144948751
119.8 128.056846196
119.6 127.96874619
119.4 127.880517653
119.2 127.792094189
119 127.703592986
118.8 127.614848751
118.6 127.525912591
118.4 127.437482216
118.2 127.349215722
118 127.260810316
117.8 127.172101486
117.6 127.083329105
117.4 126.994345112
117.2 126.90509122
117 126.8156555
116.8 126.726231534
116.6 126.636628842
116.4 126.546870259
116.2 126.457444814
116 126.368444785
115.8 126.279068347
115.6 126.189595466
115.4 126.099972552
115.2 126.010170411
115 125.92034255
114.8 125.830394432
114.6 125.740288109
114.4 125.650020832
114.2 125.559624181
114 125.469414575
113.8 125.379364952
113.6 125.289163398
113.4 125.198826688
113.2 125.108329362
113 125.017603725
112.8 124.92671245
112.6 124.835799804
112.4 124.744791075
112.2 124.653693956
112 124.562552303
111.8 124.471402312
111.6 124.380569289
111.4 124.28959029
111.2 124.198426056
111 124.106960297
110.8 124.015162862
110.6 123.923531068
110.4 123.831862315
110.2 123.740103209
110 123.648259103
109.8 123.556125367
109.6 123.463950065
109.4 123.372069913
109.2 123.280084634
109 123.187909186
108.8 123.095625031
108.6 123.003298713
108.4 122.910997358
108.2 122.818431437
108 122.725590706
107.8 122.63262403
107.6 122.539509663
107.4 122.446789455
107.2 122.354334664
107 122.261705488
106.8 122.168619078
106.6 122.075333077
106.4 121.981974296
106.2 121.888726634
106 121.795268685
105.8 121.701807362
105.6 121.607972461
105.4 121.513907752
105.2 121.420363804
105 121.326814666
104.8 121.232938984
104.6 121.138884014
104.4 121.044706227
104.2 120.950567984
104 120.85635215
103.8 120.762006128
103.6 120.667434013
103.4 120.572681904
103.2 120.477966784
103 120.383721597
102.8 120.289216889
102.6 120.194398206
102.4 120.099437332
102.2 120.004338027
102 119.90934445
101.8 119.814239768
101.6 119.718949306
101.4 119.623478568
101.2 119.527855911
101 119.43261417
100.8 119.337270467
100.6 119.241668069
100.4 119.145944679
100.2 119.050080223
100 118.95410201
99.8 118.85824793
99.6 118.762099022
99.4 118.665697062
99.2 118.569076641
99 118.472470026
98.8 118.376323565
98.6 118.279854244
98.4 118.183254933
98.2 118.086519865
98 117.989501387
97.8 117.892868298
97.6 117.796055931
97.4 117.699065506
97.2 117.601906216
97 117.50459522
96.8 117.407547169
96.6 117.310027871
96.4 117.212330827
96.2 117.114551473
96 117.016567707
95.8 116.918978104
95.6 116.821343824
95.4 116.723548317
95.2 116.625573247
95 116.527382225
94.8 116.429244647
94.6 116.330843767
94.4 116.232311323
94.2 116.133710169
94 116.034913063
93.8 115.936335281
93.6 115.837802667
93.4 115.739038545
93.2 115.640010297
93 115.540686309
92.8 115.441574037
92.6 115.342464831
92.4 115.243261721
92.2 115.143900495
92 115.044125825
91.8 114.94430681
91.6 114.844729665
91.4 114.745057839
91.2 114.645263755
91 114.545328677
90.8 114.445320686
90.6 114.345154414
90.4 114.244825867
90.2 114.144356722
90 114.043604344
89.8 113.94294559
89.6 113.842519978
89.4 113.741918829
89.2 113.641111487
89 113.540098876
88.8 113.439148519
88.6 113.338021618
88.4 113.236728993
88.2 113.135287207
88 113.03356716
87.8 112.932034563
87.6 112.830671871
87.4 112.729123497
87.2 112.627364015
87 112.525415421
86.8 112.423536758
86.6 112.32141707
86.4 112.219124168
86.2 112.116674817
86 112.013947785
85.8 111.911614744
85.6 111.809271458
85.4 111.706739593
85.2 111.604002232
85 111.501080602
84.8 111.398199853
84.6 111.29487378
84.4 111.191291076
84.2 111.087517531
84 110.983645983
83.8 110.880433966
83.6 110.777089864
83.4 110.673540819
83.2 110.569772918
83 110.465949725
82.8 110.362030139
82.6 110.257802284
82.4 110.153377902
82.2 110.048785828
82 109.944485664
81.8 109.840039218
81.6 109.735451705
81.4 109.630644298
81.2 109.525617336
81 109.420681983
80.8 109.315601474
80.6 109.210229749
80.4 109.104676062
80.2 108.998975305
80 108.894088283
79.8 108.788570681
79.6 108.682913113
79.4 108.577005998
79.2 108.47092808
79 108.364928037
78.8 108.258543497
78.6 108.151789385
78.4 108.044804517
78.2 107.938381422
78 107.832265288
77.8 107.725836188
77.6 107.619257849
77.4 107.512438096
77.2 107.405501807
77 107.29849425
76.8 107.190722185
76.6 107.082702428
76.4 106.97484001
76.2 106.867817595
76 106.760537192
75.8 106.652753123
75.6 106.544837022
75.4 106.436691228
75.2 106.328329962
75 106.21988216
74.8 106.11077078
74.6 106.001470056
74.4 105.893400239
74.2 105.785158145
74 105.676660359
73.8 105.567694199
73.6 105.458579697
73.4 105.349178334
73.2 105.239539206
73 105.129799545
72.8 105.019295635
72.6 104.909910361
72.4 104.800605598
72.2 104.691072994
72 104.581315666
71.8 104.471087764
71.6 104.360641469
71.4 104.249905986
71.2 104.138926446
71 104.02786392
70.8 103.917134115
70.6 103.806728396
70.4 103.696109075
70.2 103.58522036
70 103.4741154
69.8 103.362308603
69.6 103.250231314
69.4 103.137874985
69.2 103.025308792
69 102.913877979
68.8 102.802217689
68.6 102.690513813
68.4 102.578534846
68.2 102.466217547
68 102.353710815
67.8 102.240423998
67.6 102.126790774
67.4 102.012862219
67.2 101.900383726
67 101.787942246
66.8 101.674909702
66.6 101.561869103
66.4 101.448401284
66.2 101.334472161
66 101.22051993
65.8 101.10557695
65.6 100.990575226
65.4 100.877076234
65.2 100.763389439
65 100.649467677
64.8 100.535012478
64.6 100.420295891
64.4 100.305113146
64.2 100.189565163
64 100.073983341
63.8 99.9581345929
63.6 99.8433240654
63.4 99.7282845918
63.2 99.6129297384
63 99.497266438
62.8 99.3810287884
62.6 99.2645226478
62.4 99.1477267446
62.2 99.0307225711
62 98.914900236
61.8 98.7985266672
61.6 98.68208037
61.4 98.5653454043
61.2 98.4482528882
61 98.330992669
60.8 98.2130021514
60.6 98.0947284104
60.4 97.9765945339
60.2 97.8596689706
60 97.742494673
59.8 97.624418277
59.6 97.5062586015
59.4 97.3877755776
59.2 97.2689980986
59 97.150118709
58.8 97.0303470138
58.6 96.9116105739
58.4 96.7930880756
58.2 96.6743153872
58 96.555208236
57.8 96.4354376894
57.6 96.3155133694
57.4 96.195275423
57.2 96.0747730368
57 95.9547881
56.8 95.8348260664
56.6 95.7146868348
56.4 95.5942781208
56.2 95.4736162701
56 95.352851033
55.8 95.2313138722
55.6 95.10943473
55.4 94.9874862222
55.2 94.8668130634
55 94.745894849
54.8 94.623975265
54.6 94.5019196242
54.4 94.3798211968
54.2 94.2574404834
54 94.134873569
53.8 94.0113977017
53.6 93.8889682304
53.4 93.7664708796
53.2 93.6437303188
53 93.520621598
52.8 93.3970389239
52.6 93.2732578574
52.4 93.149166411
52.2 93.0248178843
52 92.901551954
51.8 92.7774734484
51.6 92.6531662882
51.4 92.5286344795
51.2 92.404106021
51 92.279380053
50.8 92.153821605
50.6 92.0278669335
50.4 91.902819325
50.2 91.7779095886
50 91.652660191
49.8 91.526307816
49.6 91.4002607086
49.4 91.274062863
49.2 91.1475745734
49 91.020875007
48.8 90.8942950199
48.6 90.7675823216
48.4 90.6406441156
48.2 90.513468149
48 90.386420459
47.8 90.2585198342
47.6 90.1302539468
47.4 90.0017317163
47.2 89.8743882896
47 89.746800184
46.8 89.6179942368
46.6 89.4890377114
46.4 89.3605006842
46.2 89.2316755654
46 89.102525711
45.8 88.9726713667
45.6 88.843363236
45.4 88.7138566256
45.2 88.5841264985
45 88.45419341
44.8 88.323822462
44.6 88.1931155386
44.4 88.0621168547
44.2 87.9315676182
44 87.801440895
43.8 87.6699178102
43.6 87.538109835
43.4 87.406755139
43.2 87.2754094242
43 87.143667221
42.8 87.0108924713
42.6 86.8786832692
42.4 86.7463876188
42.2 86.6138951771
42 86.481044333
41.8 86.3479315722
41.6 86.2144991338
41.4 86.0807677787
41.2 85.9472599016
41 85.814295784
40.8 85.6798172504
40.6 85.5450222214
40.4 85.4108038632
40.2 85.2767210784
40 85.1422005
39.8 85.0065421704
39.6 84.871321417
39.4 84.7359611478
39.2 84.6004299813
39 84.464771573
38.8 84.328682233
38.6 84.1922692242
38.4 84.0555691075
38.2 83.9192587014
38 83.783203363
37.8 83.6454090358
37.6 83.5073258584
37.4 83.3703952644
37.2 83.2332884904
37 83.09582448
36.8 82.9572220216
36.6 82.818769541
36.4 82.6801053818
36.2 82.541253446
36 82.403021328
35.8 82.2636532288
35.6 82.1239998638
35.4 81.9841917091
35.2 81.8449433446
35 81.705486715
34.8 81.5640103222
34.6 81.4232789836
34.4 81.2830971512
34.2 81.1426591162
34 81.001948953
33.8 80.8602652628
33.6 80.718180865
33.4 80.5758711644
33.2 80.4341759264
33 80.293100148
32.8 80.150132328
32.6 80.0069228689
32.4 79.8641187592
32.2 79.7211664438
32 79.577987611
31.8 79.4334314263
31.6 79.28978132
31.4 79.1459113716
31.2 79.0018067059
31 78.858244315
30.8 78.7123644862
30.6 78.5661883201
30.4 78.4209727952
30.2 78.2765244188
30 78.131795198
29.8 77.9849057315
29.6 77.8382479012
29.4 77.6913665208
29.2 77.5442920113
29 77.398520008
28.8 77.2509446416
28.6 77.1032454376
28.4 76.9554960318
28.2 76.8078752218
28 76.660121053
27.8 76.5095904882
27.6 76.3611699552
27.4 76.2127530576
27.2 76.0641501337
27 75.915645383
26.8 75.7645689766
26.6 75.6132401526
26.4 75.4624011576
26.2 75.3133258168
26 75.164059192
25.8 75.0119049313
25.6 74.8599273394
25.4 74.7077984454
25.2 74.5555046179
25 74.404752001
24.8 74.2518481466
24.6 74.0989060704
24.4 73.9459347207
24.2 73.7929813384
24 73.639926612
23.8 73.483741966
23.6 73.3300355566
23.4 73.1762598066
23.2 73.0223889245
23 72.868626654
22.8 72.7113591548
22.6 72.5539713819
22.4 72.3984850034
22.2 72.2439716338
22 72.089359581
21.8 71.9310985958
21.6 71.7728648248
21.4 71.6145623659
21.2 71.4570544176
21 71.3017416
20.8 71.1424683096
20.6 70.9832157778
20.4 70.8240494744
20.2 70.6648313882
20 70.505488217
19.8 70.3451724317
19.6 70.184934324
19.4 70.0247376146
19.2 69.8647425476
19 69.704765558
18.8 69.540173235
18.6 69.3780674198
18.4 69.216835171
18.2 69.0557030679
18 68.894846231
17.8 68.7290442054
17.6 68.5634182891
17.4 68.3998541926
17.2 68.237613881
17 68.075549901
16.8 67.9082702886
16.6 67.7414303366
16.4 67.5748324039
16.2 67.4101257976
16 67.246937364
15.8 67.077975124
15.6 66.90947171
15.4 66.7416266976
15.2 66.5740624171
15 66.408303693
14.8 66.2374468954
14.6 66.0666472326
14.4 65.8968261864
14.2 65.7277735946
14 65.558844805
13.8 65.3849897655
13.6 65.2123850706
13.4 65.0401017339
13.2 64.8692871272
13 64.699041992
12.8 64.520963652
12.6 64.3460794584
12.4 64.1719347748
12.2 63.9982501737
12 63.826619744
11.8 63.6461551192
11.6 63.4670225359
11.4 63.2907494394
11.2 63.1149619999
11 62.940650493
10.8 62.7575196322
10.6 62.5754941202
10.4 62.395689283
10.2 62.2175943434
10 62.040563673
9.8 61.8540757348
9.6 61.669153738
9.4 61.4853881529
9.2 61.3047311898
9 61.125100493
8.8 60.9343858781
8.6 60.7461472124
8.4 60.5591608078
8.2 60.374919277
8 60.192373037
7.8 59.9968656258
7.6 59.8047026306
7.4 59.6141229275
7.2 59.4259252552
7 59.239999056
6.8 59.0394843947
6.6 58.8421230518
6.4 58.6471943618
6.2 58.4546666397
6 58.264791176
5.8 58.058041844
5.6 57.8546208125
5.4 57.654309711
5.2 57.4567813063
5 57.26221323
4.8 57.0474497481
4.6 56.8366517036
4.4 56.6293117882
4.2 56.4257243498
4 56.225118965
3.8 55.9991095185
3.6 55.7788140892
3.4 55.5616875043
3.2 55.3505053762
3 55.141751021
2.8 54.9005557086
2.6 54.664432001
2.4 54.4337539552
2.2 54.2106669823
2 53.989306003
1.8 53.7218011438
1.6 53.4578843924
1.4 53.2064084974
1.2 52.9594131631
1 52.720016122
0.8 52.3912952192
0.6 52.0672386296
0.4 51.753009337
0.2 51.4455851967
0 51.145914853
