200 157.214157999
199.8 157.139661062
199.6 157.065032357
199.4 156.990413918
199.2 156.916199753
199 156.841791049
198.8 156.7672277
198.6 156.692559236
198.4 156.617739683
198.2 156.542774463
198 156.467777777
197.8 156.392761145
197.6 156.317564637
197.4 156.242217761
197.2 156.166746873
197 156.091175169
196.8 156.015308267
196.6 155.939927428
196.4 155.864600171
196.2 155.789156139
196 155.713563383
195.8 155.637826765
195.6 155.561919558
195.4 155.485763078
195.2 155.409404835
195 155.333027586
194.8 155.256625792
194.6 155.180075395
194.4 155.103429115
194.2 155.026677653
194 154.95011951
193.8 154.873588911
193.6 154.797001779
193.4 154.72029894
193.2 154.643455696
193 154.566481829
192.8 154.489435245
192.6 154.412286221
192.4 154.334984609
192.2 154.257548892
192 154.180007577
191.8 154.102020455
191.6 154.023924294
191.4 153.946259711
191.2 153.868767822
191 153.791202605
190.8 153.713515199
190.6 153.635721845
190.4 153.557658841
190.2 153.479356292
190 153.401039712
189.8 153.32261927
189.6 153.244124418
189.4 153.165561849
189.2 153.086910725
189 153.008122683
188.8 152.929434832
188.6 152.850762316
188.4 152.771988353
188.2 152.693084556
188 152.614048749
187.8 152.534881836
187.6 152.455718914
187.4 152.376509275
187.2 152.297209209
187 152.217838436
186.8 152.138049585
186.6 152.058076412
186.4 151.978205684
186.2 151.898776448
186 151.819187164
185.8 151.739340806
185.6 151.659437871
185.4 151.579377532
185.2 151.499157162
185 151.418939017
184.8 151.338608317
184.6 151.258217174
184.4 151.177761394
184.2 151.097216433
184 151.016537398
183.8 150.935924418
183.6 150.855419523
183.4 150.774802998
183.2 150.694049686
183 150.613193601
182.8 150.532157844
182.6 150.451026956
182.4 150.369729446
182.2 150.288290495
182 150.206811458
181.8 150.125008541
181.6 150.043084013
181.4 149.961483386
181.2 149.880237281
181 149.798836499
180.8 149.717170841
180.6 149.635460514
180.4 149.553586085
180.2 149.47154354
180 149.389454007
179.8 149.307159698
179.6 149.224738181
179.4 149.142184764
179.2 149.059508902
179 148.97695208
178.8 148.894678868
178.6 148.812371558
178.4 148.729945934
178.2 148.647376591
178 148.564696938
177.8 148.481659868
177.6 148.398604731
177.4 148.315471846
177.2 148.232266658
177 148.149028212
176.8 148.065244037
176.6 147.981520624
176.4 147.898404014
176.2 147.815249002
176 147.7320382
175.8 147.648673642
175.6 147.565275395
175.4 147.481581497
175.2 147.397515297
175 147.31344232
174.8 147.22918753
174.6 147.144882154
174.4 147.060529658
174.2 146.976349095
174 146.892661981
173.8 146.808424912
173.6 146.724164915
173.4 146.639775217
173.2 146.555228998
173 146.470570553
172.8 146.385777769
172.6 146.300922081
172.4 146.215996447
172.2 146.131008345
172 146.045979768
171.8 145.960731955
171.6 145.875913463
171.4 145.791009343
171.2 145.70598461
171 145.620843023
170.8 145.535465473
170.6 145.450017937
170.4 145.36435729
170.2 145.27852419
170 145.192668766
169.8 145.10642938
169.6 145.020086188
169.4 144.934507962
169.2 144.849118113
169 144.763631523
168.8 144.677983845
168.6 144.592326814
168.4 144.506406156
168.2 144.420022953
168 144.333600432
167.8 144.246926814
167.6 144.160140813
167.4 144.073236025
167.2 143.986402399
167 143.900370523
166.8 143.813881895
166.6 143.727392131
166.4 143.640760219
166.2 143.553956189
166 143.467047531
165.8 143.379911927
165.6 143.292667204
165.4 143.205271101
165.2 143.117757058
165 143.030234218
164.8 142.942899667
164.6 142.855879727
164.4 142.768762475
164.2 142.681508565
164 142.594130039
163.8 142.506290927
163.6 142.418471194
163.4 142.330589679
163.2 142.242645687
163 142.154700667
162.8 142.066179853
162.6 141.977765549
162.4 141.889992329
162.2 141.802185196
162 141.714327127
161.8 141.626246101
161.6 141.538160108
161.4 141.449762372
161.2 141.361056989
161 141.272307694
160.8 141.18335818
160.6 141.0943699
160.4 141.005349988
160.2 140.917153117
160 140.828883007
159.8 140.740047017
159.6 140.651172966
159.4 140.562138041
159.2 140.47294138
159 140.38370955
158.8 140.294297492
158.6 140.204842788
158.4 140.115342522
158.2 140.025805151
158 139.936836399
157.8 139.847539718
157.6 139.758165705
157.4 139.668664658
157.2 139.57902165
157 139.489263278
156.8 139.39933274
156.6 139.309309262
156.4 139.21915032
156.2 139.128878266
156 139.038580328
155.8 138.948443868
155.6 138.858656439
155.4 138.768765459
155.2 138.67875576
155 138.588636994
154.8 138.498211253
154.6 138.407847205
154.4 138.317334116
154.2 138.226675755
154 138.135985047
153.8 138.044929439
153.6 137.954192644
153.4 137.863785576
153.2 137.773289401
153 137.68267718
152.8 137.591543323
152.6 137.500343237
152.4 137.409253294
152.2 137.31812973
152 137.22698164
151.8 137.135399699
151.6 137.043584841
151.4 136.952128684
151.2 136.861052483
151 136.769938141
150.8 136.678601557
150.6 136.587212187
150.4 136.495706409
150.2 136.404176647
150 136.312580049
149.8 136.220616663
149.6 136.128433728
149.4 136.036080573
149.2 135.944189766
149 135.852646992
148.8 135.760824522
148.6 135.66898275
148.4 135.576977128
148.2 135.48476543
148 135.392440736
147.8 135.299860251
147.6 135.207156706
147.4 135.114343607
147.2 135.021447543
147 134.929220989
146.8 134.836956527
146.6 134.744658583
146.4 134.652234685
146.2 134.559612855
146 134.466783505
145.8 134.373786243
145.6 134.280691749
145.4 134.187479663
145.2 134.094169897
145 134.000822634
144.8 133.908109283
144.6 133.815372485
144.4 133.722524619
144.2 133.629494929
144 133.536221623
143.8 133.442724506
143.6 133.349248534
143.4 133.255655795
143.2 133.161943579
143 133.068155885
142.8 132.974279714
142.6 132.880903712
142.4 132.787450611
142.2 132.69391458
142 132.60023725
141.8 132.506200799
141.6 132.412332882
141.4 132.318298644
141.2 132.224061513
141 132.129678488
140.8 132.035158348
140.6 131.941039876
140.4 131.847167329
140.2 131.753222
140 131.659140706
139.8 131.564669704
139.6 131.470262345
139.4 131.37586039
139.2 131.281249672
139 131.186462849
138.8 131.091562432
138.6 130.996534759
138.4 130.902244646
138.2 130.807893884
138 130.713404298
137.8 130.618532324
137.6 130.52362413
137.4 130.428776053
137.2 130.333801019
137 130.238621354
136.8 130.143150687
136.6 130.047507001
136.4 129.952207951
136.2 129.857273013
136 129.762240887
135.8 129.666919851
135.6 129.571583045
135.4 129.47623187
135.2 129.380907995
135 129.285332769
134.8 129.189506215
134.6 129.093638247
134.4 128.997771195
134.2 128.902605572
134 128.807292208
133.8 128.711403796
133.6 128.615414041
133.4 128.519351478
133.2 128.423477286
133 128.3275415
132.8 128.231293136
132.6 128.13490383
132.4 128.038422003
132.2 127.942341602
132 127.846496657
131.8 127.750236503
131.6 127.653852797
131.4 127.557403596
131.2 127.461057478
131 127.364814252
130.8 127.268292588
130.6 127.171628821
130.4 127.074868226
130.2 126.978196105
130 126.88200184
129.8 126.78539521
129.6 126.688656092
129.4 126.591818762
129.2 126.494851971
129 126.39795503
128.8 126.300773221
128.6 126.203570348
128.4 126.106350565
128.2 126.009112652
128 125.912446938
127.8 125.81534212
127.6 125.71798467
127.4 125.620524001
127.2 125.522983509
127 125.425678052
126.8 125.328404696
126.6 125.231015205
126.4 125.133533013
126.2 125.035971586
126 124.938701924
125.8 124.841050338
125.6 124.743244791
125.4 124.645380348
125.2 124.547491349
125 124.449853022
124.8 124.352000396
124.6 124.254048091
124.4 124.15600571
124.2 124.057883973
124 123.95994249
123.8 123.862083298
123.6 123.763916653
123.4 123.665636367
123.2 123.567283917
123 123.468948849
122.8 123.370729543
122.6 123.272405333
122.4 123.173994702
122.2 123.075506167
122 122.977071878
121.8 122.878686296
121.6 122.78012358
121.4 122.681485159
121.2 122.582771492
121 122.483983593
120.8 122.385385028
120.6 122.286701823
120.4 122.187937319
120.2 122.089089317
120 121.990203229
119.8 121.891348022
119.6 121.792184359
119.4 121.6928891
119.2 121.593514152
119 121.494030356
118.8 121.395040786
118.6 121.295992011
118.4 121.196860958
118.2 121.097638742
118 120.99833911
117.8 120.899089454
117.6 120.799537259
117.4 120.699848139
117.2 120.600077164
117 120.50016886
116.8 120.400789396
116.6 120.301361537
116.4 120.201859939
116.2 120.102269977
116 120.002586335
115.8 119.902756845
115.6 119.802766701
115.4 119.702688348
115.2 119.602538502
115 119.50226742
114.8 119.402301247
114.6 119.302297032
114.4 119.20221492
114.2 119.102047431
114 119.001801193
113.8 118.901691391
113.6 118.801311341
113.4 118.700779897
113.2 118.600146534
113 118.499390844
112.8 118.399058152
112.6 118.298675966
112.4 118.198216021
112.2 118.097669182
112 117.997056762
111.8 117.89651626
111.6 117.795716697
111.4 117.694758779
111.2 117.593691504
111 117.492581259
110.8 117.391871836
110.6 117.291105234
110.4 117.190257871
110.2 117.089326643
110 116.988368866
109.8 116.887243413
109.6 116.785973549
109.4 116.684621906
109.2 116.583199858
109 116.481832363
108.8 116.380717535
108.6 116.279520619
108.4 116.178164792
108.2 116.076635733
108 115.975056117
107.8 115.873253763
107.6 115.771451163
107.4 115.669631696
107.2 115.567761887
107 115.466117464
106.8 115.364405005
106.6 115.262654221
106.4 115.160829818
106.2 115.058920788
106 114.957047708
105.8 114.855005516
105.6 114.752845615
105.4 114.650602675
105.2 114.548287757
105 114.446430176
104.8 114.344319707
104.6 114.242162478
104.4 114.139925355
104.2 114.037605034
104 113.935364544
103.8 113.832657981
103.6 113.729844022
103.4 113.626938361
103.2 113.523958521
103 113.42175632
102.8 113.319220005
102.6 113.216656935
102.4 113.114005446
102.2 113.011262725
102 112.908631019
101.8 112.805436359
101.6 112.702140253
101.4 112.59877029
101.2 112.495387046
101 112.393023461
100.8 112.290071672
100.6 112.187090308
100.4 112.084020788
100.2 111.980877316
100 111.877777293
99.8 111.773903432
99.6 111.669924348
99.4 111.565862235
99.2 111.4621829
99 111.359216124
98.8 111.255835587
98.6 111.152434218
98.4 111.048939687
98.2 110.945375429
98 110.841805696
97.8 110.737424707
97.6 110.63295508
97.4 110.528415467
97.2 110.424760062
97 110.321394816
96.8 110.217561868
96.6 110.113717645
96.4 110.009789009
96.2 109.905759058
96 109.801702276
95.8 109.696787766
95.6 109.591785217
95.4 109.486887825
95.2 109.383124614
95 109.279298037
94.8 109.174807471
94.6 109.070323449
94.4 108.965729718
94.2 108.860992623
94 108.756230325
93.8 108.650807828
93.6 108.545326131
93.4 108.440576746
93.2 108.336359149
93 108.232062548
92.8 108.127075022
92.6 108.022069949
92.4 107.916963177
92.2 107.811769408
92 107.706563801
91.8 107.600657386
91.6 107.494758047
91.4 107.3900725
91.2 107.285330057
91 107.180504739
90.8 107.074974811
90.6 106.969447565
90.4 106.863869724
90.2 106.758205861
90 106.652519137
89.8 106.54592362
89.6 106.440007395
89.4 106.334580476
89.2 106.229080367
89 106.12349385
88.8 106.017411687
88.6 105.911403741
88.4 105.805340869
88.2 105.699202794
88 105.593034714
87.8 105.486103776
87.6 105.380166952
87.4 105.274179161
87.2 105.168122643
87 105.061963648
86.8 104.955192431
86.6 104.848496708
86.4 104.741726667
86.2 104.634887457
86 104.528025985
85.8 104.421337566
85.6 104.314835727
85.4 104.208249003
85.2 104.101580281
85 103.994825304
84.8 103.887662244
84.6 103.780428713
84.4 103.673132026
84.2 103.565782184
84 103.458823297
83.8 103.351792473
83.6 103.244698745
83.4 103.137536079
83.2 103.030297373
83 102.923194326
82.8 102.815478249
82.6 102.707697177
82.4 102.599862379
82.2 102.492061743
82 102.385207586
81.8 102.277568017
81.6 102.169854951
81.4 102.062085905
81.2 101.954404208
81 101.846840844
80.8 101.738363263
80.6 101.629822052
80.4 101.521229816
80.2 101.413419959
80 101.305755123
79.8 101.197467681
79.6 101.089126515
79.4 100.980808078
79.2 100.872777584
79 100.76467742
78.8 100.655644873
78.6 100.546535838
78.4 100.437930945
78.2 100.329695386
78 100.221396774
77.8 100.112231416
77.6 100.003015056
77.4 99.8942551158
77.2 99.785468763
77 99.676626891
76.8 99.5669723454
76.6 99.4576033369
76.4 99.3487463402
76.2 99.2398417532
76 99.130857974
75.8 99.0210108914
75.6 98.9116040102
75.4 98.802262375
75.2 98.6928617302
75 98.583393127
74.8 98.4733303357
74.6 98.3638054208
74.4 98.254231572
74.2 98.144608116
74 98.034879804
73.8 97.9247269325
73.6 97.8147475392
73.4 97.7047226372
73.2 97.5946473214
73 97.48463532
72.8 97.3744690112
72.6 97.2641812684
72.4 97.1538366916
72.2 97.0434473314
72 96.933406956
71.8 96.822802724
71.6 96.712131745
71.4 96.6014015438
71.2 96.490688913
71 96.380638786
70.8 96.2696638716
70.6 96.1585976954
70.4 96.0474869191
70.2 95.936782989
70 95.826335877
69.8 95.7150163594
69.6 95.603627819
69.4 95.4922454311
69.2 95.3814658908
69 95.270630762
68.8 95.158823642
68.6 95.0469352281
68.4 94.9355270454
68.2 94.8244590344
68 94.713316828
67.8 94.6012846768
67.6 94.4892343382
67.4 94.3776751844
67.2 94.2660746156
67 94.154406518
66.8 94.0417419372
66.6 93.9296500882
66.4 93.8178873806
66.2 93.7060897234
66 93.594243705
65.8 93.4815454588
65.6 93.369219136
65.4 93.2568382024
65.2 93.144407058
65 93.03190589
64.8 92.9191171839
64.6 92.8066124116
64.4 92.694081426
64.2 92.581513719
64 92.469042564
63.8 92.3559307744
63.6 92.2427541434
63.4 92.1295246598
63.2 92.016247001
63 91.903859422
62.8 91.79057357
62.6 91.6772725284
62.4 91.5639486723
62.2 91.450781313
62 91.337818325
61.8 91.2237900378
61.6 91.109692675
61.4 90.9956008437
61.2 90.882646769
61 90.769657373
60.8 90.6556123258
60.6 90.5415413438
60.4 90.4276585954
60.2 90.3138605598
60 90.200006783
59.8 90.0850100158
59.6 89.9703171645
59.4 89.856563464
59.2 89.7427955806
59 89.628994375
58.8 89.5140776064
58.6 89.3993883564
58.4 89.2847035676
58.2 89.169986075
58 89.055235475
57.8 88.9400079435
57.6 88.8254438636
57.4 88.710872796
57.2 88.5962861097
57 88.481713966
56.8 88.3661243708
56.6 88.2505064964
56.4 88.1348534644
56.2 88.0191683418
56 87.90468964
55.8 87.7892601072
55.6 87.6738324524
55.4 87.5584054108
55.2 87.443037981
55 87.327709869
54.8 87.2111352354
54.6 87.0945347724
54.4 86.9782096645
54.2 86.8631331208
54 86.748061508
53.8 86.6317332208
53.6 86.5154049127
53.4 86.3991293554
53.2 86.2828466296
53 86.166532636
52.8 86.0489143376
52.6 85.9322644095
52.4 85.81631248
52.2 85.7003658654
52 85.584398687
51.8 85.467116903
51.6 85.3498843016
51.4 85.2326805352
51.2 85.1154958146
51 84.998311233
50.8 84.8813763522
50.6 84.7644102036
50.4 84.647447294
50.2 84.5304949089
50 84.41365198
49.8 84.2954681712
49.6 84.1773120464
49.4 84.0591880064
49.2 83.9418240384
49 83.82519272
48.8 83.7071634592
48.6 83.589115566
48.4 83.4711520704
48.2 83.353421748
48 83.235691428
47.8 83.1165451288
47.6 82.9974647388
47.4 82.8797933928
47.2 82.7621298136
47 82.644463688
46.8 82.5253183783
46.6 82.406459674
46.4 82.2877305
46.2 82.1690510752
46 82.05036962
45.8 81.9309941003
45.6 81.8121981144
45.4 81.6934191052
45.2 81.5746705017
45 81.456135117
44.8 81.3363205594
44.6 81.2165635226
44.4 81.0968618034
44.2 80.9774355342
44 80.859031096
43.8 80.739092472
43.6 80.61916793
43.4 80.4992746813
43.2 80.379994944
43 80.26075466
42.8 80.139899388
42.6 80.0191509365
42.4 79.8994594138
42.2 79.7799734588
42 79.660526454
41.8 79.5393913388
41.6 79.4187160513
41.4 79.2983392358
41.2 79.1780588686
41 79.057832271
40.8 78.9364793736
40.6 78.8157555492
40.4 78.6950657636
40.2 78.5744170147
40 78.4541733
39.8 78.3325787848
39.6 78.2111055788
39.4 78.0897449078
39.2 77.9687300398
39 77.848496363
38.8 77.726447663
38.6 77.604479885
38.4 77.4826749023
38.2 77.361726087
38 77.240961671
37.8 77.1182172062
37.6 76.9957214496
37.4 76.8742474122
37.2 76.7528066278
37 76.631501675
36.8 76.5082867109
36.6 76.3860145556
36.4 76.26393171
36.2 76.141997141
36 76.020211309
35.8 75.8970580977
35.6 75.774257177
35.4 75.651519215
35.2 75.528852445
35 75.407287449
34.8 75.2838271914
34.6 75.1605553866
34.4 75.0374497723
34.2 74.9149965168
34 74.79285638
33.8 74.6686577168
33.6 74.5446062034
33.4 74.4213955526
33.2 74.2987462698
33 74.176346749
32.8 74.0516685186
32.6 73.9276861151
32.4 73.8041628448
32.2 73.6807472826
32 73.557497561
31.8 73.4327415188
31.6 73.3086899754
31.4 73.1848549782
31.2 73.0612532867
31 72.938101273
30.8 72.8128837426
30.6 72.687928021
30.4 72.5631148196
30.2 72.4391243678
30 72.316089615
29.8 72.1906896558
29.6 72.0654799638
29.4 71.9408181871
29.2 71.816687846
29 71.692615986
28.8 71.5662456748
28.6 71.4407048389
28.4 71.3161360756
28.2 71.1918426872
28 71.067840636
27.8 70.9414039383
27.6 70.8155133274
27.4 70.6898960974
27.2 70.5644780414
27 70.439953897
26.8 70.313898177
26.6 70.1879261258
26.4 70.062317674
26.2 69.9373071584
26 69.812539652
25.8 69.685154596
25.6 69.5581148935
25.4 69.4321505676
25.2 69.3071373522
25 69.182482809
24.8 69.0551072298
24.6 68.9280569866
24.4 68.8016728696
24.2 68.67569229
24 68.549662322
23.8 68.4222439124
23.6 68.2955388966
23.4 68.1691917182
23.2 68.0432964695
23 67.91795934
22.8 67.7896196496
22.6 67.6617619392
22.4 67.534323839
22.2 67.408258349
22 67.282839417
21.8 67.1545334338
21.6 67.0263053944
21.4 66.8991927892
21.2 66.7727446436
21 66.646429062
20.8 66.5169722267
20.6 66.3892476604
20.4 66.2620769352
20.2 66.1353482542
20 66.009205967
19.8 65.8798876821
19.6 65.7512122092
19.4 65.623158872
19.2 65.4956321461
19 65.369611472
18.8 65.2401385488
18.6 65.1110475004
18.4 64.9825349344
18.2 64.855555284
18 64.729177952
17.8 64.5985091208
17.6 64.4690728315
17.4 64.3411120238
17.2 64.2135609328
17 64.086878628
16.8 63.9561694899
16.6 63.826618856
16.4 63.6978266832
16.2 63.5697575185
16 63.442672171
15.8 63.311690147
15.6 63.1816692708
15.4 63.0520569248
15.2 62.923831624
15 62.797392204
14.8 62.6646434936
14.6 62.5333059622
14.4 62.4035982618
14.2 62.2746161584
14 62.146627784
13.8 62.0123846826
13.6 61.8796236456
13.4 61.7478412716
13.2 61.6170698818
13 61.487315344
12.8 61.3511751152
12.6 61.2165232722
12.4 61.0825348717
12.2 60.9497494206
12 60.819229811
11.8 60.6809210238
11.6 60.54364461
11.4 60.4084862042
11.2 60.2746241924
11 60.141303122
10.8 60.0008467183
10.6 59.8622476176
10.4 59.7247449576
10.2 59.5886007639
10 59.453867756
9.8 59.3110523504
9.6 59.169785255
9.4 59.0297846722
9.2 58.8915798338
9 58.754549369
8.8 58.6091338602
8.6 58.4643798077
8.4 58.3226937368
8.2 58.1825168612
8 58.042679906
7.8 57.8943698179
7.6 57.747789663
7.4 57.6023020641
7.2 57.45876231
7 57.318420738
6.8 57.1654110372
6.6 57.0149817745
6.4 56.8674593598
6.2 56.7209934954
6 56.576879025
5.8 56.4205168755
5.6 56.266339779
5.4 56.1143454198
5.2 55.9646176027
5 55.816770881
4.8 55.655459517
4.6 55.4963716485
4.4 55.3398054974
4.2 55.1853385208
4 55.033289552
3.8 54.8652443613
3.6 54.700523144
3.4 54.5383513147
3.2 54.3785817202
3 54.220864713
2.8 54.0445794698
2.6 53.87161564
2.4 53.7022972498
2.2 53.5359296518
2 53.372038782
1.8 53.1848813412
1.6 53.0015619122
1.4 52.8228133558
1.2 52.6473398458
1 52.475591198
0.8 52.2679859668
0.6 52.0666280233
0.4 51.869508911
0.2 51.6767986003
0 51.490525039
