200 146.018662125
199.8 145.94416111
199.6 145.869733137
199.4 145.795283431
199.2 145.720796812
199 145.646244943
198.8 145.571431386
198.6 145.496414369
198.4 145.421568954
198.2 145.346681296
198 145.271677434
197.8 145.196506059
197.6 145.1211963
197.4 145.045840411
197.2 144.970528164
197 144.895180173
196.8 144.819754125
196.6 144.744190574
196.4 144.668532199
196.2 144.592788744
196 144.516937017
195.8 144.441103975
195.6 144.365246153
195.4 144.28936193
195.2 144.213427741
195 144.137325555
194.8 144.060848266
194.6 143.984337036
194.4 143.908130082
194.2 143.831897571
194 143.755623057
193.8 143.679226986
193.6 143.602546072
193.4 143.52568267
193.2 143.448923412
193 143.372243717
192.8 143.295535341
192.6 143.218667972
192.4 143.141735518
192.2 143.064678934
192 142.987343399
191.8 142.910375845
191.6 142.833309898
191.4 142.7561589
191.2 142.678911436
191 142.601531327
190.8 142.523857939
190.6 142.446181957
190.4 142.368508308
190.2 142.290803439
190 142.213057965
189.8 142.135217494
189.6 142.057279962
189.4 141.979407255
189.2 141.901705048
189 141.823675975
188.8 141.745480105
188.6 141.667255724
188.4 141.588987827
188.2 141.510685755
188 141.432637207
187.8 141.354358624
187.6 141.275785243
187.4 141.197082972
187.2 141.118294674
187 141.039340168
186.8 140.960407153
186.6 140.881698139
186.4 140.802968135
186.2 140.724205613
186 140.645390511
185.8 140.566484523
185.6 140.487288727
185.4 140.408105304
185.2 140.328855342
185 140.249493212
184.8 140.169901174
184.6 140.090191495
184.4 140.010443879
184.2 139.93104139
184 139.851500437
183.8 139.771813139
183.6 139.692001629
183.4 139.612075805
183.2 139.532060346
183 139.45219687
182.8 139.372312993
182.6 139.292379936
182.4 139.212412753
182.2 139.132343989
182 139.052023679
181.8 138.971524214
181.6 138.891302492
181.4 138.81100001
181.2 138.730588895
181 138.65006265
180.8 138.569363373
180.6 138.488542511
180.4 138.407845179
180.2 138.327081734
180 138.246217817
179.8 138.165109438
179.6 138.083877873
179.4 138.002603255
179.2 137.921780312
179 137.840794623
178.8 137.759627641
178.6 137.678339815
178.4 137.596948087
178.2 137.515469374
178 137.434141956
177.8 137.352518742
177.6 137.270845544
177.4 137.18914237
177.2 137.107376224
177 137.025461107
176.8 136.943460018
176.6 136.861592099
176.4 136.779708875
176.2 136.697810489
176 136.615880758
175.8 136.53379212
175.6 136.451556048
175.4 136.369214636
175.2 136.286760301
175 136.204217523
174.8 136.121559328
174.6 136.038821349
174.4 135.956359521
174.2 135.87410523
174 135.79168199
173.8 135.708857414
173.6 135.626002288
173.4 135.543103232
173.2 135.460292067
173 135.377598435
172.8 135.294545156
172.6 135.211264318
172.4 135.127855581
172.2 135.044349846
172 134.960991181
171.8 134.877683182
171.6 134.794375384
171.4 134.711048966
171.2 134.627695179
171 134.544315338
170.8 134.460846595
170.6 134.377183865
170.4 134.293345752
170.2 134.209387189
170 134.125326782
169.8 134.040932971
169.6 133.956854934
169.4 133.87303672
169.2 133.789116847
169 133.705079436
168.8 133.620788789
168.6 133.536480037
168.4 133.452294556
168.2 133.368173042
168 133.283958063
167.8 133.199328109
167.6 133.114503169
167.4 133.029577975
167.2 132.945024288
167 132.860578656
166.8 132.775853598
166.6 132.691052777
166.4 132.606141329
166.2 132.521124903
166 132.436206482
165.8 132.351066498
165.6 132.265796906
165.4 132.180431586
165.2 132.094981807
165 132.00943622
164.8 131.924190575
164.6 131.838977673
164.4 131.753689134
164.2 131.668302756
164 131.582802922
163.8 131.497103342
163.6 131.411441094
163.4 131.32566562
163.2 131.239783627
163 131.153782159
162.8 131.067457396
162.6 130.981238582
162.4 130.895558603
162.2 130.809791213
162 130.723916262
161.8 130.637758773
161.6 130.551514613
161.4 130.465217901
161.2 130.378903711
161 130.292516202
160.8 130.205738896
160.6 130.118943227
160.4 130.032120965
160.2 129.945693401
160 129.859415203
159.8 129.772619921
159.6 129.685774392
159.4 129.598810309
159.2 129.511730276
159 129.424748771
158.8 129.337685953
158.6 129.250502396
158.4 129.163212341
158.2 129.075816087
158 128.988404453
157.8 128.901159555
157.6 128.813924062
157.4 128.726678792
157.2 128.639409137
157 128.552105069
156.8 128.464624391
156.6 128.376970687
156.4 128.289116457
156.2 128.201107532
156 128.113038927
155.8 128.024535662
155.6 127.936622798
155.4 127.848941124
155.2 127.761250186
155 127.673526883
154.8 127.585593557
154.6 127.497538391
154.4 127.409250425
154.2 127.320794445
154 127.232293874
153.8 127.143390089
153.6 127.054410362
153.4 126.965722104
153.2 126.877518952
153 126.789214015
152.8 126.700538588
152.6 126.611823678
152.4 126.52299618
152.2 126.434098024
152 126.345186502
151.8 126.255910951
151.6 126.166518134
151.4 126.077044529
151.2 125.987648954
151 125.899051219
150.8 125.810024279
150.6 125.720981389
150.4 125.631837976
150.2 125.542573756
150 125.45325651
149.8 125.363599663
149.6 125.273753393
149.4 125.183703947
149.2 125.093506318
149 125.003284246
148.8 124.913807581
148.6 124.824344754
148.4 124.734798184
148.2 124.645148915
148 124.555418581
147.8 124.465345592
147.6 124.375114287
147.4 124.284657055
147.2 124.194014329
147 124.103356332
146.8 124.012409495
146.6 123.922365663
146.4 123.832367343
146.2 123.742217177
146 123.65188995
145.8 123.561106164
145.6 123.470335592
145.4 123.379572685
145.2 123.288770771
145 123.197910309
144.8 123.106463885
144.6 123.014862008
144.4 122.924075389
144.2 122.833448702
144 122.742806047
143.8 122.651867956
143.6 122.560914361
143.4 122.469696804
143.2 122.378154058
143 122.286580652
142.8 122.194563026
142.6 122.102462894
142.4 122.010285999
142.2 121.919101232
142 121.828036413
141.8 121.736668227
141.6 121.6452851
141.4 121.553680474
141.2 121.461775999
141 121.369741008
140.8 121.277315793
140.6 121.184819293
140.4 121.092227399
140.2 120.999567403
140 120.907965176
139.8 120.815847538
139.6 120.723714948
139.4 120.631547129
139.2 120.539343294
139 120.447145019
138.8 120.354407627
138.6 120.261571157
138.4 120.168635738
138.2 120.075626653
138 119.982774325
137.8 119.890001084
137.6 119.797189349
137.4 119.704354858
137.2 119.611492657
137 119.518577099
136.8 119.425424726
136.6 119.332187397
136.4 119.238821051
136.2 119.14535501
136 119.051885009
135.8 118.958134226
135.6 118.864845008
135.4 118.771524585
135.2 118.678184402
135 118.584824979
134.8 118.491110402
134.6 118.397329687
134.4 118.303326905
134.2 118.209118932
134 118.114877433
133.8 118.020316902
133.6 117.926591533
133.4 117.833032918
133.2 117.73938204
133 117.64563489
132.8 117.551424051
132.6 117.457192499
132.4 117.362745723
132.2 117.26808328
132 117.173363537
131.8 117.078283781
131.6 116.983396681
131.4 116.889331746
131.2 116.795131767
131 116.700761735
130.8 116.605789101
130.6 116.510788102
130.4 116.415737144
130.2 116.320574736
130 116.225383341
129.8 116.12982527
129.6 116.034237434
129.4 115.939290979
129.2 115.844633972
129 115.749806225
128.8 115.654335153
128.6 115.558810187
128.4 115.463213347
128.2 115.367569819
128 115.271872744
127.8 115.17573447
127.6 115.079462916
127.4 114.983309478
127.2 114.887990019
127 114.792572513
126.8 114.696637514
126.6 114.600642872
126.4 114.50454964
126.2 114.408516401
126 114.312429756
125.8 114.216003341
125.6 114.119367963
125.4 114.022586752
125.2 113.926454326
125 113.830417812
124.8 113.733840549
124.6 113.637238538
124.4 113.540558909
124.2 113.443870577
124 113.347156823
123.8 113.250000703
123.6 113.152744752
123.4 113.055395059
123.2 112.958411449
123 112.861959964
122.8 112.764894634
122.6 112.667803216
122.4 112.570588234
122.2 112.473235412
122 112.375802085
121.8 112.277977881
121.6 112.180135232
121.4 112.082286292
121.2 111.984558022
121 111.887491301
120.8 111.789717165
120.6 111.691804546
120.4 111.593826061
120.2 111.495835604
120 111.398170643
119.8 111.300011109
119.6 111.201667714
119.4 111.10314514
119.2 111.004481539
119 110.90665289
118.8 110.808439545
118.6 110.710187679
118.4 110.611831426
118.2 110.513307069
118 110.414771333
117.8 110.315815905
117.6 110.216755307
117.4 110.117597747
117.2 110.018365136
117 109.919846028
116.8 109.821025735
116.6 109.722178709
116.4 109.623242801
116.2 109.524141803
116 109.425001219
115.8 109.325451544
115.6 109.225806623
115.4 109.126064837
115.2 109.026242514
115 108.92703107
114.8 108.827475912
114.6 108.727798069
114.4 108.628038991
114.2 108.528185809
114 108.428495891
113.8 108.328460849
113.6 108.228337103
113.4 108.128113258
113.2 108.027798631
113 107.92800191
112.8 107.827859014
112.6 107.727579075
112.4 107.627191496
112.2 107.52665361
112 107.426119044
111.8 107.325372401
111.6 107.224534625
111.4 107.123597401
111.2 107.022574497
111 106.922147617
110.8 106.82120243
110.6 106.720221579
110.4 106.619188577
110.2 106.518015796
110 106.416878708
109.8 106.315334655
109.6 106.213769275
109.4 106.112192005
109.2 106.010603702
109 105.909656592
108.8 105.808083441
108.6 105.706256074
108.4 105.60431143
108.2 105.502286253
108 105.400698647
107.8 105.298780557
107.6 105.19676041
107.4 105.094639808
107.2 104.992485172
107 104.890891403
106.8 104.78846156
106.6 104.685876095
106.4 104.583238518
106.2 104.480706846
106 104.378651738
105.8 104.275887024
105.6 104.172989631
105.4 104.069997238
105.2 103.967145353
105 103.864688367
104.8 103.761591643
104.6 103.658339458
104.4 103.555022473
104.2 103.451937277
104 103.349029079
103.8 103.245573881
103.6 103.141984188
103.4 103.03830156
103.2 102.93493301
103 102.831677109
102.8 102.727629263
102.6 102.623354125
102.4 102.518988553
102.2 102.415260485
102 102.3116602
101.8 102.207496386
101.6 102.103181708
101.4 101.998784479
101.2 101.894911703
101 101.79095234
100.8 101.686296109
100.6 101.581504077
100.4 101.476834922
100.2 101.372704047
100 101.268407434
99.8 101.163510245
99.6 101.058342332
99.4 100.9532291
99.2 100.848302919
99 100.743335694
98.8 100.6377397
98.6 100.532124603
98.4 100.427051654
98.2 100.322110825
98 100.216932863
97.8 100.111047381
97.6 100.005056032
97.4 99.8994943754
97.2 99.7939070642
97 99.688224941
96.8 99.5817649658
96.6 99.475406406
96.4 99.3697062582
96.2 99.2639205636
96 99.157994598
95.8 99.0514000356
95.6 98.9448933505
95.4 98.8384990854
95.2 98.7320201574
95 98.625429243
94.8 98.5180265147
94.6 98.4114030902
94.4 98.3048636018
94.2 98.198222524
94 98.091483384
93.8 97.9840836845
93.6 97.8768819376
93.4 97.7695856244
93.2 97.6622021916
93 97.554693222
92.8 97.4468744653
92.6 97.3395479382
92.4 97.2321358086
92.2 97.1246192692
92 97.017009854
91.8 96.9089781175
91.6 96.800842673
91.4 96.692601097
91.2 96.5842707047
91 96.47607021
90.8 96.3679030508
90.6 96.2596717954
90.4 96.1513522266
90.2 96.0429389873
90 95.934663028
89.8 95.8256889048
89.6 95.7165912572
89.4 95.607411522
89.2 95.4981734961
89 95.389931351
88.8 95.2808486406
88.6 95.1716962816
88.4 95.06244954
88.2 94.9532335964
88 94.84412241
87.8 94.734103298
87.6 94.6239696916
87.4 94.5137518195
87.2 94.4045461952
87 94.295387268
86.8 94.185372472
86.6 94.0752985064
86.4 93.965186519
86.2 93.8551193002
86 93.745001853
85.8 93.6339270474
85.6 93.5227311968
85.4 93.4125244464
85.2 93.302523714
85 93.192415506
84.8 93.0814145388
84.6 92.9704044801
84.4 92.8594113886
84.2 92.7483158288
84 92.637140304
83.8 92.5249279594
83.6 92.4137657846
83.4 92.3028491202
83.2 92.1918453636
83 92.080741614
82.8 91.9687830681
82.6 91.8568152504
82.4 91.7447163344
82.2 91.6324998198
82 91.520220667
81.8 91.4081310181
81.6 91.2962704542
81.4 91.1843231322
81.2 91.0722704494
81 90.960167881
80.8 90.8471682778
80.6 90.7340527294
80.4 90.6208299994
80.2 90.5075212144
80 90.39556355
79.8 90.2826415196
79.6 90.169701344
79.4 90.0566688915
79.2 89.9435449676
79 89.830392078
78.8 89.7161802204
78.6 89.6018609586
78.4 89.487631775
78.2 89.3747935476
78 89.26188913
77.8 89.1478926004
77.6 89.0338844883
77.4 88.9197400576
77.2 88.8054719152
77 88.691165656
76.8 88.5756842792
76.6 88.4607371553
76.4 88.3468502744
76.2 88.2328867496
76 88.1188232
75.8 88.0036631435
75.6 87.8884395606
75.4 87.7731129022
75.2 87.6576954008
75 87.542266428
74.8 87.4266819763
74.6 87.3116527916
74.4 87.1965363772
74.2 87.0813133323
74 86.966012653
73.8 86.8496521946
73.6 86.7332225682
73.4 86.616705233
73.2 86.5001206149
73 86.385108754
72.8 86.2688551516
72.6 86.1525558352
72.4 86.0361600785
72.2 85.9197249618
72 85.803286001
71.8 85.6856562706
71.6 85.5679347996
71.4 85.450836697
71.2 85.3346043054
71 85.218269259
70.8 85.1006980718
70.6 84.9831156905
70.4 84.8655723306
70.2 84.7479391754
70 84.630264133
69.8 84.5113499644
69.6 84.3937562614
69.4 84.2762425362
69.2 84.1586430964
69 84.040932506
68.8 83.9221691622
68.6 83.8034280148
68.4 83.684601986
68.2 83.5657026058
68 83.44743333
67.8 83.3286771132
67.6 83.2098537744
67.4 83.0909454468
67.2 82.9720152674
67 82.853225574
66.8 82.7331919644
66.6 82.6130750538
66.4 82.4929851159
66.2 82.3742158082
66 82.255363449
65.8 82.1351501914
65.6 82.0148882847
65.4 81.8948838712
65.2 81.7748530686
65 81.654753119
64.8 81.5333302318
64.6 81.4128340785
64.4 81.2926617802
64.2 81.1724208948
64 81.052065194
63.8 80.9305973787
63.6 80.8092847588
63.4 80.6879187648
63.2 80.5664977708
63 80.445632402
62.8 80.3240723972
62.6 80.2024351832
62.4 80.0807314554
62.2 79.9591406234
62 79.837829977
61.8 79.7151309786
61.6 79.5923490284
61.4 79.4698361673
61.2 79.3482449826
61 79.226567805
60.8 79.103391421
60.6 78.9802574795
60.4 78.857607545
60.2 78.734907466
60 78.612144798
59.8 78.4880574088
59.6 78.3649669616
59.4 78.2418180108
59.2 78.1186116328
59 77.995334861
58.8 77.8712369914
58.6 77.7470927892
58.4 77.6229014692
58.2 77.498677284
58 77.375592262
57.8 77.250929886
57.6 77.1261785864
57.4 77.0013728848
57.2 76.8773048494
57 76.753206179
56.8 76.6275396438
56.6 76.501799444
56.4 76.3771112804
56.2 76.2523995216
56 76.127619892
55.8 76.0011517742
55.6 75.8755195942
55.4 75.7498730782
55.2 75.6241990675
55 75.498498355
54.8 75.3722177334
54.6 75.2458303448
54.4 75.11938107
54.2 74.9929396485
54 74.867344677
53.8 74.7400795338
53.6 74.6127740142
53.4 74.485551461
53.2 74.359192908
53 74.232789576
52.8 74.1045990584
52.6 73.9765551273
52.4 73.8493455574
52.2 73.72210964
52 73.594831884
51.8 73.4660618465
51.6 73.337912017
51.4 73.2097118822
51.2 73.0814737749
51 72.953614589
50.8 72.8246640674
50.6 72.695693123
50.4 72.56670459
50.2 72.4381244796
50 72.30997251
49.8 72.1799082724
49.6 72.0497815367
49.4 71.9203997976
49.2 71.7914901376
49 71.662571132
48.8 71.5317516067
48.6 71.401521823
48.4 71.2714570102
48.2 71.1413538454
48 71.011206031
47.8 70.880287641
47.6 70.7494857248
47.4 70.61869238
47.2 70.4879732401
47 70.35793151
46.8 70.225830558
46.6 70.093681693
46.4 69.9619307018
46.2 69.8311958434
46 69.700453937
45.8 69.5676321626
45.6 69.4351822188
45.4 69.30308235
45.2 69.170952249
45 69.038783193
44.8 68.9055560403
44.6 68.7727858546
44.4 68.6400368274
44.2 68.5073000043
44 68.375139721
43.8 68.2408136386
43.6 68.1064593616
43.4 67.9724284384
43.2 67.8397116544
43 67.707009792
42.8 67.5721014976
42.6 67.4374707519
42.4 67.3031445774
42.2 67.1688030364
42 67.034428298
41.8 66.8990509116
41.6 66.7641383826
41.4 66.6292738914
41.2 66.4944636931
41 66.360095367
40.8 66.2233581278
40.6 66.0866075038
40.4 65.95054548
40.2 65.8156894564
40 65.68085891
39.8 65.543639934
39.6 65.4067202635
39.4 65.2699514658
39.2 65.1331907011
39 64.996467713
38.8 64.8591839442
38.6 64.7219200612
38.4 64.5847286004
38.2 64.447745456
38 64.310989976
37.8 64.1715937616
37.6 64.0322155579
37.4 63.8944661668
37.2 63.7572618304
37 63.620152384
36.8 63.4804199651
36.6 63.3409490436
36.4 63.2015157404
36.2 63.0620999924
36 62.923907414
35.8 62.7840513972
35.6 62.6442074062
35.4 62.5044657845
35.2 62.3650489922
35 62.225606769
34.8 62.0833362042
34.6 61.9420475965
34.4 61.802203792
34.2 61.6624822198
34 61.522869259
33.8 61.3803780734
33.6 61.2380258142
33.4 61.0957851512
33.2 60.9543844038
33 60.814583495
32.8 60.6718643334
32.6 60.5291122212
32.4 60.386726782
32.2 60.2445304636
32 60.10232389
31.8 59.9577905077
31.6 59.814909509
31.4 59.6721238138
31.2 59.5294586979
31 59.387155831
30.8 59.241687095
30.6 59.0964008034
30.4 58.9519619605
30.2 58.8090494218
30 58.666254729
29.8 58.5201396544
29.6 58.3745301298
29.4 58.2291934458
29.2 58.0840329619
29 57.939794764
28.8 57.7934989544
28.6 57.6472241286
28.4 57.5010757448
28.2 57.3558170616
28 57.210634172
27.8 57.0619353888
27.6 56.9146098816
27.4 56.7682681824
27.2 56.6220745585
27 56.476224354
26.8 56.3272235852
26.6 56.1785016718
26.4 56.0300089351
26.2 55.8832035304
26 55.736927688
25.8 55.5869159104
25.6 55.4373659639
25.4 55.2886197148
25.2 55.1401349357
25 54.99186641
24.8 54.8414787892
24.6 54.691282839
24.4 54.5412477871
24.2 54.392282879
24 54.243900031
23.8 54.091265267
23.6 53.9397469487
23.4 53.7895102946
23.2 53.639456426
23 53.489886845
22.8 53.3369541218
22.6 53.1844333112
22.4 53.0322528784
22.2 52.8816025018
22 52.731516361
21.8 52.5771589994
21.6 52.4236349171
21.4 52.2711195556
21.2 52.1189863562
21 51.967465788
20.8 51.812582904
20.6 51.6581670462
20.4 51.5039154026
20.2 51.3515584472
20 51.19979766
19.8 51.0427635488
19.6 50.8877025712
19.4 50.7333253264
19.2 50.5791653244
19 50.426642045
18.8 50.2693891018
18.6 50.1128384592
18.4 49.9571527243
18.2 49.8028654934
18 49.649090171
17.8 49.49018026
17.6 49.3332090196
17.4 49.1768335848
17.2 49.0210740491
17 48.866819203
16.8 48.707957327
16.6 48.5497325692
16.4 48.3931967794
16.2 48.237791753
16 48.083260953
15.8 47.9222296987
15.6 47.7628998186
15.4 47.6040114323
15.2 47.446304114
15 47.290859774
14.8 47.124460998
14.6 46.959138379
14.4 46.7956780596
14.2 46.6326818525
14 46.470621409
13.8 46.3025745874
13.6 46.1349276844
13.4 45.968445206
13.2 45.8039538738
13 45.639563501
12.8 45.468219013
12.6 45.2992452888
12.4 45.1312624036
12.2 44.9646209725
12 44.799231783
11.8 44.6250756774
11.6 44.4524919165
11.4 44.2823733954
11.2 44.1132177133
11 43.945703022
10.8 43.7692278132
10.6 43.5943770348
10.4 43.4213604479
10.2 43.2502513468
10 43.080569774
9.8 42.9017592843
9.6 42.7250887572
9.4 42.5498772533
9.2 42.3842393158
9 42.221996963
8.8 42.0188008727
8.6 41.8286358216
8.4 41.64123652
8.2 41.4559068103
8 41.273006603
7.8 41.1362697694
7.6 40.9999414692
7.4 40.8852386418
7.2 40.7704429682
7 40.655229181
6.8 40.5035132598
6.6 40.3548131272
6.4 40.20837166
6.2 40.0637203644
6 39.920398258
5.8 39.7667714164
5.6 39.614334667
5.4 39.4639205838
5.2 39.3176425694
5 39.173429251
4.8 39.0117055245
4.6 38.8572876462
4.4 38.704516739
4.2 38.5527061951
4 38.405629463
3.8 38.2404210462
3.6 38.076774653
3.4 37.918194663
3.2 37.763846743
3 37.609440863
2.8 37.4352181122
2.6 37.2634000304
2.4 37.094004907
2.2 36.929854184
2 36.770101964
1.8 36.5742227432
1.6 36.3852383878
1.4 36.1996205364
1.2 36.0154852489
1 35.839920565
0.8 35.594246349
0.6 35.3465509673
0.4 35.0965421062
0.2 34.8509103952
0 34.609612852
