200 164.807599708
199.8 164.733022603
199.6 164.658178556
199.4 164.583156764
199.2 164.508019308
199 164.433091
198.8 164.358112862
198.6 164.282832289
198.4 164.207446486
198.2 164.131952208
198 164.056145757
197.8 163.980374808
197.6 163.904790375
197.4 163.82909326
197.2 163.753235334
197 163.677126318
196.8 163.601053148
196.6 163.524665886
196.4 163.448318073
196.2 163.371982363
196 163.295500651
195.8 163.218913033
195.6 163.14211868
195.4 163.065240848
195.2 162.988295133
195 162.911324918
194.8 162.834174037
194.6 162.756842196
194.4 162.679349071
194.2 162.601713956
194 162.523955762
193.8 162.446599744
193.6 162.369014773
193.4 162.291287699
193.2 162.213423705
193 162.135262728
192.8 162.057011414
192.6 161.978802491
192.4 161.90081569
192.2 161.822656578
192 161.744225115
191.8 161.66561355
191.6 161.586719745
191.4 161.507658902
191.2 161.428762296
191 161.34978345
190.8 161.270872837
190.6 161.191722578
190.4 161.11247533
190.2 161.03311137
190 160.953680627
189.8 160.874196099
189.6 160.794568443
189.4 160.714798617
189.2 160.634880477
189 160.554800779
188.8 160.474794971
188.6 160.39465105
188.4 160.314358732
188.2 160.233986163
188 160.153523445
187.8 160.072976565
187.6 159.992368166
187.4 159.9121105
187.2 159.831629371
187 159.750757396
186.8 159.669824302
186.6 159.588653869
186.4 159.507301395
186.2 159.426077441
186 159.344806731
185.8 159.263341201
185.6 159.181668299
185.4 159.099891883
185.2 159.018000605
185 158.936231099
184.8 158.854451041
184.6 158.772541213
184.4 158.690487057
184.2 158.608277356
184 158.525904238
183.8 158.443695052
183.6 158.361264119
183.4 158.278686738
183.2 158.195990306
183 158.113084108
182.8 158.029957158
182.6 157.947125819
182.4 157.864381479
182.2 157.781470042
182 157.698349327
181.8 157.615156049
181.6 157.531728687
181.4 157.448275754
181.2 157.364789832
181 157.281184435
180.8 157.197387933
180.6 157.113406932
180.4 157.029334772
180.2 156.945514044
180 156.861643106
179.8 156.777435416
179.6 156.693153215
179.4 156.608778375
179.2 156.524317705
179 156.439982139
178.8 156.355498068
178.6 156.270672709
178.4 156.185653764
178.2 156.100479937
178 156.015080929
177.8 155.930189125
177.6 155.84531703
177.4 155.760312965
177.2 155.675148958
177 155.589809865
176.8 155.504224599
176.6 155.418560464
176.4 155.332744637
176.2 155.246810079
176 155.160740793
175.8 155.074578511
175.6 154.988445439
175.4 154.902770823
175.2 154.816946149
175 154.730900943
174.8 154.644533097
174.6 154.557967144
174.4 154.471285438
174.2 154.384594491
174 154.297817752
173.8 154.210815319
173.6 154.123637944
173.4 154.036350215
173.2 153.949332122
173 153.86238344
172.8 153.775256589
172.6 153.688054663
172.4 153.600764263
172.2 153.513389289
172 153.426133037
171.8 153.338535715
171.6 153.250719077
171.4 153.162764746
171.2 153.074684743
171 152.986514039
170.8 152.898642666
170.6 152.81068975
170.4 152.72259422
170.2 152.634332055
170 152.545916289
169.8 152.457326734
169.6 152.368705166
169.4 152.279992158
169.2 152.191190625
169 152.102256179
168.8 152.012779108
168.6 151.923866844
168.4 151.834991817
168.2 151.746037346
168 151.657004684
167.8 151.567863554
167.6 151.478497798
167.4 151.388905989
167.2 151.299140042
167 151.209315807
166.8 151.119348365
166.6 151.029225146
166.4 150.939580954
166.2 150.850053414
166 150.760217592
165.8 150.67027975
165.6 150.580213493
165.4 150.489978149
165.2 150.399699065
165 150.309327886
164.8 150.218510541
164.6 150.127524066
164.4 150.036415513
164.2 149.945761127
164 149.855389357
163.8 149.764855337
163.6 149.674180931
163.4 149.583230752
163.2 149.49202377
163 149.400811337
162.8 149.30936778
162.6 149.217716491
162.4 149.125929988
162.2 149.034052656
162 148.942678228
161.8 148.851469854
161.6 148.760152751
161.4 148.668608409
161.2 148.576807305
161 148.484827
160.8 148.392757801
160.6 148.300487402
160.4 148.208043834
160.2 148.115459245
160 148.022769898
159.8 147.930373829
159.6 147.838167244
159.4 147.745840624
159.2 147.653350634
159 147.56069836
158.8 147.467921551
158.6 147.375026073
158.4 147.281950793
158.2 147.188720929
158 147.095389903
157.8 147.001653312
157.6 146.908882064
157.4 146.815972984
157.2 146.722842467
157 146.629478276
156.8 146.536038959
156.6 146.442498882
156.4 146.348792136
156.2 146.254926277
156 146.160982311
155.8 146.066619289
155.6 145.972481995
155.4 145.878986781
155.2 145.785301023
155 145.691374153
154.8 145.59728393
154.6 145.503127082
154.4 145.408768618
154.2 145.314228982
154 145.219625384
153.8 145.124450332
153.6 145.029128643
153.4 144.934499174
153.2 144.840158683
153 144.745747775
152.8 144.651136678
152.6 144.556427985
152.4 144.46138832
152.2 144.366020647
152 144.270639166
151.8 144.174874208
151.6 144.078955352
151.4 143.983146927
151.2 143.888232902
151 143.793174997
150.8 143.697952488
150.6 143.602671695
150.4 143.507105021
150.2 143.411118824
150 143.31511271
149.8 143.218754601
149.6 143.122227013
149.4 143.02557706
149.2 142.929744375
149 142.834181741
148.8 142.738168994
148.6 142.64212448
148.4 142.545897638
148.2 142.449436769
148 142.352909282
147.8 142.256055752
147.6 142.159045017
147.4 142.061896225
147.2 141.96503418
147 141.868784606
146.8 141.772090518
146.6 141.675384414
146.4 141.57849915
146.2 141.481404114
146 141.384192958
145.8 141.28655633
145.6 141.188836241
145.4 141.091048628
145.2 140.993283941
145 140.896487392
144.8 140.799041612
144.6 140.701576936
144.4 140.604026187
144.2 140.506379346
144 140.408673853
143.8 140.310584003
143.6 140.212279308
143.4 140.113754541
143.2 140.015075965
143 139.91745881
142.8 139.819731529
142.6 139.721986157
142.4 139.623976296
142.2 139.525653237
142 139.427104287
141.8 139.32834004
141.6 139.229512989
141.4 139.130614734
141.2 139.03166429
141 138.933434665
140.8 138.834844207
140.6 138.736220813
140.4 138.63743605
140.2 138.538460333
140 138.439359747
139.8 138.340055911
139.6 138.24067182
139.4 138.141219896
139.2 138.041724885
139 137.942836355
138.8 137.843708136
138.6 137.744516945
138.4 137.645167118
138.2 137.54563476
138 137.445981793
137.8 137.346062575
137.6 137.246013355
137.4 137.145804751
137.2 137.04547397
137 136.945794296
136.8 136.846200206
136.6 136.746543324
136.4 136.64673838
136.2 136.546758402
136 136.446670443
135.8 136.346253044
135.6 136.245631242
135.4 136.144770789
135.2 136.043727722
135 135.943330273
134.8 135.843163249
134.6 135.742935974
134.4 135.642561132
134.2 135.542006847
134 135.441359598
133.8 135.340435616
133.6 135.239285928
133.4 135.137902134
133.2 135.036340838
133 134.93547979
132.8 134.834745842
132.6 134.733954978
132.4 134.632964599
132.2 134.531719173
132 134.43029613
131.8 134.328651632
131.6 134.226948845
131.4 134.125177443
131.2 134.023354782
131 133.922285773
130.8 133.820802541
130.6 133.719186795
130.4 133.617411172
130.2 133.515472727
130 133.413531952
129.8 133.311360954
129.6 133.20913307
129.4 133.106851566
129.2 133.004522182
129 132.90307264
128.8 132.801008484
128.6 132.69884488
128.4 132.596542382
128.2 132.494092222
128 132.391657561
127.8 132.288910156
127.6 132.18602469
127.4 132.082995087
127.2 131.980071892
127 131.878003739
126.8 131.775452952
126.6 131.672786414
126.4 131.569982756
126.2 131.467112161
126 131.36427553
125.8 131.261118188
125.6 131.157803267
125.4 131.054357035
125.2 130.951258713
125 130.848581746
124.8 130.745257464
124.6 130.641774959
124.4 130.53820181
124.2 130.434787903
124 130.331442073
123.8 130.227711407
123.6 130.123706663
123.4 130.019513978
123.2 129.91603505
123 129.812639013
122.8 129.708962253
122.6 129.60516516
122.4 129.501214442
122.2 129.397294256
122 129.29315339
121.8 129.188725325
121.6 129.084219378
121.4 128.979857389
121.2 128.876195422
121 128.772343889
120.8 128.667885569
120.6 128.563271439
120.4 128.458767613
120.2 128.354492476
120 128.250131354
119.8 128.145243428
119.6 128.040140472
119.4 127.935453173
119.2 127.831013632
119 127.726428986
118.8 127.621371317
118.6 127.516209027
118.4 127.411281294
118.2 127.306285971
118 127.201126844
117.8 127.095636207
117.6 126.990025826
117.4 126.885130689
117.2 126.780159253
117 126.675035268
116.8 126.569409996
116.6 126.463894221
116.4 126.358621761
116.2 126.25320813
116 126.147644252
115.8 126.041690391
115.6 125.935856165
115.4 125.830181077
115.2 125.7244219
115 125.618479878
114.8 125.512257824
114.6 125.406500412
114.4 125.300705615
114.2 125.194777995
114 125.088700324
113.8 124.982354295
113.6 124.87624858
113.4 124.770000487
113.2 124.663647938
113 124.557085514
112.8 124.450598211
112.6 124.344308555
112.4 124.237819731
112.2 124.131118464
112 124.024216533
111.8 123.917552026
111.6 123.810820964
111.4 123.70398896
111.2 123.597051027
111 123.489927862
110.8 123.383279819
110.6 123.276421153
110.4 123.169354451
110.2 123.062095157
110 122.954999097
109.8 122.847897305
109.6 122.740555442
109.4 122.633121258
109.2 122.52559906
109 122.418399423
108.8 122.311011809
108.6 122.203473169
108.4 122.095798295
108.2 121.988088319
108 121.880905554
107.8 121.773210463
107.6 121.665323031
107.4 121.557349319
107.2 121.449623025
107 121.342074856
106.8 121.234143731
106.6 121.125931305
106.4 121.017497327
106.2 120.909393582
106 120.801350757
105.8 120.692865071
105.6 120.584309691
105.4 120.475899537
105.2 120.368026042
105 120.259941936
104.8 120.151249338
104.6 120.042385183
104.4 119.933700522
104.2 119.825136757
104 119.716527164
103.8 119.607312453
103.6 119.497947021
103.4 119.389421698
103.2 119.280774057
103 119.171955943
102.8 119.062914109
102.6 118.953740021
102.4 118.844611685
102.2 118.735364187
102 118.625966132
101.8 118.515970474
101.6 118.406797848
101.4 118.297674605
101.2 118.188426668
101 118.079047114
100.8 117.969333105
100.6 117.859735799
100.4 117.750017226
100.2 117.640182239
100 117.530180007
99.8 117.420348145
99.6 117.310729018
99.4 117.20099667
99.2 117.091132614
99 116.981217369
98.8 116.871088323
98.6 116.760640353
98.4 116.650000298
98.2 116.539224941
98 116.429025605
97.8 116.318902651
97.6 116.208692157
97.4 116.098348606
97.2 115.987915456
97 115.877725951
96.8 115.766810034
96.6 115.655624837
96.4 115.544277409
96.2 115.43355337
96 115.323182672
95.8 115.212428564
95.6 115.101518869
95.4 114.990401501
95.2 114.879275632
95 114.768086076
94.8 114.65637393
94.6 114.544607308
94.4 114.43349771
94.2 114.322725594
94 114.211698711
93.8 114.100008261
93.6 113.98832483
93.4 113.876861602
93.2 113.765318286
93 113.653664052
92.8 113.541099942
92.6 113.429292233
92.4 113.317812985
92.2 113.206134379
92 113.094234526
91.8 112.981741572
91.6 112.86940708
91.4 112.757013324
91.2 112.644539166
91 112.531945229
90.8 112.419607056
90.6 112.307619572
90.4 112.195532453
90.2 112.083317204
90 111.971021492
89.8 111.858146588
89.6 111.745006728
89.4 111.6316378
89.2 111.518109922
89 111.405789599
88.8 111.293167159
88.6 111.180517781
88.4 111.067735255
88.2 110.954826222
88 110.841896683
87.8 110.728038102
87.6 110.614033717
87.4 110.499921293
87.2 110.387256247
87 110.274481237
86.8 110.160971773
86.6 110.047450488
86.4 109.933747977
86.2 109.819867003
86 109.70594728
85.8 109.591222978
85.6 109.476714884
85.4 109.363415066
85.2 109.250027967
85 109.136521161
84.8 109.022304427
84.6 108.907963376
84.4 108.793449381
84.2 108.678797573
84 108.564137548
83.8 108.449346155
83.6 108.335391083
83.4 108.221318104
83.2 108.107091163
83 107.992724333
82.8 107.877641518
82.6 107.762358719
82.4 107.646843737
82.2 107.531156906
82 107.416641302
81.8 107.30187539
81.6 107.187085182
81.4 107.07215605
81.2 106.957082077
81 106.841966048
80.8 106.725919583
80.6 106.60974288
80.4 106.493554213
80.2 106.378711131
80 106.263756111
79.8 106.148147073
79.6 106.032485036
79.4 105.916604771
79.2 105.80050326
79 105.684322506
78.8 105.56733926
78.6 105.450947392
78.4 105.335365044
78.2 105.219605201
78 105.103604287
77.8 104.986880433
77.6 104.870315916
77.4 104.753623021
77.2 104.636807859
77 104.519950926
76.8 104.403357111
76.6 104.2868859
76.4 104.170302433
76.2 104.05359481
76 103.936901219
75.8 103.819560601
75.6 103.702109945
75.4 103.584542748
75.2 103.467252947
75 103.350866988
74.8 103.233374562
74.6 103.115741598
74.4 102.997990499
74.2 102.880483606
74 102.76289539
73.8 102.644672403
73.6 102.526310823
73.4 102.408831211
73.2 102.291548193
73 102.174125612
72.8 102.055571091
72.6 101.937206636
72.4 101.818951906
72.2 101.700584227
72 101.582132608
71.8 101.463173218
71.6 101.344863037
71.4 101.226462981
71.2 101.1079568
71 100.989318053
70.8 100.870332297
70.6 100.75123257
70.4 100.632031411
70.2 100.512744789
70 100.394375831
69.8 100.275153786
69.6 100.155802852
69.4 100.036356613
69.2 99.9171790956
69 99.798003986
68.8 99.6778458508
68.6 99.5576123016
68.4 99.4378946384
68.2 99.3186260702
68 99.199216187
67.8 99.0788171646
67.6 98.9585584622
67.4 98.8386637764
67.2 98.7186516286
67 98.598505259
66.8 98.4776769197
66.6 98.3574217394
66.4 98.2370738326
66.2 98.116627252
66 97.995998638
65.8 97.8751975452
65.6 97.7543004038
65.4 97.6333005726
65.2 97.5122021078
65 97.391853027
64.8 97.2705959902
64.6 97.149140537
64.4 97.0276061811
64.2 96.9066648722
64 96.785728693
63.8 96.6638949154
63.6 96.5418737629
63.4 96.4202879848
63.2 96.2989086568
63 96.17738536
62.8 96.0547554792
62.6 95.9326187222
62.4 95.8108586874
62.2 95.6889971494
62 95.567009807
61.8 95.4443721742
61.6 95.3219135164
61.4 95.1993513076
61.2 95.0766994732
61 94.954287961
60.8 94.8315282378
60.6 94.7086723748
60.4 94.585709611
60.2 94.4628507392
60 94.340385988
59.8 94.2167493016
59.6 94.09295938
59.4 93.9693933634
59.2 93.8466623246
59 93.723793507
58.8 93.5998642446
58.6 93.4759197841
58.4 93.352303821
58.2 93.2285990236
58 93.104780018
57.8 92.9799381654
57.6 92.8561434612
57.4 92.7322706252
57.2 92.6083033002
57 92.484306999
56.8 92.3595608726
56.6 92.2346667466
56.4 92.109665811
56.2 91.9847513635
56 91.860975683
55.8 91.7359922054
55.6 91.6109405282
55.4 91.4858442307
55.2 91.360993046
55 91.236068398
54.8 91.1098023948
54.6 90.983634669
54.4 90.8587588294
54.2 90.7338189482
54 90.608781993
53.8 90.4825614503
53.6 90.3564869296
53.4 90.230296388
53.2 90.1039993725
53 89.977898439
52.8 89.851780359
52.6 89.7256345212
52.4 89.5994133532
52.2 89.4731616452
52 89.347050384
51.8 89.2195124776
51.6 89.0918524502
51.4 88.964609907
51.2 88.838586277
51 88.712488681
50.8 88.5850424586
50.6 88.4575894631
50.4 88.330100277
50.2 88.202509332
50 88.074843168
49.8 87.9464623354
49.6 87.819149572
49.4 87.6917872164
49.2 87.5643570909
49 87.43689248
48.8 87.3080090704
48.6 87.1790076258
48.4 87.049907742
48.2 86.921962738
48 86.79475905
47.8 86.6660289076
47.6 86.5372676619
47.4 86.4084217938
47.2 86.2795085312
47 86.150577664
46.8 86.0200750665
46.6 85.8911755744
46.4 85.7625129104
46.2 85.6337654356
46 85.50491643
45.8 85.3746749888
45.6 85.244383061
45.4 85.1140334366
45.2 84.9838666494
45 84.855278537
44.8 84.7250430434
44.6 84.5947564364
44.4 84.4644639864
44.2 84.3342724564
44 84.204046786
43.8 84.0721995476
43.6 83.9411004672
43.4 83.810905063
43.2 83.6806428432
43 83.550293684
42.8 83.418506164
42.6 83.2868300228
42.4 83.155120456
42.2 83.0233747283
42 82.892952055
41.8 82.7610791862
41.6 82.6291566968
41.4 82.4971935542
41.2 82.3656520782
41 82.234077483
40.8 82.100763327
40.6 81.9677986923
40.4 81.8359728322
40.2 81.704101443
40 81.572153687
39.8 81.4386521096
39.6 81.305477858
39.4 81.1723067228
39.2 81.0391372835
39 80.906982996
38.8 80.7733553128
38.6 80.6396648348
38.4 80.50593817
38.2 80.3729136644
38 80.239922494
37.8 80.1050158444
37.6 79.9704033027
37.4 79.836822864
37.2 79.7032222922
37 79.569604009
36.8 79.4343827253
36.6 79.2996250244
36.4 79.164891714
36.2 79.0301753812
36 78.896412477
35.8 78.7608903138
35.6 78.625326657
35.4 78.4898124894
35.2 78.355267036
35 78.220768124
34.8 78.0841381136
34.6 77.9480021546
34.4 77.8125660438
34.2 77.677115405
34 77.541692317
33.8 77.4048606219
33.6 77.268417913
33.4 77.1320198538
33.2 76.9956901375
33 76.860358313
32.8 76.722802153
32.6 76.5852534414
32.4 76.4482005383
32.2 76.3119887648
32 76.175859064
31.8 76.0374010264
31.6 75.8997244832
31.4 75.7623165546
31.2 75.6249106182
31 75.487694348
30.8 75.3493896296
30.6 75.2111608508
30.4 75.0730221438
30.2 74.9353230786
30 74.798045009
29.8 74.6583255234
29.6 74.5186496547
29.4 74.3803877548
29.2 74.2424323616
29 74.104614168
28.8 73.964385766
28.6 73.824788868
28.4 73.6852402
28.2 73.5457251824
28 73.407468803
27.8 73.2672050014
27.6 73.1270364228
27.4 72.9870659792
27.2 72.8477421824
27 72.708408952
26.8 72.566414452
26.6 72.425470778
26.4 72.2855269048
26.2 72.1457462372
26 72.006116658
25.8 71.8640298866
25.6 71.7221365272
25.4 71.5803616798
25.2 71.4395471466
25 71.299981773
24.8 71.157620013
24.6 71.0153129323
24.4 70.8736079982
24.2 70.7320918444
24 70.59053123
23.8 70.4469248161
23.6 70.3047499212
23.4 70.1628017188
23.2 70.0211158538
23 69.879728913
22.8 69.735247445
22.6 69.5910471262
22.4 69.4478331354
22.2 69.3061395882
22 69.164631605
21.8 69.0199019665
21.6 68.875609479
21.4 68.7316835882
21.2 68.5880147456
21 68.44516122
20.8 68.3004954096
20.6 68.1558518232
20.4 68.0114548933
20.2 67.8679931644
20 67.724628866
19.8 67.577803314
19.6 67.4321993217
19.4 67.2878641158
19.2 67.143806714
19 67.000157446
18.8 66.8531771691
18.6 66.7066479918
18.4 66.5605317548
18.2 66.415750751
18 66.271923155
17.8 66.124250835
17.6 65.9768733048
17.4 65.830745302
17.2 65.685067916
17 65.53969872
16.8 65.391357797
16.6 65.2439297738
16.4 65.0967758872
16.2 64.9503965654
16 64.805419311
15.8 64.6556126566
15.6 64.5065291922
15.4 64.359385726
15.2 64.212580061
15 64.066423893
14.8 63.9154811311
14.6 63.7656021146
14.4 63.6163595378
14.2 63.4679484705
14 63.320851251
13.8 63.1676637974
13.6 63.0150270863
13.4 62.8640922604
13.2 62.7138932226
13 62.564510345
12.8 62.4088036705
12.6 62.254718286
12.4 62.1009985939
12.2 61.948284178
12 61.797706902
11.8 61.6396874788
11.6 61.4825878291
11.4 61.3274951904
11.2 61.1728307668
11 61.018657178
10.8 60.8590173396
10.6 60.7000049112
10.4 60.5418586341
10.2 60.385470295
10 60.229523063
9.8 60.0661900518
9.6 59.9045309773
9.4 59.7445278736
9.2 59.5855203687
9 59.427709483
8.8 59.261779051
8.6 59.0970861856
8.4 58.9339342435
8.2 58.77257756
8 58.612288892
7.8 58.4432717527
7.6 58.2760064366
7.4 58.109957075
7.2 57.945478161
7 57.782583997
6.8 57.6104552834
6.6 57.4395910499
6.4 57.2708730546
6.2 57.1033893731
6 56.937507007
5.8 56.761796207
5.6 56.5876770138
5.4 56.4153918519
5.2 56.2450068296
5 56.076336116
4.8 55.8964826634
4.6 55.7192579808
4.4 55.5432235701
4.2 55.3697107254
4 55.197947383
3.8 55.014468175
3.6 54.8337934808
3.4 54.655171174
3.2 54.4783524913
3 54.303727582
2.8 54.1175455716
2.6 53.933155945
2.4 53.7524592518
2.2 53.5738335335
2 53.397402637
1.8 53.2064420682
1.6 53.019012555
1.4 52.8356847212
1.2 52.6552639764
1 52.478135897
0.8 52.2700427442
0.6 52.0681873828
0.4 51.8705742192
0.2 51.6773473838
0 51.490525039
