200 147.30470252
199.8 147.231508446
199.6 147.158288157
199.4 147.085029674
199.2 147.011706931
199 146.938731141
198.8 146.86541933
198.6 146.79207851
198.4 146.718646863
198.2 146.645095521
198 146.571428567
197.8 146.497658311
197.6 146.423807465
197.4 146.349808581
197.2 146.275684553
197 146.201525062
196.8 146.127242011
196.6 146.052921533
196.4 145.978760888
196.2 145.904987845
196 145.831049636
195.8 145.756717339
195.6 145.682350487
195.4 145.607844812
195.2 145.533195538
195 145.458508264
194.8 145.383665934
194.6 145.30871371
194.4 145.233633607
194.2 145.158442265
194 145.083190948
193.8 145.007622551
193.6 144.932722294
193.4 144.857833807
193.2 144.782849222
193 144.707760483
192.8 144.632462365
192.6 144.557126695
192.4 144.481642101
192.2 144.405982271
192 144.330289587
191.8 144.254386899
191.6 144.178369868
191.4 144.102260113
191.2 144.026082692
191 143.950275347
190.8 143.874144217
190.6 143.798021251
190.4 143.721865737
190.2 143.645668453
190 143.56945166
189.8 143.493120664
189.6 143.416695709
189.4 143.3401116
189.2 143.263386446
189 143.186644167
188.8 143.109427589
188.6 143.03207277
188.4 142.955094395
188.2 142.878401506
188 142.801686406
187.8 142.724817491
187.6 142.647941154
187.4 142.570819002
187.2 142.493426233
187 142.41590865
186.8 142.338398674
186.6 142.26077382
186.4 142.183032894
186.2 142.105201977
186 142.027334422
185.8 141.949645253
185.6 141.872246736
185.4 141.794725904
185.2 141.717031556
185 141.639177233
184.8 141.561029941
184.6 141.482872892
184.4 141.404643189
184.2 141.326352513
184 141.24804461
183.8 141.169316196
183.6 141.090434003
183.4 141.011427467
183.2 140.933052605
183 140.854734033
182.8 140.776075667
182.6 140.697403747
182.4 140.618684
182.2 140.539904516
182 140.461078227
181.8 140.382063329
181.6 140.302887088
181.4 140.223481363
181.2 140.143899941
181 140.064318538
180.8 139.984498864
180.6 139.905391288
180.4 139.826218557
180.2 139.746946001
180 139.667583287
179.8 139.588137973
179.6 139.508705272
179.4 139.428884523
179.2 139.348793304
179 139.26870209
178.8 139.188333118
178.6 139.107869804
178.4 139.0273154
178.2 138.947299311
178 138.867555693
177.8 138.787418511
177.6 138.70728007
177.4 138.627009797
177.2 138.546582909
177 138.466082532
176.8 138.385384957
176.6 138.304613596
176.4 138.223711484
176.2 138.142699885
176 138.06167829
175.8 137.980452674
175.6 137.899758778
175.4 137.818990612
175.2 137.738119847
175 137.657153577
174.8 137.575900143
174.6 137.494651003
174.4 137.41322507
174.2 137.331652289
174 137.250062495
173.8 137.168094879
173.6 137.086088836
173.4 137.004064024
173.2 136.922746491
173 136.841390848
172.8 136.759674144
172.6 136.677937162
172.4 136.596072065
172.2 136.5140562
172 136.431968994
171.8 136.349537326
171.6 136.267091053
171.4 136.184607267
171.2 136.102090836
171 136.019574404
170.8 135.937063926
170.6 135.854642218
170.4 135.772167382
170.2 135.689655185
170 135.607116461
169.8 135.524403405
169.6 135.441646131
169.4 135.358666468
169.2 135.275456006
169 135.192167848
168.8 135.108770818
168.6 135.025272824
168.4 134.942300583
168.2 134.859489616
168 134.776534602
167.8 134.693092045
167.6 134.60960567
167.4 134.526084033
167.2 134.442606732
167 134.359127834
166.8 134.275346783
166.6 134.191380543
166.4 134.107240701
166.2 134.022978019
166 133.939303029
165.8 133.855650637
165.6 133.771974671
165.4 133.688149429
165.2 133.604118651
165 133.519895524
164.8 133.435455095
164.6 133.350972259
164.4 133.266368851
164.2 133.181648195
164 133.096872151
163.8 133.011770422
163.6 132.927320526
163.4 132.842905648
163.2 132.758396554
163 132.673783422
162.8 132.589066672
162.6 132.504331064
162.4 132.419435958
162.2 132.334325302
162 132.249096394
161.8 132.163584948
161.6 132.077944362
161.4 131.992298505
161.2 131.907381385
161 131.822399467
160.8 131.737035483
160.6 131.651621485
160.4 131.566037595
160.2 131.480259307
160 131.39436578
159.8 131.308462487
159.6 131.222433591
159.4 131.136299247
159.2 131.050086753
159 130.964175656
158.8 130.878393582
158.6 130.792521322
158.4 130.706554478
158.2 130.620475053
158 130.534251451
157.8 130.447921358
157.6 130.361583644
157.4 130.275130099
157.2 130.188571429
157 130.101956129
156.8 130.014890337
156.6 129.928201665
156.4 129.841568495
156.2 129.754914034
156 129.668207228
155.8 129.581279576
155.6 129.494319317
155.4 129.407311437
155.2 129.320092964
155 129.232731223
154.8 129.145292497
154.6 129.057696146
154.4 128.970287148
154.2 128.88332467
154 128.796219468
153.8 128.70859499
153.6 128.620892799
153.4 128.533144288
153.2 128.445535609
153 128.35799627
152.8 128.270176348
152.6 128.18213535
152.4 128.09391182
152.2 128.005561722
152 127.9178923
151.8 127.830037026
151.6 127.742127693
151.4 127.65412094
151.2 127.565942279
151 127.477529064
150.8 127.38904281
150.6 127.30045076
150.4 127.211741919
150.2 127.122930783
150 127.034057349
149.8 126.945443058
149.6 126.857077343
149.4 126.768631351
149.2 126.680040509
149 126.591215044
148.8 126.501973307
148.6 126.412959726
148.4 126.323848904
148.2 126.234617597
148 126.145297438
147.8 126.055663353
147.6 125.966163487
147.4 125.877050436
147.2 125.787875569
147 125.698580146
146.8 125.608934951
146.6 125.519221772
146.4 125.429687987
146.2 125.340114859
146 125.250412241
145.8 125.160439041
145.6 125.07030549
145.4 124.980230457
145.2 124.890598929
145 124.800825655
144.8 124.710699856
144.6 124.620488888
144.4 124.530192951
144.2 124.439982509
144 124.34974049
143.8 124.259226963
143.6 124.168580711
143.4 124.077827847
143.2 123.98709858
143 123.896934375
142.8 123.806318149
142.6 123.715657711
142.4 123.624917823
142.2 123.534015713
142 123.443000112
141.8 123.351837368
141.6 123.260664648
141.4 123.169462109
141.2 123.078225857
141 122.987051959
140.8 122.895969664
140.6 122.804603401
140.4 122.713129481
140.2 122.621621787
140 122.530051768
139.8 122.43854501
139.6 122.347054374
139.4 122.255394298
139.2 122.163549399
139 122.071519732
138.8 121.979409496
138.6 121.887760553
138.4 121.796058246
138.2 121.704236024
138 121.612159342
137.8 121.519607196
137.6 121.427391775
137.4 121.335250926
137.2 121.243076837
137 121.150848567
136.8 121.058361328
136.6 120.965719284
136.4 120.873246695
136.2 120.780748195
136 120.68821761
135.8 120.595202201
135.6 120.502106472
135.4 120.409474377
135.2 120.316745579
135 120.22383672
134.8 120.130671346
134.6 120.037302714
134.4 119.944152654
134.2 119.851154563
134 119.758047029
133.8 119.664553389
133.6 119.570935893
133.4 119.477380183
133.2 119.384092084
133 119.290602908
132.8 119.196851155
132.6 119.102905667
132.4 119.008857687
132.2 118.915298391
132 118.821716249
131.8 118.727722633
131.6 118.633578974
131.4 118.539376516
131.2 118.44544095
131 118.351557076
130.8 118.257374084
130.6 118.163047057
130.4 118.068607021
130.2 117.974221335
130 117.880141541
129.8 117.785543999
129.6 117.690668535
129.4 117.595684731
129.2 117.50066617
129 117.406264879
128.8 117.311572035
128.6 117.216753221
128.4 117.121833176
128.2 117.026825263
128 116.932066217
127.8 116.836967567
127.6 116.741561026
127.4 116.646035141
127.2 116.550467332
127 116.455162473
126.8 116.359942343
126.6 116.264544118
126.4 116.168969327
126.2 116.073221975
126 115.977430645
125.8 115.881726003
125.6 115.785946458
125.4 115.690131938
125.2 115.594208346
125 115.497999273
124.8 115.401927851
124.6 115.305849308
124.4 115.209743002
124.2 115.113603455
124 115.017440349
123.8 114.921043092
123.6 114.824526775
123.4 114.72791971
123.2 114.63126117
123 114.534537256
122.8 114.437753215
122.6 114.341175181
122.4 114.244502333
122.2 114.147716737
122 114.050813437
121.8 113.953730117
121.6 113.856635415
121.4 113.759439301
121.2 113.662155747
121 113.564730644
120.8 113.467060803
120.6 113.369830005
120.4 113.272513625
120.2 113.175084311
120 113.077523738
119.8 112.979693935
119.6 112.881976666
119.4 112.784147093
119.2 112.686221856
119 112.588163465
118.8 112.48967986
118.6 112.391981791
118.4 112.29419663
118.2 112.196294093
118 112.09826839
117.8 111.999864049
117.6 111.901445776
117.4 111.802845064
117.2 111.704115957
117 111.605277747
116.8 111.506054038
116.6 111.407698736
116.4 111.309325042
116.2 111.210845769
116 111.112246931
115.8 111.013211696
115.6 110.914130444
115.4 110.814885786
115.2 110.71549716
115 110.616012573
114.8 110.516132413
114.6 110.417058464
114.4 110.318079099
114.2 110.219001031
114 110.11979115
113.8 110.019919826
113.6 109.920126342
113.4 109.820263547
113.2 109.720290047
113 109.62021938
112.8 109.519517737
112.6 109.419598442
112.4 109.319801948
112.2 109.219898706
112 109.119867712
111.8 109.019563939
111.6 108.919175344
111.4 108.818605506
111.2 108.717868769
111 108.617053568
110.8 108.515789988
110.6 108.415431171
110.4 108.315114451
110.2 108.214608902
110 108.113894552
109.8 108.012622585
109.6 107.911409528
109.4 107.810087615
109.2 107.708643055
109 107.607115149
108.8 107.504932582
108.6 107.403837753
108.4 107.302727068
108.2 107.201511532
108 107.10016802
107.8 106.998317435
107.6 106.896500426
107.4 106.794540822
107.2 106.692455816
107 106.590307117
106.8 106.487605581
106.6 106.385888014
106.4 106.284085426
106.2 106.18217032
106 106.080153942
105.8 105.97761421
105.6 105.87491103
105.4 105.77197954
105.2 105.668863058
105 105.565671206
104.8 105.462443651
104.6 105.360031986
104.4 105.257529184
104.2 105.154902482
104 105.052170038
103.8 104.948897459
103.6 104.845431212
103.4 104.741723382
103.2 104.637819338
103 104.533852816
102.8 104.430288106
102.6 104.32713897
102.4 104.223901838
102.2 104.120542419
102 104.017053664
101.8 103.91284425
101.6 103.808508879
101.4 103.704026839
101.2 103.599422698
101 103.494827586
100.8 103.390749052
100.6 103.286649537
100.4 103.182452804
100.2 103.078126427
100 102.973680578
99.8 102.86863554
99.6 102.763467061
99.4 102.658153063
99.2 102.55272158
99 102.447937042
98.8 102.343074196
98.6 102.238207847
98.4 102.133227336
98.2 102.028100527
98 101.922849208
97.8 101.816941422
97.6 101.710921913
97.4 101.60478903
97.2 101.498595547
97 101.393765472
96.8 101.288099389
96.6 101.18240841
96.4 101.076573624
96.2 100.970576203
96 100.864506826
95.8 100.757733175
95.6 100.6508376
95.4 100.543847855
95.2 100.437621238
95 100.331885412
94.8 100.225329056
94.6 100.118742436
94.4 100.0119836
94.2 99.9049875316
94 99.797948718
93.8 99.69011569
93.6 99.5822122814
93.4 99.4745959051
93.2 99.367993322
93 99.261283502
92.8 99.1537513468
92.6 99.0461708055
92.4 98.938477062
92.2 98.8306647834
92 98.722800225
91.8 98.6141291082
91.6 98.5053416254
91.4 98.3977690756
91.2 98.2901711228
91 98.182454526
90.8 98.0738889332
90.6 97.9653284529
90.4 97.8567037296
90.2 97.7479400094
90 97.639120191
89.8 97.529481691
89.6 97.4207161013
89.4 97.3122104584
89.2 97.203588772
89 97.094813824
88.8 96.985283603
88.6 96.8758463026
88.4 96.7662590118
88.2 96.6565313104
88 96.546753764
87.8 96.4368894357
87.6 96.3274540602
87.4 96.217909631
87.2 96.1082316924
87 95.998382566
86.8 95.8880260228
86.6 95.7775563778
86.4 95.6669607578
86.2 95.5562593301
86 95.446118511
85.8 95.3356863094
85.6 95.2251624884
85.4 95.1145203056
85.2 95.0037421427
85 94.893112585
84.8 94.781720421
84.6 94.6701868058
84.4 94.5585376106
84.2 94.4473841118
84 94.336799771
83.8 94.2252582134
83.6 94.1136198638
83.4 94.0018726324
83.2 93.8903195916
83 93.778665006
82.8 93.6661839844
82.6 93.553540519
82.4 93.441430918
82.2 93.3298035742
82 93.218033791
81.8 93.105307651
81.6 92.9925340026
81.4 92.8800446214
81.2 92.7674351988
81 92.654718846
80.8 92.541124266
80.6 92.4280921715
80.4 92.3153745978
80.2 92.2025593762
80 92.089569569
79.8 91.9757648296
79.6 91.8622791962
79.4 91.7486717226
79.2 91.6349378644
79 91.521102458
78.8 91.4072250854
78.6 91.2933814016
78.4 91.1794404444
78.2 91.0653954518
78 90.951400857
77.8 90.8368164146
77.6 90.722116858
77.4 90.6073084832
77.2 90.4924841957
77 90.37859387
76.8 90.2636216772
76.6 90.1484947444
76.4 90.033281598
76.2 89.9184154244
76 89.803591222
75.8 89.6878368796
75.6 89.5718933164
75.4 89.4562377228
75.2 89.3411349354
75 89.225904077
74.8 89.1095949354
74.6 88.9932254425
74.4 88.8774407166
74.2 88.761553508
74 88.645533472
73.8 88.528527846
73.6 88.4120391544
73.4 88.2956881256
73.2 88.1792556582
73 88.062660247
72.8 87.9453275709
72.6 87.8283404766
72.4 87.7112589386
72.2 87.5940744686
72 87.476968767
71.8 87.3595496182
71.6 87.241928339
71.4 87.1242139458
71.2 87.0064106523
71 86.889195777
70.8 86.7710272026
70.6 86.6527032078
70.4 86.5342648014
70.2 86.4163620148
70 86.298625574
69.8 86.1797099564
69.6 86.0606405138
69.4 85.9419603555
69.2 85.8236747622
69 85.705201983
68.8 85.5856954814
68.6 85.4662218724
68.4 85.3472046282
68.2 85.2281176922
68 85.108887553
67.8 84.9885110328
67.6 84.8690147684
67.4 84.74942939
67.2 84.6297320964
67 84.509913862
66.8 84.3896533932
66.6 84.2692574142
66.4 84.1487684546
66.2 84.0281932013
66 83.908247307
65.8 83.787374619
65.6 83.6664090456
65.4 83.5453453416
65.2 83.4246301114
65 83.304101557
64.8 83.182274145
64.6 83.060300392
64.4 82.938848788
64.2 82.8179007528
64 82.696792364
63.8 82.5744702816
63.6 82.4522683166
63.4 82.3303394244
63.2 82.2083174344
63 82.086169064
62.8 81.9630113572
62.6 81.8406917574
62.4 81.7182975114
62.2 81.5958061633
62 81.47333806
61.8 81.3500374896
61.6 81.226570475
61.4 81.1030032514
61.2 80.9795708389
61 80.857115269
60.8 80.7333054066
60.6 80.6094172598
60.4 80.4855023798
60.2 80.3619497656
60 80.238310248
59.8 80.1131846008
59.6 79.9880893035
59.4 79.8642469314
59.2 79.7403317094
59 79.616302431
58.8 79.4909169346
58.6 79.3658234254
58.4 79.2406226102
58.2 79.115325109
58 78.990053571
57.8 78.8646546318
57.6 78.7392259956
57.4 78.6137092768
57.2 78.4881363994
57 78.362884566
56.8 78.2360640612
56.6 78.1091147838
56.4 77.9823189164
56.2 77.8568723556
56 77.731331974
55.8 77.6042414964
55.6 77.4771543627
55.4 77.3502318812
55.2 77.223221117
55 77.096135765
54.8 76.9677852138
54.6 76.8406927078
54.4 76.7135413886
54.2 76.5863118072
54 76.459093917
53.8 76.3304475522
53.6 76.2016688766
53.4 76.072786857
53.2 75.9446268256
53 75.817442968
52.8 75.6885791688
52.6 75.5596859997
52.4 75.4308081604
52.2 75.3019238832
52 75.172982216
51.8 75.0421931032
51.6 74.9126880083
51.4 74.7837663384
51.2 74.6547799888
51 74.525708228
50.8 74.3950366208
50.6 74.2642980816
50.4 74.1334603252
50.2 74.0025363223
50 73.873540118
49.8 73.742747274
49.6 73.611936325
49.4 73.4810771479
49.2 73.3501823664
49 73.219236612
48.8 73.0863592864
48.6 72.9541555062
48.4 72.8233110188
48.2 72.6924235882
48 72.561479241
47.8 72.4286506867
47.6 72.2957442758
47.4 72.1627759754
47.2 72.0297617525
47 71.898404911
46.8 71.7655491022
46.6 71.6326584874
46.4 71.4996962894
46.2 71.3667055252
46 71.233687162
45.8 71.0986551996
45.6 70.9641703154
45.4 70.8312043828
45.2 70.6981738328
45 70.565055132
44.8 70.4299390371
44.6 70.2948690536
44.4 70.1597566904
44.2 70.0246000164
44 69.89109043
43.8 69.7558095292
43.6 69.6204873622
43.4 69.4851456038
43.2 69.3499836744
43 69.214786112
42.8 69.0774217488
42.6 68.9409063008
42.4 68.8054872574
42.2 68.6700127306
42 68.534462065
41.8 68.3969407746
41.6 68.2594873368
41.4 68.1220101892
41.2 67.9847209868
41 67.849123672
40.8 67.7112531808
40.6 67.5733228504
40.4 67.4355792075
40.2 67.2980544566
40 67.160478055
39.8 67.0205716082
39.6 66.8822506498
39.4 66.7441831442
39.2 66.6060932121
39 66.468103107
38.8 66.3280773158
38.6 66.1880509852
38.4 66.0480244762
38.2 65.9091986774
38 65.770986423
37.8 65.630192611
37.6 65.4894054419
37.4 65.3492605164
37.2 65.2091421544
37 65.069036216
36.8 64.9272528289
36.6 64.7862952296
36.4 64.6453039708
36.2 64.5042938087
36 64.36405693
35.8 64.221154234
35.6 64.0782931924
35.4 63.9362235852
35.2 63.7950935006
35 63.653964043
34.8 63.510006184
34.6 63.3668832554
34.4 63.2238672046
34.2 63.0808937349
34 62.938650224
33.8 62.794506032
33.6 62.650342727
33.4 62.5061697731
33.2 62.3630152048
33 62.219952792
32.8 62.0739313064
32.6 61.9287452035
32.4 61.784356579
32.2 61.6399782179
32 61.49571583
31.8 61.3494531932
31.6 61.2032837034
31.4 61.0571884099
31.2 60.9120288638
31 60.767467603
30.8 60.6197614398
30.6 60.4723134739
30.4 60.3259732276
30.2 60.1797276556
30 60.033577114
29.8 59.8851937891
29.6 59.737223643
29.4 59.5892496731
29.2 59.4418849064
29 59.295583248
28.8 59.1457897424
28.6 58.9962022858
28.4 58.8479971988
28.2 58.6998172046
28 58.551774383
27.8 58.401185598
27.6 58.2512530628
27.4 58.1014779365
27.2 57.9522169276
27 57.803813726
26.8 57.6518259108
26.6 57.499919266
26.4 57.3497878134
26.2 57.1998249292
26 57.050053358
25.8 56.8972145759
25.6 56.7449690696
25.4 56.5927870764
25.2 56.441410494
25 56.291402414
24.8 56.1374033124
24.6 55.9837635414
24.4 55.83132184
24.2 55.6789652526
24 55.526756495
23.8 55.3721225323
23.6 55.2180062886
23.4 55.0641397916
23.2 54.911066252
23 54.758464724
22.8 54.6017267528
22.6 54.4458768798
22.4 54.2915992618
22.2 54.1375910381
22 53.983925456
21.8 53.8265725128
21.6 53.6695671976
21.4 53.5127410628
21.2 53.358183533
21 53.204140097
20.8 53.0454454722
20.6 52.8877152906
20.4 52.7305177956
20.2 52.5735171726
20 52.417995587
19.8 52.258999923
19.6 52.1001993358
19.4 51.9421118107
19.2 51.7849439742
19 51.627882719
18.8 51.4664871137
18.6 51.3072809844
18.4 51.1485359728
18.2 50.9903547089
18 50.833059013
17.8 50.6705247522
17.6 50.5084253733
17.4 50.3490955266
17.2 50.1903852048
17 50.032295376
16.8 49.8688953947
16.6 49.706218845
16.4 49.5440533286
16.2 49.3842515464
16 49.22563976
15.8 49.0613030312
15.6 48.8976486837
15.4 48.7350350616
15.2 48.5730412666
15 48.412668221
14.8 48.2452071418
14.6 48.077717661
14.4 47.9115832104
14.2 47.7467473088
14 47.58199504
13.8 47.4098746585
13.6 47.2393658816
13.4 47.0694183635
13.2 46.9011264744
13 46.733877212
12.8 46.5582220856
12.6 46.3850933851
12.4 46.2133673642
12.2 46.0422683572
12 45.87355417
11.8 45.6957948804
11.6 45.5193750198
11.4 45.345675169
11.2 45.1727801382
11 45.001261979
10.8 44.8216008703
10.6 44.6434682246
10.4 44.4667750229
10.2 44.2923742178
10 44.119013965
9.8 43.936722914
9.6 43.7567300584
9.4 43.5781328465
9.2 43.4018505782
9 43.226850927
8.8 43.0417376649
8.6 42.859077083
8.4 42.6784989802
8.2 42.4996300478
8 42.324354574
7.8 42.1356695028
7.6 41.9550170436
7.4 41.7909415688
7.2 41.6274175497
7 41.465283193
6.8 41.292871793
6.6 41.1229891662
6.4 40.9593867861
6.2 40.8090411902
6 40.659199119
5.8 40.4948106266
5.6 40.3406983254
5.4 40.188823235
5.2 40.0391603065
5 39.892034888
4.8 39.7305527688
4.6 39.5721134512
4.4 39.4163456962
4.2 39.2631203112
4 39.112843424
3.8 38.9440406663
3.6 38.7801943336
3.4 38.6194038096
3.2 38.4612792191
3 38.304882109
2.8 38.1275841354
2.6 37.9523505986
2.4 37.7832813918
2.2 37.6172816824
2 37.453239687
1.8 37.2581531542
1.6 37.0669072418
1.4 36.8800861248
1.2 36.6969680014
1 36.517500371
0.8 36.2781573373
0.6 36.0329750574
0.4 35.7922547938
0.2 35.5517031445
0 35.309491351
