200 162.904987812
199.8 162.839511001
199.6 162.773945838
199.4 162.708312285
199.2 162.642611158
199 162.576824129
198.8 162.510957912
198.6 162.444916761
198.4 162.378793955
198.2 162.312611038
198 162.246261269
197.8 162.179903275
197.6 162.113373011
197.4 162.04678101
197.2 161.980127615
197 161.913267992
196.8 161.846566241
196.6 161.779674459
196.4 161.712657482
196.2 161.645523465
196 161.578223884
195.8 161.51105617
195.6 161.443757545
195.4 161.376372083
195.2 161.308919
195 161.241315782
194.8 161.173674834
194.6 161.10586505
194.4 161.037981687
194.2 160.970114184
194 160.902125426
193.8 160.834226336
193.6 160.766080755
193.4 160.697735017
193.2 160.629200077
193 160.560451508
192.8 160.492055371
192.6 160.423529954
192.4 160.354879692
192.2 160.286151689
192 160.217241377
191.8 160.148301619
191.6 160.079204273
191.4 160.010044068
191.2 159.941056192
191 159.871816695
190.8 159.802672887
190.6 159.733265776
190.4 159.663637173
190.2 159.593814874
190 159.523812652
189.8 159.454266816
189.6 159.384480265
189.4 159.314562085
189.2 159.244522208
189 159.174199671
188.8 159.103874272
188.6 159.033473382
188.4 158.963193464
188.2 158.892937514
188 158.822367564
187.8 158.751707009
187.6 158.680915535
187.4 158.610033202
187.2 158.539084599
187 158.468174696
186.8 158.397349298
186.6 158.326122892
186.4 158.254705328
186.2 158.18319236
186 158.11156565
185.8 158.039945924
185.6 157.968457731
185.4 157.897077935
185.2 157.825474859
185 157.753507793
184.8 157.681581223
184.6 157.609430689
184.4 157.53708034
184.2 157.464704652
184 157.392407954
183.8 157.320156408
183.6 157.247764993
183.4 157.175303322
183.2 157.102701837
183 157.029751807
182.8 156.956885801
182.6 156.884140613
182.4 156.811329478
182.2 156.738420963
182 156.665376604
181.8 156.592266166
181.6 156.518902043
181.4 156.445456419
181.2 156.371933708
181 156.29830949
180.8 156.224711069
180.6 156.150837928
180.4 156.076824814
180.2 156.002717674
180 155.928955205
179.8 155.855073108
179.6 155.781074464
179.4 155.706921178
179.2 155.632602799
179 155.558136523
178.8 155.483775028
178.6 155.409243968
178.4 155.334545574
178.2 155.259713685
178 155.184734643
177.8 155.109650577
177.6 155.034422501
177.4 154.959380784
177.2 154.884439557
177 154.809223711
176.8 154.73401202
176.6 154.65862391
176.4 154.583044088
176.2 154.507304752
176 154.431653745
175.8 154.356015767
175.6 154.280134678
175.4 154.204093617
175.2 154.127919585
175 154.051583439
174.8 153.975257004
174.6 153.89928263
174.4 153.823142895
174.2 153.746763396
174 153.6701051
173.8 153.593639374
173.6 153.516967507
173.4 153.440178594
173.2 153.363272744
173 153.286285132
172.8 153.209193009
172.6 153.131915295
172.4 153.054526666
172.2 152.977168845
172 152.899942271
171.8 152.822718237
171.6 152.745373357
171.4 152.66785605
171.2 152.590163988
171 152.512344092
170.8 152.434509982
170.6 152.356551811
170.4 152.278483373
170.2 152.20029003
170 152.121907324
169.8 152.043204683
169.6 151.964679601
169.4 151.886425245
169.2 151.80808031
169 151.729633898
168.8 151.651198
168.6 151.572584468
168.4 151.493668456
168.2 151.414481658
168 151.335263252
167.8 151.256053233
167.6 151.176730775
167.4 151.09732337
167.2 151.017802687
167 150.938513901
166.8 150.859068637
166.6 150.779592812
166.4 150.700022972
166.2 150.620336008
166 150.540549159
165.8 150.460857653
165.6 150.380857697
165.4 150.300561121
165.2 150.220039761
165 150.139433205
164.8 150.058589017
164.6 149.977855833
164.4 149.897613097
164.2 149.817285085
164 149.736837089
163.8 149.656200254
163.6 149.575467378
163.4 149.494514901
163.2 149.413333225
163 149.332106829
162.8 149.250850987
162.6 149.169357663
162.4 149.087655777
162.2 149.005791019
162 148.924498551
161.8 148.843055378
161.6 148.761580515
161.4 148.679993052
161.2 148.59827807
161 148.516486645
160.8 148.434559009
160.6 148.352438018
160.4 148.270091284
160.2 148.187559617
160 148.104960144
159.8 148.022081602
159.6 147.939692597
159.4 147.857394282
159.2 147.774942023
159 147.692298025
158.8 147.609581894
158.6 147.526790318
158.4 147.443695068
158.2 147.360346088
158 147.27695553
157.8 147.193338665
157.6 147.109619671
157.4 147.025810519
157.2 146.942479333
157 146.859277323
156.8 146.775831464
156.6 146.692346275
156.4 146.608639127
156.2 146.524685412
156 146.440592509
155.8 146.356323119
155.6 146.271944213
155.4 146.187430966
155.2 146.102805131
155 146.018135041
154.8 145.933581951
154.6 145.849182671
154.4 145.764693051
154.2 145.680088937
154 145.595393717
153.8 145.510737629
153.6 145.425811339
153.4 145.340492757
153.2 145.254844344
153 145.169175506
152.8 145.08339417
152.6 144.997512346
152.4 144.912568292
152.2 144.827448934
152 144.742117316
151.8 144.656439811
151.6 144.570754349
151.4 144.484892665
151.2 144.398773885
151 144.312643468
150.8 144.226257718
150.6 144.139638007
150.4 144.052792484
150.2 143.966207477
150 143.880222753
149.8 143.794087627
149.6 143.707944554
149.4 143.621487749
149.2 143.534654745
149 143.447558492
148.8 143.360406071
148.6 143.273081792
148.4 143.18553012
148.2 143.097802668
148 143.010058194
147.8 142.923080217
147.6 142.836191374
147.4 142.749074933
147.2 142.66165238
147 142.573968321
146.8 142.486171519
146.6 142.398229264
146.4 142.310020605
146.2 142.221576225
146 142.133105695
145.8 142.044335949
145.6 141.955962522
145.4 141.867998032
145.2 141.779884332
145 141.691575676
144.8 141.603114706
144.6 141.51460736
144.4 141.425795432
144.2 141.336725717
144 141.247587055
143.8 141.158299201
143.6 141.068775457
143.4 140.979327276
143.2 140.89047192
143 140.801450506
142.8 140.711993292
142.6 140.622466439
142.4 140.532770655
142.2 140.442925608
142 140.353044748
141.8 140.263109708
141.6 140.172966546
141.4 140.08262108
141.2 139.992205601
141 139.902509652
140.8 139.81235029
140.6 139.722051555
140.4 139.631597084
140.2 139.540989557
140 139.450316742
139.8 139.35966219
139.6 139.268748098
139.4 139.177516991
139.2 139.086034398
139 138.994546653
138.8 138.903885949
138.6 138.813092736
138.4 138.72207546
138.2 138.630762553
138 138.539102435
137.8 138.447642219
137.6 138.356087932
137.4 138.264288908
137.2 138.172261679
137 138.080133617
136.8 137.98775352
136.6 137.895909089
136.4 137.803945815
136.2 137.711870759
136 137.619645089
135.8 137.527396673
135.6 137.435118017
135.4 137.342553234
135.2 137.249648267
135 137.156560212
134.8 137.063430744
134.6 136.970440139
134.4 136.877942339
134.2 136.785258603
134 136.692275703
133.8 136.599027312
133.6 136.505644441
133.4 136.412187011
133.2 136.318503773
133 136.224641979
132.8 136.130703843
132.6 136.036465269
132.4 135.94262792
132.2 135.84902305
132 135.755224317
131.8 135.661405176
131.6 135.567496306
131.4 135.473389621
131.2 135.379034066
131 135.284377396
130.8 135.189712536
130.6 135.094746536
130.4 134.999577883
130.2 134.905113125
130 134.810492635
129.8 134.715657163
129.6 134.620649064
129.4 134.525461379
129.2 134.430204728
129 134.33475098
128.8 134.239327973
128.6 134.143603808
128.4 134.047657675
128.2 133.952002057
128 133.856668025
127.8 133.761105925
127.6 133.665332216
127.4 133.569383469
127.2 133.473305775
127 133.377125055
126.8 133.280982834
126.6 133.184472918
126.4 133.087633097
126.2 132.990634055
126 132.894285381
125.8 132.797935641
125.6 132.701316679
125.4 132.604493689
125.2 132.507397517
125 132.410085686
124.8 132.313087572
124.6 132.215825266
124.4 132.11831665
124.2 132.020610957
124 131.92342031
123.8 131.826146066
123.6 131.728658354
123.4 131.63101359
123.2 131.533112196
123 131.434890144
122.8 131.336891733
122.6 131.238709444
122.4 131.140369308
122.2 131.041896256
122 130.943690598
121.8 130.845569599
121.6 130.746983969
121.4 130.648188937
121.2 130.549199524
121 130.450002857
120.8 130.351173271
120.6 130.25214814
120.4 130.152953875
120.2 130.053621943
120 129.954480797
119.8 129.855510491
119.6 129.756008625
119.4 129.656299121
119.2 129.556412887
119 129.456294697
118.8 129.356600972
118.6 129.256624854
118.4 129.156398887
118.2 129.055956037
118 128.955642883
117.8 128.855749882
117.6 128.755544353
117.4 128.655223286
117.2 128.554688038
117 128.453735553
116.8 128.353143506
116.6 128.252279067
116.4 128.15116176
116.2 128.049816172
116 127.948588938
115.8 127.84762972
115.6 127.746218711
115.4 127.644638395
115.2 127.54288852
115 127.441021621
114.8 127.339509356
114.6 127.23772971
114.4 127.135686594
114.2 127.033408255
114 126.93137145
113.8 126.82946068
113.6 126.727116108
113.4 126.624595052
113.2 126.521859089
113 126.41904974
112.8 126.316612887
112.6 126.213894367
112.4 126.110897661
112.2 126.007662256
112 125.904794939
111.8 125.80183958
111.6 125.698488134
111.4 125.594956279
111.2 125.49126278
111 125.387676157
110.8 125.284089525
110.6 125.180289144
110.4 125.076270805
110.2 124.972201546
110 124.868383333
109.8 124.76425918
109.6 124.659681261
109.4 124.554877781
109.2 124.450345159
109 124.346018866
108.8 124.241751066
108.6 124.137089259
108.4 124.032031632
108.2 123.926893047
108 123.821749613
107.8 123.716398248
107.6 123.610694718
107.4 123.504819479
107.2 123.399711826
107 123.294258639
106.8 123.188967737
106.6 123.083272064
106.4 122.977243785
106.2 122.871112371
106 122.764858097
105.8 122.658309454
105.6 122.551457259
105.4 122.445028023
105.2 122.338943792
105 122.232456863
104.8 122.126132119
104.6 122.019401611
104.4 121.912368325
104.2 121.805086553
104 121.697617114
103.8 121.589811004
103.6 121.481966947
103.4 121.374910809
103.2 121.267595362
103 121.159906387
102.8 121.052186775
102.6 120.944253925
102.4 120.836078362
102.2 120.727632749
102 120.618973315
101.8 120.509933277
101.6 120.401948774
101.4 120.293852171
101.2 120.185452557
101 120.076732159
100.8 119.968020277
100.6 119.85886931
100.4 119.749307051
100.2 119.639437228
100 119.529414922
99.8 119.420147915
99.6 119.311094385
99.4 119.201686749
99.2 119.091854369
99 118.9816844
98.8 118.871751931
98.6 118.761407537
98.4 118.650747717
98.2 118.539838529
98 118.429590769
97.8 118.319538297
97.6 118.209322536
97.4 118.098659837
97.2 117.987536826
97 117.87623632
96.8 117.764672113
96.6 117.652735543
96.4 117.540524838
96.2 117.429101634
96 117.317968622
95.8 117.206696537
95.6 117.095266086
95.4 116.983338558
95.2 116.870759705
95 116.758104995
94.8 116.645184079
94.6 116.53201173
94.4 116.419830578
94.2 116.307828355
94 116.195362687
93.8 116.082533669
93.6 115.969532467
93.4 115.855949331
93.2 115.74200027
93 115.627962589
92.8 115.513326404
92.6 115.40015522
92.4 115.286937168
92.2 115.173375237
92 115.059485853
91.8 114.945406799
91.6 114.830908251
91.4 114.715981606
91.2 114.60071211
91 114.485566643
90.8 114.371213429
90.6 114.256827027
90.4 114.142083097
90.2 114.026913262
90 113.911333196
89.8 113.795474278
89.6 113.679255009
89.4 113.562701503
89.2 113.446814623
89 113.331808761
88.8 113.216187349
88.6 113.100528288
88.4 112.984282958
88.2 112.867072922
88 112.749847651
87.8 112.632358981
87.6 112.514527042
87.4 112.398183073
87.2 112.281808972
87 112.165059268
86.8 112.047925675
86.6 111.930494199
86.4 111.812391615
86.2 111.693779963
86 111.575089544
85.8 111.456638666
85.6 111.339205891
85.4 111.221400496
85.2 111.103079842
85 110.984234683
84.8 110.865252207
84.6 110.745963222
84.4 110.62634955
84.2 110.506503456
84 110.388067819
83.8 110.268887801
83.6 110.149557871
83.4 110.029817449
83.2 109.909517708
83 109.789027661
82.8 109.668325585
82.6 109.547265782
82.4 109.427041234
82.2 109.307208377
82 109.186867446
81.8 109.065956157
81.6 108.944900871
81.4 108.823402335
81.2 108.701472753
81 108.579386562
80.8 108.457407406
80.6 108.336186248
80.4 108.214643308
80.2 108.092696457
80 107.970287882
79.8 107.848103468
79.6 107.725376636
79.4 107.602109927
79.2 107.478733466
79 107.356598124
78.8 107.233808753
78.6 107.11081692
78.4 106.98742747
78.2 106.863510639
78 106.739216626
77.8 106.614852131
77.6 106.490099908
77.4 106.366506818
77.2 106.242624265
77 106.118252486
76.8 105.993481275
76.6 105.868775609
76.4 105.743522966
76.2 105.617735502
76 105.491767497
75.8 105.366978151
75.6 105.241741377
75.4 105.116119742
75.2 104.99006506
75 104.863608301
74.8 104.737269843
74.6 104.610349953
74.4 104.483240013
74.2 104.357175249
74 104.230707556
73.8 104.103476101
73.6 103.976089204
73.4 103.84875522
73.2 103.72096805
73 103.592775017
72.8 103.464864488
72.6 103.337079048
72.4 103.208947843
72.2 103.080470576
72 102.951530255
71.8 102.823107917
71.6 102.694031161
71.4 102.564387919
71.2 102.435017934
71 102.306055263
70.8 102.17645804
70.6 102.046456618
70.4 101.916593625
70.2 101.786575657
70 101.655969471
69.8 101.52530773
69.6 101.394791909
69.4 101.264161673
69.2 101.133147222
69 101.001244932
68.8 100.870119522
68.6 100.738476056
68.4 100.606319636
68.2 100.473998636
68 100.342469811
67.8 100.21030798
67.6 100.077597743
67.4 99.9449720558
67.2 99.8124853018
67 99.679230273
66.8 99.5460801002
66.6 99.4126388995
66.4 99.2791593436
66.2 99.1453702154
66 99.010783881
65.8 98.876970046
65.6 98.742720288
65.4 98.607931578
65.2 98.4729055679
65 98.338467732
64.8 98.2033625872
64.6 98.0676323915
64.4 97.9321817944
64.2 97.7969463826
64 97.660912633
63.8 97.5249208286
63.6 97.3886612364
63.4 97.2521752804
63.2 97.115348397
63 96.977901649
62.8 96.8413016698
62.6 96.7041620194
62.4 96.5664590487
62.2 96.4287302498
62 96.291116685
61.8 96.1527325098
61.6 96.0137800117
61.4 95.8758462008
61.2 95.7375716868
61 95.598564118
60.8 95.4596641935
60.6 95.3203077228
60.4 95.1805251628
60.2 95.0403728546
60 94.900549024
59.8 94.7608464416
59.6 94.620561981
59.4 94.4798084797
59.2 94.3390915272
59 94.19798106
58.8 94.055905044
58.6 93.9146224603
58.4 93.7735810574
58.2 93.6319387334
58 93.489728807
57.8 93.3476736902
57.6 93.2047687052
57.4 93.0614014792
57.2 92.918666363
57 92.776012719
56.8 92.6329119806
56.6 92.4892967674
56.4 92.3453043226
56.2 92.2008603634
56 92.055942565
55.8 91.9113484088
55.6 91.7672550054
55.4 91.6225319862
55.2 91.4772202915
55 91.331899986
54.8 91.185640714
54.6 91.0386645873
54.4 90.8929827808
54.2 90.747429055
54 90.601123363
53.8 90.4544195915
53.6 90.3070296048
53.4 90.1590297756
53.2 90.0105401336
53 89.863669962
52.8 89.7161156596
52.6 89.5682040371
52.4 89.4195884484
52.2 89.2703077314
52 89.120718777
51.8 88.970368868
51.6 88.8218569364
51.4 88.6727442204
51.2 88.5229206486
51 88.372665122
50.8 88.2214104564
50.6 88.0693338268
50.4 87.9183569174
50.2 87.7682267252
50 87.617317766
49.8 87.4656504563
49.6 87.3131490946
49.4 87.159919405
49.2 87.0061086666
49 86.854667574
48.8 86.702115446
48.6 86.5493760396
48.4 86.3954904056
48.2 86.2407150924
48 86.085745126
47.8 85.9306356101
47.6 85.7770788636
47.4 85.6228329416
47.2 85.4677122756
47 85.311888412
46.8 85.1547170552
46.6 84.9968926547
46.4 84.8420261934
46.2 84.6865154566
46 84.530193239
45.8 84.3725964767
45.6 84.2140319708
45.4 84.0546942473
45.2 83.8972197178
45 83.740522861
44.8 83.5822865482
44.6 83.423488193
44.4 83.263404122
44.2 83.102590408
44 82.942916226
43.8 82.7835648444
43.6 82.6240903734
43.4 82.4636776788
43.2 82.3018292904
43 82.13988924
42.8 81.9767363434
42.6 81.8160909382
42.4 81.6547627386
42.2 81.492580596
42 81.329504371
41.8 81.165103531
41.6 80.9998816804
41.4 80.8375623214
41.2 80.6745259646
41 80.510484159
40.8 80.3453315948
40.6 80.1792156398
40.4 80.0123097041
40.2 79.848043543
40 79.683295995
39.8 79.5168362671
39.6 79.3498698478
39.4 79.182001081
39.2 79.0133412096
39 78.847344011
38.8 78.6796579302
38.6 78.511612038
38.4 78.3426158592
38.2 78.1728228628
38 78.00265649
37.8 77.8337140661
37.6 77.6642479598
37.4 77.4940853631
37.2 77.3230200884
37 77.151470602
36.8 76.9787767515
36.6 76.807821888
36.4 76.6361862364
36.2 76.4638385089
36 76.290840313
35.8 76.116495189
35.6 75.942136067
35.4 75.76907078
35.2 75.5953110879
35 75.420634642
34.8 75.2449840572
34.6 75.0681580262
34.4 74.8924661844
34.2 74.717268628
34 74.540910512
33.8 74.3635832327
33.6 74.1854594706
33.4 74.006451952
33.2 73.8295830128
33 73.651918352
32.8 73.472174826
32.6 73.292647728
32.4 73.1121413085
32.2 72.9318383324
32 72.752745226
31.8 72.5710276516
31.6 72.3894914771
31.4 72.2074741032
31.2 72.0244886355
31 71.843271241
30.8 71.659853885
30.6 71.4758205941
30.4 71.2921462908
30.2 71.1075437453
30 70.923227385
29.8 70.7380715762
29.6 70.551844822
29.4 70.365966643
29.2 70.1796828673
29 69.992453436
28.8 69.8054393016
28.6 69.6170864646
28.4 69.4286776454
28.2 69.2405647102
28 69.051230699
27.8 68.8616276864
27.6 68.6710354444
27.4 68.480063072
27.2 68.2899590012
27 68.098549366
26.8 67.9063503471
26.6 67.7133876742
26.4 67.5198553314
26.2 67.3274615588
26 67.133957922
25.8 66.939164996
25.6 66.7437894792
25.4 66.5477952486
25.2 66.3528490366
25 66.157119751
24.8 65.9596949281
24.6 65.7618151814
24.4 65.5632778786
24.2 65.3657992658
24 65.167826921
23.8 64.9677777457
23.6 64.767222732
23.4 64.5659594784
23.2 64.3659278034
23 64.165565461
22.8 63.962832065
22.6 63.7594852386
22.4 63.5553912209
22.2 63.3529105904
22 63.150043488
21.8 62.9445393904
21.6 62.7382136136
21.4 62.5310934355
21.2 62.3262574728
21 62.12071076
20.8 61.9123038058
20.6 61.702838665
20.4 61.4926874904
20.2 61.2856104018
20 61.077246785
19.8 60.8657470493
19.6 60.6528856282
19.4 60.4404365463
19.2 60.2304242138
19 60.019131005
18.8 59.8043186342
18.6 59.5879100092
18.4 59.37354763
18.2 59.1603712846
18 58.946126457
17.8 58.7273849954
17.6 58.5072099485
17.4 58.2913658604
17.2 58.0747148883
17 57.857354954
16.8 57.634284058
16.6 57.4125099525
16.4 57.1932174026
16.2 56.9728826647
16 56.751952976
15.8 56.5245159468
15.6 56.3019216598
15.4 56.0790355882
15.2 55.8547319766
15 55.629845023
14.8 55.3998350946
14.6 55.1730848788
14.4 54.9452033727
14.2 54.7155249691
14 54.485899381
13.8 54.254840885
13.6 54.0236958743
13.4 53.790279329
13.2 53.555787653
13 53.326388896
12.8 53.0906080608
12.6 52.853625079
12.4 52.6151220983
12.2 52.3796806604
12 52.14723897
11.8 51.905690161
11.6 51.6628127756
11.4 51.4216363537
11.2 51.1847399467
11 50.946722597
10.8 50.699219197
10.6 50.4521618468
10.4 50.2100474506
10.2 49.9672299877
10 49.724038035
9.8 49.4709295882
9.6 49.2230120776
9.4 48.9746026998
9.2 48.7262227455
9 48.478064811
8.8 48.2234730318
8.6 47.968498326
8.4 47.7143167464
8.2 47.4606471434
8 47.211813122
7.8 46.9493310399
7.6 46.6883237452
7.4 46.428631832
7.2 46.1728167912
7 45.917486258
6.8 45.6479963916
6.6 45.3807453661
6.4 45.1162735542
6.2 44.8537552122
6 44.592800081
5.8 44.3162345706
5.6 44.0411955786
5.4 43.7701860486
5.2 43.5001297516
5 43.234947443
4.8 42.9474844784
4.6 42.664826974
4.4 42.3845896298
4.2 42.1074404272
4 41.834980175
3.8 41.5344502947
3.6 41.2395476286
3.4 40.9470522714
3.2 40.6615673525
3 40.379011512
2.8 40.0591947164
2.6 39.7469794114
2.4 39.4391247094
2.2 39.136942447
2 38.841192946
1.8 38.4913906417
1.6 38.1496159581
1.4 37.8160233262
1.2 37.4896337683
1 37.170123875
0.8 36.7526008126
0.6 36.3404925012
0.4 35.9294023664
0.2 35.5360158797
0 35.14633581
