200 165.980985079
199.8 165.920242966
199.6 165.859494087
199.4 165.798693281
199.2 165.73782438
199 165.676900208
198.8 165.61599344
198.6 165.555061782
198.4 165.493921336
198.2 165.432492176
198 165.37104252
197.8 165.309474522
197.6 165.247730678
197.4 165.185761744
197.2 165.12362051
197 165.061461806
196.8 164.999222764
196.6 164.937510737
196.4 164.87569362
196.2 164.813720212
196 164.751585826
195.8 164.68920972
195.6 164.626817584
195.4 164.564313912
195.2 164.501692675
195 164.439009063
194.8 164.376272522
194.6 164.313388527
194.4 164.250217754
194.2 164.186812246
194 164.123415411
193.8 164.05996002
193.6 163.996474148
193.4 163.933463166
193.2 163.870336935
193 163.807080641
192.8 163.743452695
192.6 163.679818445
192.4 163.616073495
192.2 163.552208952
192 163.48830757
191.8 163.424378468
191.6 163.360316724
191.4 163.295944265
191.2 163.231307578
191 163.166677713
190.8 163.101828885
190.6 163.036856926
190.4 162.972083386
190.2 162.907602107
190 162.843021721
189.8 162.778414077
189.6 162.713800049
189.4 162.648934746
189.2 162.583764482
189 162.518426776
188.8 162.45306325
188.6 162.387589669
188.4 162.321900222
188.2 162.256023425
188 162.190134317
187.8 162.124202711
187.6 162.05821113
187.4 161.992229375
187.2 161.92665742
187 161.860953942
186.8 161.794839993
186.6 161.728710765
186.4 161.662416136
186.2 161.595922518
186 161.529312849
185.8 161.462695428
185.6 161.395975891
185.4 161.329053164
185.2 161.261948484
185 161.194815069
184.8 161.127505165
184.6 161.060057413
184.4 160.99258555
184.2 160.925607646
184 160.858535141
183.8 160.791242283
183.6 160.723894852
183.4 160.656392962
183.2 160.58870225
183 160.520853877
182.8 160.453051826
182.6 160.385154042
182.4 160.317055726
182.2 160.248771649
182 160.180432051
181.8 160.111946672
181.6 160.043295765
181.4 159.974752768
181.2 159.906467313
181 159.838054031
180.8 159.769289941
180.6 159.700432885
180.4 159.631463111
180.2 159.562387613
180 159.493245016
179.8 159.424188878
179.6 159.355015963
179.4 159.285659987
179.2 159.216136455
179 159.146542668
178.8 159.076663089
178.6 159.006541192
178.4 158.936805598
178.2 158.86708453
178 158.797292873
177.8 158.727470622
177.6 158.657602781
177.4 158.587556035
177.2 158.517298502
177 158.446931031
176.8 158.376564353
176.6 158.306020996
176.4 158.235212913
176.2 158.164175338
176 158.093066782
175.8 158.021923703
175.6 157.951100545
175.4 157.880363131
175.2 157.809492249
175 157.738424867
174.8 157.667104739
174.6 157.595702821
174.4 157.524191331
174.2 157.452619717
174 157.381006792
173.8 157.309351686
173.6 157.237458962
173.4 157.165335524
173.2 157.093036819
173 157.020666838
172.8 156.948680789
172.6 156.876774398
172.4 156.804738027
172.2 156.732522309
172 156.660074294
171.8 156.587466085
171.6 156.514775691
171.4 156.442060295
171.2 156.369263336
171 156.296391591
170.8 156.223287961
170.6 156.150006902
170.4 156.076579666
170.2 156.00305503
170 155.929947458
169.8 155.856715183
169.6 155.783298707
169.4 155.709771043
169.2 155.636153304
169 155.562414706
168.8 155.488539369
168.6 155.414715279
168.4 155.340701181
168.2 155.266487259
168 155.192177743
167.8 155.117894549
167.6 155.043285805
167.4 154.968748382
167.2 154.894432888
167 154.819979295
166.8 154.745371339
166.6 154.670656657
166.4 154.595841932
166.2 154.520919986
166 154.445988752
165.8 154.370957132
165.6 154.295784825
165.4 154.220448738
165.2 154.144960076
165 154.069364339
164.8 153.993743961
164.6 153.918318944
164.4 153.842771614
164.2 153.767115057
164 153.691299856
163.8 153.615381801
163.6 153.539374822
163.4 153.463283216
163.2 153.387074918
163 153.310673028
162.8 153.234120137
162.6 153.157456398
162.4 153.080703151
162.2 153.003889645
162 152.927493416
161.8 152.850948553
161.6 152.774231452
161.4 152.697387171
161.2 152.620388657
161 152.543136746
160.8 152.465789135
160.6 152.388480728
160.4 152.31107738
160.2 152.233577741
160 152.155996919
159.8 152.078376221
159.6 152.000495178
159.4 151.922953342
159.2 151.845343435
159 151.767565489
158.8 151.689505411
158.6 151.611282039
158.4 151.532948572
158.2 151.454651237
158 151.376318648
157.8 151.298011938
157.6 151.219447923
157.4 151.140637326
157.2 151.061630736
157 150.982642207
156.8 150.904067797
156.6 150.825364858
156.4 150.746547353
156.2 150.667546147
156 150.588209003
155.8 150.50872509
155.6 150.429428837
155.4 150.350068776
155.2 150.270594799
155 150.191013396
154.8 150.111428463
154.6 150.031409806
154.4 149.951467608
154.2 149.871637896
154 149.79173018
153.8 149.711797169
153.6 149.63177197
153.4 149.551639768
153.2 149.471348382
153 149.390749902
152.8 149.310250002
152.6 149.229538798
152.4 149.14865796
152.2 149.06764183
152 148.986606861
151.8 148.906038736
151.6 148.825296855
151.4 148.744459954
151.2 148.663456839
151 148.582066387
150.8 148.500525782
150.6 148.419233705
150.4 148.337802166
150.2 148.256175303
150 148.174318612
149.8 148.092545092
149.6 148.010435775
149.4 147.928597353
149.2 147.84675093
149 147.76473923
148.8 147.682631889
148.6 147.60033648
148.4 147.517961658
148.2 147.435721961
148 147.353221953
147.8 147.270832848
147.6 147.188201898
147.4 147.105385089
147.2 147.022434202
147 146.939708095
146.8 146.85703344
146.6 146.774046671
146.4 146.690937221
146.2 146.607702714
146 146.524148971
145.8 146.44087386
145.6 146.357563516
145.4 146.274111184
145.2 146.190490663
145 146.106641591
144.8 146.022706759
144.6 145.938897895
144.4 145.855125108
144.2 145.771226686
144 145.687004298
143.8 145.602779454
143.6 145.518414304
143.4 145.434282232
143.2 145.350068698
143 145.26550822
142.8 145.180879411
142.6 145.096048426
142.4 145.011118727
142.2 144.926501304
142 144.841767043
141.8 144.75685944
141.6 144.671604347
141.4 144.586210358
141.2 144.500727884
141 144.415558718
140.8 144.330492859
140.6 144.245139927
140.4 144.159545785
140.2 144.073729595
140 143.987746914
139.8 143.902213619
139.6 143.816465572
139.4 143.730631232
139.2 143.644643038
139 143.558237404
138.8 143.471834625
138.6 143.385711913
138.4 143.299509528
138.2 143.213199287
138 143.126740605
137.8 143.04038201
137.6 142.953695277
137.4 142.866885185
137.2 142.779968297
137 142.692930102
136.8 142.60569632
136.6 142.51830561
136.4 142.431341983
136.2 142.34435637
136 142.257041395
135.8 142.169973052
135.6 142.082531935
135.4 141.994828535
135.2 141.907197199
135 141.819499657
134.8 141.731636343
134.6 141.643552041
134.4 141.555358121
134.2 141.467274203
134 141.379312441
133.8 141.291329476
133.6 141.203153992
133.4 141.114774162
133.2 141.026219519
133 140.937765893
132.8 140.849326658
132.6 140.760593271
132.4 140.671708602
132.2 140.582682822
132 140.493433793
131.8 140.404641734
131.6 140.315733394
131.4 140.2266613
131.2 140.137402487
131 140.047958493
130.8 139.958667636
130.6 139.869217482
130.4 139.779585317
130.2 139.689803207
130 139.599830329
129.8 139.509616433
129.6 139.420037133
129.4 139.330353311
129.2 139.240396977
129 139.150120556
128.8 139.059995782
128.6 138.969705176
128.4 138.879347126
128.2 138.788834691
128 138.698175132
127.8 138.607298767
127.6 138.516264628
127.4 138.425786729
127.2 138.335236389
127 138.244310707
126.8 138.153473467
126.6 138.062427926
126.4 137.971226075
126.2 137.879969657
126 137.788604259
125.8 137.697004437
125.6 137.605260616
125.4 137.513443213
125.2 137.422120044
125 137.330537215
124.8 137.238776853
124.6 137.146859771
124.4 137.054702944
124.2 136.962399803
124 136.870130256
123.8 136.777909318
123.6 136.685453803
123.4 136.592835564
123.2 136.500047693
123 136.407812312
122.8 136.315307513
122.6 136.222737134
122.4 136.130027426
122.2 136.03717311
122 135.944329593
121.8 135.851397723
121.6 135.758113092
121.4 135.664557547
121.2 135.570816542
121 135.477218084
120.8 135.384049724
120.6 135.290817952
120.4 135.197390241
120.2 135.103732103
120 135.009907097
119.8 134.916122019
119.6 134.822080353
119.4 134.727809027
119.2 134.633351177
119 134.538762659
118.8 134.444382253
118.6 134.350322068
118.4 134.256101546
118.2 134.161667794
118 134.067027181
117.8 133.972376111
117.6 133.877540024
117.4 133.782442298
117.2 133.687124282
117 133.591717869
116.8 133.495985191
116.6 133.401288565
116.4 133.306439221
116.2 133.21138128
116 133.116125286
115.8 133.02076566
115.6 132.92523384
115.4 132.829420477
115.2 132.733359986
115 132.637232691
114.8 132.540535337
114.6 132.444346025
114.4 132.348525233
114.2 132.252588046
114 132.156498432
113.8 132.060381389
113.6 131.964133197
113.4 131.867510271
113.2 131.770624369
113 131.673690885
112.8 131.576205271
112.6 131.478797053
112.4 131.382210443
112.2 131.285507119
112 131.188683569
111.8 131.091747463
111.6 130.99475406
111.4 130.897104909
111.2 130.79909423
111 130.701056391
110.8 130.602828365
110.6 130.504465261
110.4 130.407247993
110.2 130.309881258
110 130.212250471
109.8 130.114223957
109.6 130.01619746
109.4 129.917841691
109.2 129.819266379
109 129.720683753
108.8 129.62159735
108.6 129.522253937
108.4 129.423794338
108.2 129.325524223
108 129.227113664
107.8 129.128335512
107.6 129.029534291
107.4 128.93028982
107.2 128.830702203
107 128.731115252
106.8 128.631229574
106.6 128.531058332
106.4 128.431624493
106.2 128.332489759
106 128.233221203
105.8 128.13355394
105.6 128.033864272
105.4 127.933788212
105.2 127.833373791
105 127.732919425
104.8 127.632147068
104.6 127.531152245
104.4 127.430845806
104.2 127.330757564
104 127.2304326
103.8 127.12979812
103.6 127.029125078
103.4 126.928084387
103.2 126.826721859
103 126.725287616
102.8 126.623567831
102.6 126.521590335
102.4 126.420529303
102.2 126.319604826
102 126.21843183
101.8 126.116955113
101.6 126.015427621
101.4 125.91342446
101.2 125.811022526
101 125.708506614
100.8 125.605902964
100.6 125.503036863
100.4 125.401269414
100.2 125.299374628
100 125.197235346
99.8 125.09480834
99.6 124.992322933
99.4 124.889414336
99.2 124.78612411
99 124.682671666
98.8 124.579073453
98.6 124.475593423
98.4 124.372913038
98.2 124.270054948
98 124.166930497
97.8 124.063348401
97.6 123.959716157
97.4 123.855874586
97.2 123.751745046
97 123.647468448
96.8 123.54299035
96.6 123.438840204
96.4 123.334937243
96.2 123.230834884
96 123.126450807
95.8 123.021992624
95.6 122.917558663
95.4 122.812793395
95.2 122.70763287
95 122.602269024
94.8 122.49681994
94.6 122.392254187
94.4 122.287501359
94.2 122.182478148
94 122.077022582
93.8 121.971365592
93.6 121.86571202
93.4 121.759778851
93.2 121.653580743
93 121.547235399
92.8 121.441248999
92.6 121.335427753
92.4 121.2294058
92.2 121.123155385
92 121.01653555
91.8 120.910292237
91.6 120.803794875
91.4 120.696922934
91.2 120.589721217
91 120.482522111
90.8 120.375931784
90.6 120.269032794
90.4 120.161911315
90.2 120.054544975
90 119.94697731
89.8 119.839556884
89.6 119.731833953
89.4 119.623830294
89.2 119.515612393
89 119.408071987
88.8 119.300156532
88.6 119.191865546
88.4 119.083374942
88.2 118.974824113
88 118.866349891
87.8 118.757857886
87.6 118.648994816
87.4 118.539852666
87.2 118.431098357
87 118.322462633
86.8 118.213330212
86.6 118.103842318
86.4 117.99420932
86.2 117.884916085
86 117.775357038
85.8 117.665703946
85.6 117.555473053
85.4 117.445399917
85.2 117.335587364
85 117.225491732
84.8 117.115197581
84.6 117.004748791
84.4 116.894683549
84.2 116.784357679
84 116.67365098
83.8 116.562716126
83.6 116.451594651
83.4 116.340664345
83.2 116.229612291
83 116.118269861
82.8 116.00650729
82.6 115.895266422
82.4 115.783810741
82.2 115.672045612
82 115.559960961
81.8 115.448337165
81.6 115.336383372
81.4 115.224188846
81.2 115.111794777
81 114.998882455
80.8 114.886654826
80.6 114.774134808
80.4 114.66131351
80.2 114.548215751
80 114.435358137
79.8 114.322584135
79.6 114.209305412
79.4 114.095841181
79.2 113.982298072
79 113.868836343
78.8 113.755394781
78.6 113.641523313
78.4 113.527337001
78.2 113.413442835
78 113.299461886
77.8 113.18493019
77.6 113.069963682
77.4 112.955180867
77.2 112.840810568
77 112.72609219
76.8 112.611334628
76.6 112.496127393
76.4 112.381147124
76.2 112.265990096
76 112.150506765
75.8 112.034523779
75.6 111.919096724
75.4 111.8036576
75.2 111.687797808
75 111.571467638
74.8 111.455264721
74.6 111.339024499
74.4 111.222589517
74.2 111.105941183
74 110.98895109
73.8 110.87264166
73.6 110.756006003
73.4 110.638954031
73.2 110.521502884
73 110.404249057
72.8 110.286796055
72.6 110.169012058
72.4 110.051052214
72.2 109.933516389
72 109.81603314
71.8 109.698099426
71.6 109.579815263
71.4 109.461325614
71.2 109.342818039
71 109.224107713
70.8 109.104800075
70.6 108.985380793
70.4 108.866909549
70.2 108.748130494
70 108.628929287
69.8 108.509536706
69.6 108.389972966
69.4 108.270108858
69.2 108.149961245
69 108.029497087
68.8 107.909498545
68.6 107.789674202
68.4 107.669523347
68.2 107.549014718
68 107.428458743
67.8 107.307605229
67.6 107.18629849
67.4 107.064703349
67.2 106.943540408
67 106.822795615
66.8 106.701591941
66.6 106.580137581
66.4 106.458360998
66.2 106.336327386
66 106.214122951
65.8 106.091032493
65.6 105.968053668
65.4 105.846088814
65.2 105.723803795
65 105.601110637
64.8 105.478298694
64.6 105.3551754
64.4 105.231667843
64.2 105.107832517
64 104.983979724
63.8 104.860858445
63.6 104.737574387
63.4 104.613820088
63.2 104.489570607
63 104.365145221
62.8 104.24020634
62.6 104.114929831
62.4 103.989593409
62.2 103.865754008
62 103.741442144
61.8 103.616400635
61.6 103.491204067
61.4 103.365409443
61.2 103.239239681
61 103.112938285
60.8 102.986121871
60.6 102.860918408
60.4 102.735417789
60.2 102.60951206
60 102.483225925
59.8 102.356244799
59.6 102.228790039
59.4 102.100927526
59.2 101.973192892
59 101.846887574
58.8 101.719732377
58.6 101.592513299
58.4 101.464764578
58.2 101.336310023
58 101.207813412
57.8 101.078309995
57.6 100.94944623
57.4 100.821671219
57.2 100.693542093
57 100.565039009
56.8 100.435791647
56.6 100.305990675
56.4 100.175677514
56.2 100.044987165
56 99.915762432
55.8 99.7862711208
55.6 99.6567367734
55.4 99.5267579418
55.2 99.3959551306
55 99.265019789
54.8 99.1331893474
54.6 99.0009849365
54.4 98.8708133134
54.2 98.7403130532
54 98.609372258
53.8 98.4776125314
53.6 98.3454604656
53.4 98.2128242908
53.2 98.0797882623
53 97.94756034
52.8 97.8154849704
52.6 97.6832848962
52.4 97.5506538052
52.2 97.4174083412
52 97.283941478
51.8 97.1496167836
51.6 97.014835981
51.4 96.8817422716
51.2 96.7485693872
51 96.61489746
50.8 96.4803573738
50.6 96.3455763548
50.4 96.2103265824
50.2 96.0746718542
50 95.939823084
49.8 95.8049732192
49.6 95.6698989928
49.4 95.5344288809
49.2 95.3984702586
49 95.262250721
48.8 95.1251541498
48.6 94.9877742273
48.4 94.851979497
48.2 94.7158409772
48 94.579162806
47.8 94.4417094741
47.6 94.304074925
47.4 94.165973401
47.2 94.0274773992
47 93.890399836
46.8 93.7524680184
46.6 93.6142460702
46.4 93.4756876171
46.2 93.3368619562
46 93.197728693
45.8 93.057638037
45.6 92.9181956624
45.4 92.7792035074
45.2 92.6398326626
45 92.499856133
44.8 92.3595161002
44.6 92.2187021136
44.4 92.0774303989
44.2 91.9366614398
44 91.796682015
43.8 91.6553148534
43.6 91.5136692118
43.4 91.3721194874
43.2 91.230202305
43 91.087928653
42.8 90.9452634124
42.6 90.8030890794
42.4 90.6605823458
42.2 90.5177111023
42 90.374784142
41.8 90.23106969
41.6 90.086745608
41.4 89.9427713505
41.2 89.7995493712
41 89.655822664
40.8 89.510640672
40.6 89.3660226118
40.4 89.2210261998
40.2 89.0755688051
40 88.930618338
39.8 88.785186182
39.6 88.6392460108
39.4 88.4930526122
39.2 88.3472398638
39 88.200874299
38.8 88.053478903
38.6 87.9063478437
38.4 87.7594474046
38.2 87.612251729
38 87.464593396
37.8 87.3166144816
37.6 87.168097168
37.4 87.0191525573
37.2 86.8712230502
37 86.723088443
36.8 86.5731858134
36.6 86.4236398363
36.4 86.2743444174
36.2 86.1245994914
36 85.974662226
35.8 85.8244752252
35.6 85.673575944
35.4 85.522409867
35.2 85.3719950316
35 85.22109881
34.8 85.0690277156
34.6 84.9168673361
34.4 84.7649290442
34.2 84.6127309534
34 84.46021653
33.8 84.3073412196
33.6 84.1539485514
33.4 84.0001263189
33.2 83.8472044944
33 83.69389376
32.8 83.5384243383
32.6 83.3840747902
32.4 83.2297515038
32.2 83.0749551032
32 82.920407869
31.8 82.7644605834
31.6 82.6078912616
31.4 82.4516099944
31.2 82.2962873402
31 82.140362889
30.8 81.982817375
30.6 81.8254423274
30.4 81.6677335618
30.2 81.5097310441
30 81.352996483
29.8 81.1944186238
29.6 81.0353830328
29.4 80.8765729532
29.2 80.7176273466
29 80.558274925
28.8 80.3978642507
28.6 80.23800413
28.4 80.0777447767
28.2 79.9175215812
28 79.757467106
27.8 79.5946102772
27.6 79.432458608
27.4 79.2714154514
27.2 79.1099755762
27 78.948373843
26.8 78.7846792318
26.6 78.620420617
26.4 78.4565584852
26.2 78.2943292084
26 78.131619006
25.8 77.966357535
25.6 77.801052693
25.4 77.635382891
25.2 77.4699043032
25 77.306323513
24.8 77.1397520986
24.6 76.972998075
24.4 76.806182547
24.2 76.6390470597
24 76.472108044
23.8 76.304260452
23.6 76.136245316
23.4 75.9679777153
23.2 75.7996188406
23 75.631045163
22.8 75.4594923346
22.6 75.2902725308
22.4 75.1207634192
22.2 74.9510047498
22 74.781251997
21.8 74.6074992362
21.6 74.4348071859
21.4 74.2640580656
21.2 74.0930358952
21 73.921810247
20.8 73.7466313078
20.6 73.5710305378
20.4 73.39743435
20.2 73.2251586018
20 73.052566677
19.8 72.8757343249
19.6 72.6985782206
19.4 72.5211369273
19.2 72.3469759762
19 72.173122793
18.8 71.994456523
18.6 71.8155882972
18.4 71.6364589276
18.2 71.4581016863
18 71.28282769
17.8 71.1022811796
17.6 70.9216231405
17.4 70.7407365142
17.2 70.5597278985
17 70.381473988
16.8 70.1988192976
16.6 70.016091819
16.4 69.8333365648
16.2 69.6505144515
16 69.468382686
15.8 69.2834394156
15.6 69.0984012666
15.4 68.9134832389
15.2 68.7287298326
15 68.543942571
14.8 68.3551641314
14.6 68.1672423006
14.4 67.9793896724
14.2 67.792157614
14 67.604909062
13.8 67.411911304
13.6 67.2210456132
13.4 67.0302304272
13.2 66.8403417946
13 66.650627285
12.8 66.4534376832
12.6 66.2593115628
12.4 66.0652883251
12.2 65.872305912
12 65.679856032
11.8 65.4784598469
11.6 65.2806925416
11.4 65.0830711811
11.2 64.88664453
11 64.691105634
10.8 64.4853428777
10.6 64.283462176
10.4 64.0817723019
10.2 63.8816201032
10 63.682643116
9.8 63.4722455488
9.6 63.2655751678
9.4 63.0591397362
9.2 62.8549206676
9 62.651925862
8.8 62.4364571632
8.6 62.2242579522
8.4 62.012312583
8.2 61.8037222146
8 61.595969141
7.8 61.3747500957
7.6 61.1559482576
7.4 60.9385106048
7.2 60.724165517
7 60.510733813
6.8 60.2827909217
6.6 60.0559491879
6.4 59.8325867006
6.2 59.6110321699
6 59.391998567
5.8 59.1542845566
5.6 58.9187909673
5.4 58.6871920434
5.2 58.4574340263
5 58.230775476
4.8 57.9805327407
4.6 57.7354909066
4.4 57.4919585759
4.2 57.2529561934
4 57.015001267
3.8 56.7522807039
3.6 56.4911570768
3.4 56.2351980448
3.2 55.9804445442
3 55.733315736
2.8 55.4493579524
2.6 55.1695538792
2.4 54.8935765247
2.2 54.623238726
2 54.35603334
1.8 54.042929964
1.6 53.7380746218
1.4 53.4359019702
1.2 53.136487359
1 52.842704669
0.8 52.5011690951
0.6 52.1548008765
0.4 51.8153373834
0.2 51.4816738047
0 51.145914853
