200 155.413209572
199.8 155.336617782
199.6 155.259952813
199.4 155.183135575
199.2 155.106144452
199 155.029015303
198.8 154.951828187
198.6 154.874552417
198.4 154.797086287
198.2 154.719450248
198 154.641775906
197.8 154.563623941
197.6 154.485479212
197.4 154.407826762
197.2 154.330087227
197 154.252233833
196.8 154.174321622
196.6 154.096380675
196.4 154.018266502
196.2 153.939942551
196 153.861541361
195.8 153.782831937
195.6 153.703987634
195.4 153.625000411
195.2 153.545904847
195 153.467062872
194.8 153.388506445
194.6 153.309862334
194.4 153.23109476
194.2 153.152173144
194 153.073072106
193.8 152.993679529
193.6 152.914256794
193.4 152.834659499
193.2 152.754893368
193 152.675050169
192.8 152.59498995
192.6 152.514756465
192.4 152.435010967
192.2 152.355321967
192 152.275520384
191.8 152.195453202
191.6 152.115327013
191.4 152.035039598
191.2 151.95459262
191 151.874072686
190.8 151.793629256
190.6 151.713041675
190.4 151.632305688
190.2 151.551452307
190 151.470795913
189.8 151.390106639
189.6 151.309313419
189.4 151.228399101
189.2 151.147335035
189 151.066081077
188.8 150.984731262
188.6 150.903389871
188.4 150.821875614
188.2 150.740188712
188 150.658420771
187.8 150.576432269
187.6 150.494322311
187.4 150.412774618
187.2 150.33114357
187 150.249383092
186.8 150.167378474
186.6 150.085303205
186.4 150.003086037
186.2 149.920761117
186 149.838308766
185.8 149.755552879
185.6 149.672619813
185.4 149.589551872
185.2 149.506390601
185 149.423873104
184.8 149.341334458
184.6 149.258673936
184.4 149.175833511
184.2 149.092758822
184 149.009399176
183.8 148.926241569
183.6 148.842967048
183.4 148.759534257
183.2 148.675956273
183 148.592282176
182.8 148.50819058
182.6 148.424553707
182.4 148.3409114
182.2 148.257215494
182 148.173435777
181.8 148.089553231
181.6 148.005613522
181.4 147.921544262
181.2 147.837222489
181 147.752714083
180.8 147.668245873
180.6 147.5835904
180.4 147.498812986
180.2 147.414651364
180 147.330403149
179.8 147.245675433
179.6 147.160829914
179.4 147.075851643
179.2 146.990738386
179 146.905596949
178.8 146.820343633
178.6 146.734942138
178.4 146.649403822
178.2 146.563753341
178 146.478217702
177.8 146.393175145
177.6 146.30796864
177.4 146.222615707
177.2 146.137066519
177 146.051203907
176.8 145.965220271
176.6 145.879298793
176.4 145.79321824
176.2 145.706967628
176 145.620607555
175.8 145.534082925
175.6 145.447746992
175.4 145.361573227
175.2 145.275314618
175 145.188882232
174.8 145.102212095
174.6 145.015467195
174.4 144.928784911
174.2 144.841980433
174 144.754997611
173.8 144.667888713
173.6 144.580558943
173.4 144.493162495
173.2 144.406315589
173 144.319347739
172.8 144.232126355
172.6 144.144771647
172.4 144.057296013
172.2 143.969756388
172 143.882174686
171.8 143.794493547
171.6 143.706649339
171.4 143.618648851
171.2 143.530525125
171 143.442773577
170.8 143.355008506
170.6 143.267064869
170.4 143.178998888
170.2 143.09078967
170 143.002339214
169.8 142.913871843
169.6 142.825298923
169.4 142.736574796
169.2 142.647706169
169 142.558743566
168.8 142.470008801
168.6 142.381513914
168.4 142.292901191
168.2 142.204131454
168 142.115056723
167.8 142.025671738
167.6 141.936490918
167.4 141.847356364
167.2 141.758151668
167 141.66886428
166.8 141.579384619
166.6 141.489625226
166.4 141.400180649
166.2 141.310649604
166 141.220964164
165.8 141.131038636
165.6 141.041004677
165.4 140.951111551
165.2 140.861329532
165 140.77146098
164.8 140.681434792
164.6 140.591068089
164.4 140.500495281
164.2 140.410405043
164 140.320212021
163.8 140.229742768
163.6 140.139120835
163.4 140.048396821
163.2 139.9576974
163 139.86694783
162.8 139.776117253
162.6 139.685092449
162.4 139.593916744
162.2 139.502628078
162 139.411911741
161.8 139.320974401
161.6 139.229815984
161.4 139.138550567
161.2 139.04716645
161 138.955732446
160.8 138.864412232
160.6 138.772865093
160.4 138.681102979
160.2 138.589144158
160 138.497034502
159.8 138.405565926
159.6 138.31383417
159.4 138.221985674
159.2 138.130029047
159 138.037835062
158.8 137.945734583
158.6 137.853697917
158.4 137.761456513
158.2 137.668983078
158 137.576280832
157.8 137.483760974
157.6 137.39144233
157.4 137.299017697
157.2 137.206464791
157 137.113579631
156.8 137.020536831
156.6 136.927843778
156.4 136.835146204
156.2 136.742282903
156 136.649225473
155.8 136.55585289
155.6 136.462403687
155.4 136.369149056
155.2 136.275857193
155 136.182480723
154.8 136.088932616
154.6 135.995318101
154.4 135.902090106
154.2 135.808628631
154 135.714782417
153.8 135.620865739
153.6 135.526655822
153.4 135.432681077
153.2 135.338812977
153 135.244876891
152.8 135.150791937
152.6 135.056559801
152.4 134.962459674
152.2 134.868494829
152 134.774112806
151.8 134.679619524
151.6 134.584879273
151.4 134.490044846
151.2 134.395571861
151 134.300986484
150.8 134.206127945
150.6 134.111068749
150.4 134.015941624
150.2 133.921308571
150 133.826646462
149.8 133.731678155
149.6 133.63650887
149.4 133.541177121
149.2 133.44598414
149 133.350906596
148.8 133.255631468
148.6 133.160050452
148.4 133.064352954
148.2 132.968744492
148 132.873262942
147.8 132.777639628
147.6 132.681836283
147.4 132.585867268
147.2 132.489818958
147 132.394126952
146.8 132.2980528
146.6 132.201859701
146.4 132.105605519
146.2 132.009250162
146 131.913176738
145.8 131.816802328
145.6 131.720254302
145.4 131.623550141
145.2 131.526721376
145 131.43017032
144.8 131.33366342
144.6 131.236921715
144.4 131.140069675
144.2 131.043069836
144 130.946076058
143.8 130.849319558
143.6 130.752435899
143.4 130.655402744
143.2 130.558225115
143 130.461107235
142.8 130.363792701
142.6 130.266237921
142.4 130.168552643
142.2 130.070785422
142 129.973148642
141.8 129.875929677
141.6 129.778521973
141.4 129.680899292
141.2 129.583058272
141 129.485077406
140.8 129.387184828
140.6 129.289043123
140.4 129.190769684
140.2 129.092413028
140 128.994005176
139.8 128.896207685
139.6 128.798251301
139.4 128.700088006
139.2 128.601699793
139 128.503098667
138.8 128.404589144
138.6 128.305852926
138.4 128.206979414
138.2 128.107979655
138 128.008777022
137.8 127.910041926
137.6 127.811278063
137.4 127.712378815
137.2 127.613333672
137 127.514151424
136.8 127.415040312
136.6 127.315733254
136.4 127.216289389
136.2 127.116696906
136 127.016830087
135.8 126.917429478
135.6 126.818103364
135.4 126.7186391
135.2 126.619012266
135 126.51923278
134.8 126.419496496
134.6 126.319570067
134.4 126.219486645
134.2 126.119247061
134 126.01876691
133.8 125.918753864
133.6 125.818838921
133.4 125.718795249
133.2 125.618596041
133 125.518236697
132.8 125.417647362
132.6 125.316862723
132.4 125.215919855
132.2 125.114873713
132 125.01375863
131.8 124.913260258
131.6 124.812822116
131.4 124.712176675
131.2 124.611281944
131 124.51017487
130.8 124.409179976
130.6 124.307993725
130.4 124.206637958
130.2 124.105117166
130 124.00339824
129.8 123.902113993
129.6 123.80081934
129.4 123.699382093
129.2 123.597766744
129 123.496007883
128.8 123.394236462
128.6 123.292350793
128.4 123.190371597
128.2 123.088284102
128 122.986167493
127.8 122.884293735
127.6 122.782378065
127.4 122.680317235
127.2 122.578081089
127 122.475750288
126.8 122.373225991
126.6 122.270494068
126.4 122.167590642
126.2 122.064548198
126 121.961813487
125.8 121.85933394
125.6 121.756796766
125.4 121.654107148
125.2 121.551240492
125 121.448306683
124.8 121.345092607
124.6 121.241676527
124.4 121.138093847
124.2 121.034373289
124 120.931312732
123.8 120.828183423
123.6 120.725005919
123.4 120.621670228
123.2 120.518151814
123 120.41457472
122.8 120.310638793
122.6 120.206513327
122.4 120.102220786
122.2 119.997820999
122 119.894535437
121.8 119.790547923
121.6 119.68655364
121.4 119.582469553
121.2 119.478301566
121 119.374152973
120.8 119.269440499
120.6 119.164468699
120.4 119.059282262
120.2 118.95457395
120 118.8506127
119.8 118.74627074
119.6 118.641881287
119.4 118.537208072
119.2 118.432127583
119 118.326950043
118.8 118.221296281
118.6 118.115447682
118.4 118.009464499
118.2 117.904757321
118 117.800109923
117.8 117.694903696
117.6 117.589679533
117.4 117.484245294
117.2 117.378477147
117 117.272681579
116.8 117.166385933
116.6 117.059829712
116.4 116.953783147
116.2 116.848466754
116 116.742996633
115.8 116.636961496
115.6 116.530898317
115.4 116.424514506
115.2 116.317890889
115 116.211267263
114.8 116.104059535
114.6 115.996773591
114.4 115.890858581
114.2 115.784741431
114 115.678385228
113.8 115.571569174
113.6 115.464693157
113.4 115.357560389
113.2 115.250237507
113 115.142877311
112.8 115.034902257
112.6 114.927860793
112.4 114.821136513
112.2 114.714178771
112 114.606953353
111.8 114.499348594
111.6 114.391669168
111.4 114.283790213
111.2 114.175732464
111 114.067632407
110.8 113.959208468
110.6 113.851544285
110.4 113.743796804
110.2 113.635947537
110 113.527990222
109.8 113.419704368
109.6 113.311211962
109.4 113.20243884
109.2 113.093435433
109 112.984562138
108.8 112.876418646
108.6 112.768221068
108.4 112.659812599
108.2 112.551117489
108 112.442167412
107.8 112.33282825
107.6 112.223311746
107.4 112.113622361
107.2 112.003805394
107 111.895258076
106.8 111.786093237
106.6 111.67683127
106.4 111.567396505
106.2 111.457826553
106 111.348216295
105.8 111.238131761
105.6 111.127856469
105.4 111.017428625
105.2 110.907889402
105 110.798416674
104.8 110.688291204
104.6 110.578066027
104.4 110.467729103
104.2 110.357324571
104 110.246792734
103.8 110.13562218
103.6 110.024351635
103.4 109.913993671
103.2 109.803758138
103 109.693243235
102.8 109.581981533
102.6 109.470727609
102.4 109.359625234
102.2 109.248426038
102 109.13716951
101.8 109.025329384
101.6 108.914206426
101.4 108.803185835
101.2 108.691954553
101 108.580396712
100.8 108.468273689
100.6 108.356292938
100.4 108.244132584
100.2 108.131792486
100 108.019344509
99.8 107.907410458
99.6 107.795559248
99.4 107.683556634
99.2 107.57132193
99 107.458834734
98.8 107.346103006
98.6 107.233275897
98.4 107.120355201
98.2 107.007361989
98 106.895280428
97.8 106.782373942
97.6 106.669305616
97.4 106.556101448
97.2 106.442929986
97 106.329741195
96.8 106.2160211
96.6 106.102066928
96.4 105.988082393
96.2 105.875003457
96 105.761766076
95.8 105.647812605
95.6 105.533712075
95.4 105.41987956
95.2 105.306055689
95 105.192030668
94.8 105.077461934
94.6 104.962945996
94.4 104.848945984
94.2 104.734789592
94 104.620293945
93.8 104.504990314
93.6 104.390213521
93.4 104.275387964
93.2 104.160474187
93 104.045473605
92.8 103.930412159
92.6 103.815275532
92.4 103.699967417
92.2 103.584522462
92 103.468963519
91.8 103.353573194
91.6 103.238003171
91.4 103.122254008
91.2 103.006352702
91 102.891165569
90.8 102.775099603
90.6 102.658779639
90.4 102.542358766
90.2 102.426347059
90 102.310469165
89.8 102.193864515
89.6 102.076972753
89.4 101.96022718
89.2 101.843937087
89 101.727461696
88.8 101.610223914
88.6 101.492814905
88.4 101.376118667
88.2 101.259255654
88 101.142138988
87.8 101.02448715
87.6 100.907077743
87.4 100.789690971
87.2 100.672185898
87 100.55438292
86.8 100.436335604
86.6 100.318568313
86.4 100.200624019
86.2 100.082490568
86 99.96442806
85.8 99.8461024744
85.6 99.7275898814
85.4 99.608985925
85.2 99.4903247491
85 99.372178212
84.8 99.2534297016
84.6 99.1344369768
84.4 99.0152653904
84.2 98.8965633868
84 98.777808458
83.8 98.658168322
83.6 98.5383175334
83.4 98.4190993692
83.2 98.3000828918
83 98.180787295
82.8 98.0608499702
82.6 97.9409296541
82.4 97.8211379874
82.2 97.701204765
82 97.581026733
81.8 97.4603440953
81.6 97.3403426972
81.4 97.2201857056
81.2 97.0998450711
81 96.979421966
80.8 96.8587031708
80.6 96.7376820686
80.4 96.616503555
80.2 96.4952366414
80 96.374875754
79.8 96.2537502948
79.6 96.132448024
79.4 96.010964043
79.2 95.8897570524
79 95.768465206
78.8 95.6461828324
78.6 95.5237028003
78.4 95.4021908822
78.2 95.2807845354
78 95.159137309
77.8 95.036681545
77.6 94.9143099483
77.4 94.791883737
77.2 94.6692887604
77 94.54650417
76.8 94.4235667131
76.6 94.3010843694
76.4 94.1784382998
76.2 94.0556053604
76 93.932848044
75.8 93.8093170416
75.6 93.6855315204
75.4 93.5615706007
75.2 93.4382285502
75 93.315470263
74.8 93.1917376366
74.6 93.0678738592
74.4 92.9439327003
74.2 92.819941407
74 92.695833951
73.8 92.5705896678
73.6 92.4459358191
73.4 92.3220807018
73.2 92.1980532824
73 92.073818296
72.8 91.9487538647
72.6 91.8235947402
72.4 91.6982248098
72.2 91.5726762802
72 91.447703257
71.8 91.3225876362
71.6 91.197407222
71.4 91.0720392625
71.2 90.9465286136
71 90.821017832
70.8 90.694355792
70.6 90.567453641
70.4 90.4412904611
70.2 90.3159923374
70 90.190481275
69.8 90.0639095726
69.6 89.9372557348
69.4 89.8103755418
69.2 89.6832842054
69 89.556110471
68.8 89.4287230316
68.6 89.3021335272
68.4 89.1753950476
68.2 89.048467853
68 88.921407789
67.8 88.793210381
67.6 88.6647806404
67.4 88.5361560073
67.2 88.40886209
67 88.282012254
66.8 88.1539009868
66.6 88.0257793317
66.4 87.8973297082
66.2 87.7686335566
66 87.639868975
65.8 87.5097150962
65.6 87.3814900216
65.4 87.2532887816
65.2 87.1248770578
65 86.996241115
64.8 86.8664165902
64.6 86.7363952576
64.4 86.6061804768
64.2 86.4762042828
64 86.347851008
63.8 86.2180950104
63.6 86.0882850644
63.4 85.9582396801
63.2 85.8279315356
63 85.697586894
62.8 85.5658921956
62.6 85.4350920885
62.4 85.3051729352
62.2 85.1750657918
62 85.044724643
61.8 84.9132048466
61.6 84.7815519092
61.4 84.6496941804
61.2 84.5176731342
61 84.387281626
60.8 84.255714482
60.6 84.1240636884
60.4 83.9922311636
60.2 83.8602988002
60 83.728287637
59.8 83.594878805
59.6 83.4618700641
59.4 83.3300755174
59.2 83.1981077376
59 83.065900892
58.8 82.9324765321
58.6 82.7990587262
58.4 82.6654657362
58.2 82.5317290579
58 82.399322204
57.8 82.2657889472
57.6 82.1321181416
57.4 81.9982855508
57.2 81.8645935776
57 81.730796248
56.8 81.5955586968
56.6 81.460653928
56.4 81.3268577724
56.2 81.192918968
56 81.058767796
55.8 80.9234041179
55.6 80.7881014046
55.4 80.6526184974
55.2 80.5169838089
55 80.382758297
54.8 80.2471441106
54.6 80.111378312
54.4 79.9755522441
54.2 79.8399882082
54 79.704284549
53.8 79.5670518162
53.6 79.4304631927
53.4 79.2945316614
53.2 79.1584531364
53 79.022133142
52.8 78.8848285726
52.6 78.7474820078
52.4 78.6099741938
52.2 78.4726431066
52 78.336469799
51.8 78.1985520902
51.6 78.0604693382
51.4 77.922692265
51.2 77.7851217092
51 77.64738223
50.8 77.5080521764
50.6 77.3698545974
50.4 77.2316157814
50.2 77.0932420288
50 76.954912078
49.8 76.8155271676
49.6 76.6759780768
49.4 76.5362942939
49.2 76.3975337264
49 76.259004444
48.8 76.1185990272
48.6 75.9782029523
48.4 75.8385629372
48.2 75.69878701
48 75.558851898
47.8 75.4179689973
47.6 75.2773567854
47.4 75.1366182922
47.2 74.9957892287
47 74.855786934
46.8 74.7140630276
46.6 74.5721349778
46.4 74.4306998757
46.2 74.289782959
46 74.148677975
45.8 74.0055679296
45.6 73.863611038
45.4 73.7215839236
45.2 73.5794151761
45 73.437615916
44.8 73.2945101352
44.6 73.1511679886
44.4 73.0077206629
44.2 72.8654651406
44 72.723089367
43.8 72.5788115326
43.6 72.4348015044
43.4 72.291223094
43.2 72.147531843
43 72.003629923
42.8 71.8591392539
42.6 71.7145874914
42.4 71.5699256856
42.2 71.4256497918
42 71.281734675
41.8 71.135567707
41.6 70.9893722005
41.4 70.8446444392
41.2 70.699815017
41 70.554842025
40.8 70.4082836862
40.6 70.2618210436
40.4 70.1152223888
40.2 69.9688906022
40 69.823814198
39.8 69.6765200468
39.6 69.5291224519
39.4 69.382203078
39.2 69.2353323338
39 69.088354945
38.8 68.9396756261
38.6 68.7921117752
38.4 68.6444637416
38.2 68.4967352393
38 68.349605218
37.8 68.1999517236
37.6 68.0501455568
37.4 67.9016483058
37.2 67.7537905872
37 67.605841488
36.8 67.4555723016
36.6 67.3055535552
36.4 67.155407816
36.2 67.0051571148
36 66.856964707
35.8 66.706258035
35.6 66.5555211263
35.4 66.4049979602
35.2 66.2545534906
35 66.104023725
34.8 65.9514217116
34.6 65.8004075734
34.4 65.6493602814
34.2 65.4982739464
34 65.347507223
33.8 65.1938639614
33.6 65.0400993258
33.4 64.8881502362
33.2 64.7368402182
33 64.585496575
32.8 64.4313862039
32.6 64.2773155034
32.4 64.1231506706
32.2 63.9694478901
32 63.817844525
31.8 63.663292125
31.6 63.508732584
31.4 63.354258819
31.2 63.1997255506
31 63.045102209
30.8 62.8893691724
30.6 62.7344610568
30.4 62.5795644485
30.2 62.424684337
30 62.269766569
29.8 62.1116594794
29.6 61.9543864104
29.4 61.7991366564
29.2 61.6438684107
29 61.488574512
28.8 61.3300997864
28.6 61.1716416058
28.4 61.013196936
28.2 60.8572870132
28 60.701588154
27.8 60.5424207452
27.6 60.3835017846
27.4 60.2247262778
27.2 60.0659898748
27 59.908781089
26.8 59.749138577
26.6 59.5894367754
26.4 59.4299966928
26.2 59.270899063
26 59.111781567
25.8 58.9498187564
25.6 58.7896428258
25.4 58.6294991914
25.2 58.4695353323
25 58.310157776
24.8 58.1469161752
24.6 57.9840310749
24.4 57.82340083
24.2 57.6628234684
24 57.502328902
23.8 57.338555623
23.6 57.1749531446
23.4 57.011488443
23.2 56.8502509892
23 56.689244926
22.8 56.5240645032
22.6 56.3598327608
22.4 56.1959427088
22.2 56.0322178402
22 55.870292157
21.8 55.7045089898
21.6 55.5387847476
21.4 55.3741767002
21.2 55.2100523766
21 55.046054095
20.8 54.8789807738
20.6 54.7127015826
20.4 54.5465198502
20.2 54.3815979418
20 54.217373669
19.8 54.0489472506
19.6 53.8823556966
19.4 53.7165017874
19.2 53.5508034749
19 53.38671279
18.8 53.2168607236
18.6 53.0475203316
18.4 52.8798261242
18.2 52.712857515
18 52.546346575
17.8 52.3761406056
17.6 52.2068592904
17.4 52.0380093452
17.2 51.8708239498
17 51.704378009
16.8 51.5320563401
16.6 51.3615104774
16.4 51.1918157818
16.2 51.0226575516
16 50.855210364
15.8 50.6822936896
15.6 50.509876632
15.4 50.3398039746
15.2 50.1704064192
15 50.001695424
14.8 49.8223175836
14.6 49.6437112808
14.4 49.4659082663
14.2 49.2905252636
14 49.115987986
13.8 48.9332489813
13.6 48.7523528074
13.4 48.5719335024
13.2 48.3936200796
13 48.217160702
12.8 48.0322303844
12.6 47.849110067
12.4 47.6670032118
12.2 47.4857194402
12 47.307654455
11.8 47.1207573566
11.6 46.9345255332
11.4 46.7504594536
11.2 46.5673217983
11 46.386231408
10.8 46.1969233008
10.6 46.0078070991
10.4 45.8217611414
10.2 45.6368137577
10 45.452755846
9.8 45.2288447932
9.6 45.0057300711
9.4 44.7857587052
9.2 44.5672511662
9 44.35152486
8.8 44.1897541824
8.6 44.027849433
8.4 43.8694099388
8.2 43.7118765238
8 43.553752899
7.8 43.3544161292
7.6 43.15831545
7.4 42.9640302568
7.2 42.7730670336
7 42.58402288
6.8 42.3583121614
6.6 42.1361107408
6.4 41.9163272828
6.2 41.699452977
6 41.485867768
5.8 41.2843038856
5.6 41.0865190228
5.4 40.8922425518
5.2 40.7009664354
5 40.513341457
4.8 40.3015246887
4.6 40.0932004286
4.4 39.8901712522
4.2 39.6913783791
4 39.494698146
3.8 39.2798820692
3.6 39.0658849357
3.4 38.8614604078
3.2 38.6627880932
3 38.464168862
2.8 38.2342975764
2.6 38.0059357063
2.4 37.7906635624
2.2 37.5801962118
2 37.37326099
1.8 37.1193238764
1.6 36.8737124257
1.4 36.638658261
1.2 36.412404582
1 36.19194153
0.8 35.8492106832
0.6 35.5134928515
0.4 35.201891849
0.2 34.8996264846
0 34.609600991
