200 168.74432534
199.8 168.687936771
199.6 168.631470561
199.4 168.574928951
199.2 168.51829923
199 168.461604603
198.8 168.404855664
198.6 168.348005807
198.4 168.291002699
198.2 168.23385033
198 168.17660901
197.8 168.119311732
197.6 168.061851573
197.4 168.004282018
197.2 167.946901798
197 167.889472991
196.8 167.831937212
196.6 167.774272382
196.4 167.716529697
196.2 167.658721471
196 167.600821137
195.8 167.542772222
195.6 167.484724337
195.4 167.426588472
195.2 167.368273622
195 167.309813917
194.8 167.251333225
194.6 167.192627746
194.4 167.133722764
194.2 167.074669284
194 167.015544027
193.8 166.956786046
193.6 166.897926599
193.4 166.83896949
193.2 166.779929024
193 166.720747858
192.8 166.661527044
192.6 166.602218539
192.4 166.542788081
192.2 166.483224186
192 166.423529804
191.8 166.363919782
191.6 166.304184583
191.4 166.24431251
191.2 166.184308922
191 166.124196231
190.8 166.064048684
190.6 166.00368749
190.4 165.943482534
190.2 165.883246216
190 165.822916672
189.8 165.762345657
189.6 165.70158906
189.4 165.640721142
189.2 165.57977044
189 165.518719763
188.8 165.45786517
188.6 165.396959581
188.4 165.335916394
188.2 165.274721933
188 165.213387191
187.8 165.152004421
187.6 165.090312374
187.4 165.028430199
187.2 164.966626775
187 164.904939577
186.8 164.84334583
186.6 164.78156558
186.4 164.719689098
186.2 164.657706148
186 164.595505983
185.8 164.533271509
185.6 164.471076292
185.4 164.408767434
185.2 164.34620119
185 164.2833554
184.8 164.220595082
184.6 164.157727003
184.4 164.094793689
184.2 164.031816071
184 163.9689273
183.8 163.906023754
183.6 163.84280431
183.4 163.779464442
183.2 163.716076106
183 163.652587742
182.8 163.589134139
182.6 163.525618307
182.4 163.462050104
182.2 163.398312861
182 163.334236443
181.8 163.270244289
181.6 163.206148976
181.4 163.141986859
181.2 163.07777189
181 163.013495624
180.8 162.949350391
180.6 162.884904805
180.4 162.820315671
180.2 162.755666179
180 162.690924078
179.8 162.626054793
179.6 162.56108067
179.4 162.496039538
179.2 162.431033072
179 162.365774915
178.8 162.300788471
178.6 162.235532045
178.4 162.170065933
178.2 162.104435777
178 162.038672566
177.8 161.973093875
177.6 161.90756529
177.4 161.841963387
177.2 161.776250946
177 161.710288703
176.8 161.644162381
176.6 161.577911192
176.4 161.511592002
176.2 161.445267595
176 161.378695108
175.8 161.312219997
175.6 161.245565951
175.4 161.178780424
175.2 161.111877262
175 161.0448367
174.8 160.978006173
174.6 160.911210352
174.4 160.844346933
174.2 160.777390063
174 160.710178316
173.8 160.64277991
173.6 160.575268387
173.4 160.507692815
173.2 160.440142867
173 160.372330636
172.8 160.304603475
172.6 160.236698824
172.4 160.16864714
172.2 160.100474125
172 160.032200724
171.8 159.964126442
171.6 159.895896779
171.4 159.827555456
171.2 159.759134775
171 159.690524668
170.8 159.621816081
170.6 159.553052097
170.4 159.484306022
170.2 159.415610841
170 159.346607283
169.8 159.277692452
169.6 159.208482838
169.4 159.139069664
169.2 159.069498654
169 158.999771152
168.8 158.930595065
168.6 158.861098108
168.4 158.791483379
168.2 158.721782327
168 158.651854753
167.8 158.58186624
167.6 158.511817945
167.4 158.44197738
167.2 158.372043935
167 158.301803574
166.8 158.231662342
166.6 158.161166227
166.4 158.090447247
166.2 158.019579186
166 157.948815815
165.8 157.878200851
165.6 157.807420721
165.4 157.736567864
165.2 157.665616793
165 157.594424099
164.8 157.522970456
164.6 157.451696074
164.4 157.380442944
164.2 157.309027499
164 157.237354964
163.8 157.165969222
163.6 157.094307178
163.4 157.022478137
163.2 156.950735677
163 156.878987111
162.8 156.806971665
162.6 156.734722888
162.4 156.662376541
162.2 156.589964002
162 156.517412275
161.8 156.444953295
161.6 156.372504422
161.4 156.299946055
161.2 156.227239877
161 156.154336244
160.8 156.081683189
160.6 156.00863403
160.4 155.935534938
160.2 155.862364567
160 155.789082289
159.8 155.715835691
159.6 155.642480534
159.4 155.569074148
159.2 155.495538433
159 155.421873987
158.8 155.348209548
158.6 155.274463534
158.4 155.200642878
158.2 155.126748419
158 155.052774906
157.8 154.97872946
157.6 154.904507801
157.4 154.830154002
157.2 154.755732495
157 154.681211978
156.8 154.606530196
156.6 154.531702105
156.4 154.457061852
156.2 154.382494751
156 154.307650134
155.8 154.232800111
155.6 154.157773697
155.4 154.08256973
155.2 154.007219028
155 153.931982212
154.8 153.856736468
154.6 153.781239468
154.4 153.70560602
154.2 153.629854083
154 153.553904772
153.8 153.477936926
153.6 153.402225064
153.4 153.326402968
153.2 153.25041886
153 153.174230725
152.8 153.098062307
152.6 153.02168147
152.4 152.945269474
152.2 152.868793043
152 152.792221144
151.8 152.715540186
151.6 152.638679332
151.4 152.561728257
151.2 152.484771345
151 152.407994881
150.8 152.33118321
150.6 152.254235882
150.4 152.177143371
150.2 152.099899501
150 152.022501439
149.8 151.945226359
149.6 151.867623273
149.4 151.789786154
149.2 151.711807018
149 151.633749992
148.8 151.555616504
148.6 151.477600255
148.4 151.399937825
148.2 151.322139919
148 151.244103014
147.8 151.166046155
147.6 151.087730247
147.4 151.009144278
147.2 150.930445662
147 150.851718426
146.8 150.77295965
146.6 150.694101757
146.4 150.615183353
146.2 150.536169254
146 150.457239762
145.8 150.378256193
145.6 150.299198604
145.4 150.219993108
145.2 150.140615309
145 150.061090291
144.8 149.981814143
144.6 149.902261453
144.4 149.822457278
144.2 149.742470288
144 149.662354589
143.8 149.582238746
143.6 149.502041856
143.4 149.422424709
143.2 149.34269669
143 149.26276058
142.8 149.182533157
142.6 149.102172929
142.4 149.021621796
142.2 148.940969399
142 148.860305727
141.8 148.779615713
141.6 148.698660124
141.4 148.617507619
141.2 148.536198379
141 148.455130622
140.8 148.374221298
140.6 148.293218598
140.4 148.212068871
140.2 148.130757886
140 148.049310833
139.8 147.968059138
139.6 147.886544144
139.4 147.804748249
139.2 147.72273745
139 147.640642732
138.8 147.558284372
138.6 147.476069445
138.4 147.394348198
138.2 147.312491834
138 147.230417907
137.8 147.148260749
137.6 147.065978742
137.4 146.983501223
137.2 146.90087252
137 146.818196043
136.8 146.735375759
136.6 146.652367676
136.4 146.569234145
136.2 146.486121128
136 146.403494589
135.8 146.320644199
135.6 146.237718487
135.4 146.15462237
135.2 146.071330729
135 145.987895949
134.8 145.904448655
134.6 145.820717215
134.4 145.736695716
134.2 145.652468222
134 145.568208784
133.8 145.483963663
133.6 145.400387823
133.4 145.316698256
133.2 145.232847756
133 145.14882943
132.8 145.064721912
132.6 144.980525597
132.4 144.896078654
132.2 144.811431062
132 144.726714611
131.8 144.641603327
131.6 144.556285209
131.4 144.471155266
131.2 144.386547893
131 144.301833957
130.8 144.217053359
130.6 144.132181853
130.4 144.046992544
130.2 143.961450161
130 143.875825055
129.8 143.79012797
129.6 143.704337567
129.4 143.618450993
129.2 143.532472661
129 143.446954872
128.8 143.361292153
128.6 143.275593418
128.4 143.189725488
128.2 143.103652692
128 143.017436862
127.8 142.931348498
127.6 142.845082527
127.4 142.758591688
127.2 142.671911598
127 142.585170388
126.8 142.497920214
126.6 142.4114705
126.4 142.324955306
126.2 142.238355953
126 142.151677519
125.8 142.064750653
125.6 141.977743882
125.4 141.890386791
125.2 141.802811843
125 141.715218455
124.8 141.627330095
124.6 141.539283965
124.4 141.451715789
124.2 141.364518961
124 141.277189687
123.8 141.189577785
123.6 141.101951963
123.4 141.014095587
123.2 140.925849855
123 140.837567449
122.8 140.749097705
122.6 140.660473055
122.4 140.571698576
122.2 140.483009797
122 140.395095862
121.8 140.306800623
121.6 140.218483179
121.4 140.129953551
121.2 140.041183196
121 139.95227341
120.8 139.863222512
120.6 139.774025011
120.4 139.684616828
120.2 139.595050097
120 139.505493164
119.8 139.41617647
119.6 139.326869285
119.4 139.237467438
119.2 139.147953344
119 139.058342814
118.8 138.968676645
118.6 138.878868683
118.4 138.78883622
118.2 138.698609024
118 138.608339816
117.8 138.517734874
117.6 138.427846905
117.4 138.337987106
117.2 138.247906238
117 138.157589287
116.8 138.066937369
116.6 137.976268158
116.4 137.885475936
116.2 137.794545674
116 137.703584611
115.8 137.612382209
115.6 137.520991778
115.4 137.430228874
115.2 137.339537364
115 137.248625308
114.8 137.157284504
114.6 137.065900391
114.4 136.974401279
114.2 136.882804096
114 136.791171432
113.8 136.699240804
113.6 136.607031334
113.4 136.514607671
113.2 136.42293033
113 136.331298783
112.8 136.239526549
112.6 136.14769721
112.4 136.055603825
112.2 135.963177384
112 135.870547786
111.8 135.777861396
111.6 135.685063112
111.4 135.592168945
111.2 135.499212503
111 135.407046609
110.8 135.314336084
110.6 135.221517658
110.4 135.128576821
110.2 135.035511567
110 134.94242654
109.8 134.849107285
109.6 134.755617678
109.4 134.661928547
109.2 134.568077144
109 134.474415373
108.8 134.381110337
108.6 134.287648809
108.4 134.19401924
108.2 134.100192803
108 134.006123394
107.8 133.912135079
107.6 133.81799196
107.4 133.72363922
107.2 133.629106557
107 133.534495771
106.8 133.440161058
106.6 133.345974034
106.4 133.251596448
106.2 133.156969309
106 133.062013268
105.8 132.966910284
105.6 132.871873206
105.4 132.77671743
105.2 132.681445783
105 132.586098641
104.8 132.490636427
104.6 132.395693429
104.4 132.300606129
104.2 132.205367523
104 132.109908968
103.8 132.014219472
103.6 131.91862854
103.4 131.822785526
103.2 131.726624339
103 131.630259305
102.8 131.533793956
102.6 131.437758868
102.4 131.341928398
102.2 131.245962805
102 131.149764091
101.8 131.053325588
101.6 130.95691094
101.4 130.860367103
101.2 130.763512903
101 130.666410953
100.8 130.569228298
100.6 130.472126438
100.4 130.375523488
100.2 130.278796595
100 130.181851536
99.8 130.084459835
99.6 129.986994705
99.4 129.889668924
99.2 129.792120427
99 129.694359928
98.8 129.596684843
98.6 129.498713216
98.4 129.401311633
98.2 129.303762967
98 129.205933481
97.8 129.107699925
97.6 129.009341495
97.4 128.911261223
97.2 128.813097704
97 128.714781046
96.8 128.616171694
96.6 128.517224211
96.4 128.418708165
96.2 128.320218903
96 128.221523553
95.8 128.122544271
95.6 128.023409473
95.4 127.924487823
95.2 127.825475943
95 127.726147532
94.8 127.626792812
94.6 127.527074887
94.4 127.42767749
94.2 127.328364056
94 127.228854746
93.8 127.129054492
93.6 127.029096137
93.4 126.929355526
93.2 126.829559123
93 126.729453564
92.8 126.629297495
92.6 126.528613925
92.4 126.428148405
92.2 126.327763909
92 126.22715798
91.8 126.126433402
91.6 126.025589057
91.4 125.925062921
91.2 125.824482101
91 125.723558336
90.8 125.622616988
90.6 125.521291133
90.4 125.42025844
90.2 125.319254493
90 125.218023419
89.8 125.116320061
89.6 125.014376128
89.4 124.91288654
89.2 124.811294175
89 124.709361613
88.8 124.607587993
88.6 124.505440148
88.4 124.403614478
88.2 124.301716578
88 124.199578345
87.8 124.096956408
87.6 123.994153054
87.4 123.891918829
87.2 123.789470083
87 123.686696082
86.8 123.58407262
86.6 123.481164935
86.4 123.378466463
86.2 123.27562536
86 123.172446191
85.8 123.068808138
85.6 122.965272592
85.4 122.862147789
85.2 122.758892805
85 122.655435711
84.8 122.551719361
84.6 122.447867025
84.4 122.344048561
84.2 122.240090704
84 122.135872185
83.8 122.031271088
83.6 121.927173682
83.4 121.823167475
83.2 121.718929053
83 121.614398479
82.8 121.509784394
82.6 121.405166703
82.4 121.300394821
82.2 121.195458484
82 121.090245843
81.8 120.984791153
81.6 120.880018599
81.4 120.775062475
81.2 120.669872355
81 120.564427972
80.8 120.459013047
80.6 120.353445607
80.4 120.247674766
80.2 120.141725648
80 120.035496891
79.8 119.929553961
79.6 119.823818025
79.4 119.717872607
79.2 119.611687666
79 119.505291134
78.8 119.398866649
78.6 119.292085338
78.4 119.185094374
78.2 119.07792925
78 118.970762646
77.8 118.864167483
77.6 118.757441288
77.4 118.650484043
77.2 118.54327942
77 118.436096229
76.8 118.328660495
76.6 118.220798135
76.4 118.112666655
76.2 118.004335918
76 117.896870047
75.8 117.789265078
75.6 117.681515467
75.4 117.573509387
75.2 117.465335215
75 117.357215881
74.8 117.248474574
74.6 117.139450973
74.4 117.030251628
74.2 116.921750632
74 116.813314736
73.8 116.704686797
73.6 116.595835519
73.4 116.4866369
73.2 116.377182758
73 116.267629594
72.8 116.157719058
72.6 116.047628971
72.4 115.938188809
72.2 115.829169077
72 115.719844073
71.8 115.609941357
71.6 115.499894373
71.4 115.38960039
71.2 115.279068571
71 115.168419987
70.8 115.057157665
70.6 114.946427502
70.4 114.836254394
70.2 114.72585882
70 114.615192771
69.8 114.504184747
69.6 114.392993568
69.4 114.28150923
69.2 114.169768596
69 114.057908416
68.8 113.94606736
68.6 113.834926441
68.4 113.723570582
68.2 113.611930061
68 113.500049472
67.8 113.387830952
67.6 113.275194913
67.4 113.162173372
67.2 113.048876986
67 112.936393857
66.8 112.824122417
66.6 112.711810583
66.4 112.599216377
66.2 112.486307077
66 112.373236328
65.8 112.259621984
65.6 112.145723397
65.4 112.031603522
65.2 111.918525993
65 111.805709019
64.8 111.692038921
64.6 111.578332084
64.4 111.464250317
64.2 111.349690753
64 111.23509258
63.8 111.11981839
63.6 111.004227339
63.4 110.890254227
63.2 110.776168662
63 110.661845952
62.8 110.547093588
62.6 110.432151118
62.4 110.316779098
62.2 110.201103497
62 110.085413456
61.8 109.96914929
61.6 109.854080458
61.4 109.738796678
61.2 109.623206293
61 109.507315099
60.8 109.390911257
60.6 109.274250883
60.4 109.157288009
60.2 109.040098389
60 108.923966281
59.8 108.807547294
59.6 108.691055686
59.4 108.574269696
59.2 108.457128025
59 108.339814067
58.8 108.221891833
58.6 108.103684819
58.4 107.985481163
58.2 107.868617603
58 107.751517698
57.8 107.633596381
57.6 107.515618576
57.4 107.397291542
57.2 107.27866162
57 107.159956038
56.8 107.040309322
56.6 106.921481343
56.4 106.802988154
56.2 106.684250611
56 106.565180153
55.8 106.445761849
55.6 106.326223123
55.4 106.206380388
55.2 106.086280242
55 105.966540117
54.8 105.847042922
54.6 105.727380157
54.4 105.607389343
54.2 105.48702304
54 105.366405576
53.8 105.245228308
53.6 105.12384181
53.4 105.002289625
53.2 104.882162994
53 104.761833519
52.8 104.640438598
52.6 104.518886167
52.4 104.397265728
52.2 104.27539975
52 104.153356284
51.8 104.030634997
51.6 103.908622157
51.4 103.78673003
51.2 103.664607984
51 103.542140514
50.8 103.419397032
50.6 103.296476451
50.4 103.173177141
50.2 103.049552904
50 102.926669031
49.8 102.803581852
49.6 102.680335545
49.4 102.556843935
49.2 102.433150202
49 102.309203818
48.8 102.184557143
48.6 102.05952064
48.4 101.935053176
48.2 101.811116529
48 101.686884224
47.8 101.561665714
47.6 101.436607064
47.4 101.311583072
47.2 101.186273312
47 101.060737014
46.8 100.935029989
46.6 100.80954065
46.4 100.68384338
46.2 100.557905954
46 100.431814246
45.8 100.305118261
45.6 100.178175974
45.4 100.051028202
45.2 99.924485567
45 99.798267111
44.8 99.6709492414
44.6 99.5433486971
44.4 99.4160251188
44.2 99.2887117566
44 99.161052555
43.8 99.032604879
43.6 98.9045357941
43.4 98.7765494764
43.2 98.6483669998
43 98.519742727
42.8 98.3909417727
42.6 98.2620090838
42.4 98.1327894446
42.2 98.0033162274
42 97.874810889
41.8 97.7451448586
41.6 97.6151368018
41.4 97.4850821794
41.2 97.355612683
41 97.225723475
40.8 97.0949815926
40.6 96.9640712587
40.4 96.8336643664
40.2 96.7030921996
40 96.572114974
39.8 96.4404519403
39.6 96.30920656
39.4 96.177697682
39.2 96.0459267171
39 95.914625645
38.8 95.782440233
38.6 95.6498500406
38.4 95.5170921194
38.2 95.3851513146
38 95.252975941
37.8 95.1197024106
37.6 94.9861421836
37.4 94.853092785
37.2 94.719885504
37 94.586374164
36.8 94.4519003623
36.6 94.3181426854
36.4 94.1841345282
36.2 94.0498549831
36 93.91591309
35.8 93.780874178
35.6 93.6454595148
35.4 93.5098680818
35.2 93.37541005
35 93.24070105
34.8 93.1046819628
34.6 92.9685133982
34.4 92.8326350004
34.2 92.696577734
34 92.560237378
33.8 92.4231446038
33.6 92.2865989446
33.4 92.1498129842
33.2 92.0127787193
33 91.876213305
32.8 91.7380222786
32.6 91.599509114
32.4 91.4613179498
32.2 91.3242017626
32 91.186771393
31.8 91.0477302554
31.6 90.9087543768
31.4 90.7697283504
31.2 90.6304980299
31 90.491146407
30.8 90.3516928238
30.6 90.212108755
30.4 90.0723052371
30.2 89.9325130462
30 89.792851731
29.8 89.6511386006
29.6 89.5091899915
29.4 89.3689999776
29.2 89.2287520472
29 89.088246316
28.8 88.9460115149
28.6 88.8037443964
28.4 88.661264014
28.2 88.518603606
28 88.377599172
27.8 88.2347441304
27.6 88.0917829752
27.4 87.9487168187
27.2 87.805611026
27 87.66239363
26.8 87.5167716497
26.6 87.3731627116
26.4 87.2296688796
26.2 87.0859709626
26 86.942187838
25.8 86.7962001908
25.6 86.649974841
25.4 86.503572468
25.2 86.3594885824
25 86.215310752
24.8 86.0686502816
24.6 85.9219553107
24.4 85.7751009968
24.2 85.6280568265
24 85.481235312
23.8 85.3340022416
23.6 85.1867427526
23.4 85.0393468521
23.2 84.8917680918
23 84.744103611
22.8 84.5935446142
22.6 84.4439605865
22.4 84.2960780914
22.2 84.1480887958
22 83.999948288
21.8 83.8488408256
21.6 83.6976003588
21.4 83.5462563431
21.2 83.396863949
21 83.248256117
20.8 83.0964574394
20.6 82.9446183004
20.4 82.7926936004
20.2 82.6406773816
20 82.488815396
19.8 82.336233824
19.6 82.183606583
19.4 82.030907093
19.2 81.878288883
19 81.725696623
18.8 81.569468319
18.6 81.4147634618
18.4 81.2612637516
18.2 81.1077302161
18 80.9542806
17.8 80.7972165912
17.6 80.6401602444
17.4 80.4834042587
17.2 80.3290489552
17 80.174696088
16.8 80.0161804217
16.6 79.8581651688
16.4 79.7002709868
16.2 79.5424337069
16 79.386521041
15.8 79.2269233826
15.6 79.0672966588
15.4 78.9081762508
15.2 78.7494645472
15 78.590787172
14.8 78.4285096231
14.6 78.2677222134
14.4 78.1070040813
14.2 77.946718711
14 77.787204191
13.8 77.622516283
13.6 77.4586343595
13.4 77.2966918558
13.2 77.1348772307
13 76.973490493
12.8 76.8071966082
12.6 76.6412110268
12.4 76.4757855861
12.2 76.312510192
12 76.149471104
11.8 75.9804158778
11.6 75.812723434
11.4 75.6453627468
11.2 75.4785826704
11 75.313892946
10.8 75.1426230876
10.6 74.9717918206
10.4 74.802635324
10.2 74.6338431856
10 74.465771776
9.8 74.2921621528
9.6 74.1189151168
9.4 73.9465123355
9.2 73.7758230564
9 73.605662286
8.8 73.4279683998
8.6 73.252320704
8.4 73.0768503951
8.2 72.9030034514
8 72.730987489
7.8 72.549345505
7.6 72.3703546299
7.4 72.1922866612
7.2 72.0144600277
7 71.840018198
6.8 71.655105266
6.6 71.4715113597
6.4 71.2903814168
6.2 71.109592198
6 70.930868492
5.8 70.7420384136
5.6 70.5542063614
5.4 70.3687476674
5.2 70.1845012964
5 70.001077682
4.8 69.8074739719
4.6 69.6148589434
4.4 69.424113557
4.2 69.2355483234
4 69.047666401
3.8 68.8471464549
3.6 68.6483562174
3.4 68.4514438621
3.2 68.2574709896
3 68.064030588
2.8 67.8546403707
2.6 67.6473137198
2.4 67.4423552172
2.2 67.2408313098
2 67.039638489
1.8 66.8177875176
1.6 66.5974579933
1.4 66.3808564164
1.2 66.1672776193
1 65.954892047
0.8 65.713012315
0.6 65.4717310557
0.4 65.234804359
0.2 64.9990826565
0 64.770823032
