200 150.474663978
199.8 150.405840785
199.6 150.336942699
199.4 150.267964279
199.2 150.198891782
199 150.129703164
198.8 150.060427094
198.6 149.990920095
198.4 149.921280604
198.2 149.851538143
198 149.781769261
197.8 149.711985704
197.6 149.642103076
197.4 149.572153532
197.2 149.5021215
197 149.43239446
196.8 149.362520912
196.6 149.292588973
196.4 149.222565287
196.2 149.152436858
196 149.082211047
195.8 149.011912896
195.6 148.941552445
195.4 148.871112198
195.2 148.800596833
195 148.72998929
194.8 148.659031439
194.6 148.587916821
194.4 148.51671584
194.2 148.44582445
194 148.374908432
193.8 148.304013511
193.6 148.233041084
193.4 148.161962271
193.2 148.09078191
193 148.019538552
192.8 147.948279306
192.6 147.876897308
192.4 147.805407208
192.2 147.733812123
192 147.662068516
191.8 147.58995288
191.6 147.517745914
191.4 147.445878472
191.2 147.37411783
191 147.302312478
190.8 147.230391595
190.6 147.158328384
190.4 147.086069626
190.2 147.013628519
190 146.941205699
189.8 146.868726197
189.6 146.796197194
189.4 146.723637587
189.2 146.651026899
189 146.578305274
188.8 146.505105424
188.6 146.432384841
188.4 146.359644505
188.2 146.28681019
188 146.213857204
187.8 146.140925461
187.6 146.067892546
187.4 145.99475209
187.2 145.921624953
187 145.848461896
186.8 145.774874002
186.6 145.701179481
186.4 145.627410722
186.2 145.553568126
186 145.479764244
185.8 145.406103472
185.6 145.332394495
185.4 145.258604005
185.2 145.184715355
185 145.110728562
184.8 145.036599124
184.6 144.96240828
184.4 144.888150744
184.2 144.813800657
184 144.739382625
183.8 144.66470716
183.6 144.589950746
183.4 144.515144354
183.2 144.440734395
183 144.366312772
182.8 144.291643327
182.6 144.216930807
182.4 144.142112571
182.2 144.06717956
182 143.992188517
181.8 143.917140067
181.6 143.841963276
181.4 143.766676482
181.2 143.691298473
181 143.615848482
180.8 143.540081036
180.6 143.464576865
180.4 143.389352457
180.2 143.314041579
180 143.238601029
179.8 143.162953365
179.6 143.087237573
179.4 143.011402656
179.2 142.935524892
179 142.859630942
178.8 142.783497298
178.6 142.707257009
178.4 142.630939275
178.2 142.554553714
178 142.478262268
177.8 142.402096181
177.6 142.325915802
177.4 142.249663562
177.2 142.173309457
177 142.096851051
176.8 142.020039928
176.6 141.943180793
176.4 141.866211195
176.2 141.789132953
176 141.7120139
175.8 141.634799683
175.6 141.557511545
175.4 141.480350181
175.2 141.403629122
175 141.32679154
174.8 141.249670771
174.6 141.172465754
174.4 141.095073593
174.2 141.017485114
174 140.939842649
173.8 140.862082411
173.6 140.784282893
173.4 140.706447756
173.2 140.628563952
173 140.550601721
172.8 140.472568057
172.6 140.394946913
172.4 140.317212364
172.2 140.23931871
172 140.161260575
171.8 140.082907241
171.6 140.004547768
171.4 139.926246586
171.2 139.847902146
171 139.769524053
170.8 139.690671959
170.6 139.611712462
170.4 139.532690722
170.2 139.454045121
170 139.375614829
169.8 139.297078956
169.6 139.218508738
169.4 139.139831156
169.2 139.061035032
169 138.982183401
168.8 138.90298133
168.6 138.823656264
168.4 138.744220373
168.2 138.664701671
168 138.585144013
167.8 138.505204649
167.6 138.425948913
167.4 138.346685992
167.2 138.26734097
167 138.187907279
166.8 138.108228648
166.6 138.028500716
166.4 137.948640437
166.2 137.868664792
166 137.788673684
165.8 137.708380827
165.6 137.628006154
165.4 137.547549111
165.2 137.467349331
165 137.387573048
164.8 137.307428822
164.6 137.227279919
164.4 137.147035104
164.2 137.066668749
164 136.986223411
163.8 136.905597725
163.6 136.824868431
163.4 136.744018188
163.2 136.663071114
163 136.582092792
162.8 136.500722516
162.6 136.420138639
162.4 136.339511775
162.2 136.258807731
162 136.178017914
161.8 136.09695586
161.6 136.015875272
161.4 135.934629847
161.2 135.853253954
161 135.77186206
160.8 135.689999181
160.6 135.608005392
160.4 135.525884174
160.2 135.444322568
160 135.363018319
159.8 135.281533656
159.6 135.200036484
159.4 135.11843248
159.2 135.036706295
159 134.95490773
158.8 134.872853819
158.6 134.79071514
158.4 134.70846532
158.2 134.626121402
158 134.543743849
157.8 134.461199198
157.6 134.379108371
157.4 134.296952679
157.2 134.214709091
157 134.132390499
156.8 134.049983168
156.6 133.967521157
156.4 133.884901002
156.2 133.802173918
156 133.719431251
155.8 133.636130208
155.6 133.552742726
155.4 133.469635214
155.2 133.387061131
155 133.304434389
154.8 133.221596426
154.6 133.138750952
154.4 133.055789529
154.2 132.972694887
154 132.889559813
153.8 132.805920662
153.6 132.722213262
153.4 132.638422912
153.2 132.554564138
153 132.47098241
152.8 132.387566514
152.6 132.304126224
152.4 132.220611081
152.2 132.13699283
152 132.053265423
151.8 131.969292518
151.6 131.885260494
151.4 131.80111455
151.2 131.716873467
151 131.632620037
150.8 131.547969282
150.6 131.463646075
150.4 131.379766221
150.2 131.295815438
150 131.211769253
149.8 131.127397519
149.6 131.043003148
149.4 130.95850122
149.2 130.873889711
149 130.789250061
148.8 130.704279647
148.6 130.619223142
148.4 130.534098747
148.2 130.449459479
148 130.365103677
147.8 130.280349591
147.6 130.195562845
147.4 130.110680473
147.2 130.025691211
147 129.940677468
146.8 129.855383683
146.6 129.770019895
146.4 129.684564698
146.2 129.599033004
146 129.513476044
145.8 129.428230142
145.6 129.343071276
145.4 129.257836199
145.2 129.17251063
145 129.087100178
144.8 129.001163674
144.6 128.915345984
144.4 128.829529923
144.2 128.743709868
144 128.657877833
143.8 128.571528799
143.6 128.48516996
143.4 128.399390358
143.2 128.313553983
143 128.22763899
142.8 128.141544491
142.6 128.055418753
142.4 127.969225423
142.2 127.882984761
142 127.796709344
141.8 127.709892473
141.6 127.622993481
141.4 127.536027834
141.2 127.449499026
141 127.3632707
140.8 127.276815057
140.6 127.190314746
140.4 127.103736562
140.2 127.017060551
140 126.930388108
139.8 126.843256584
139.6 126.756050271
139.4 126.668759644
139.2 126.581402306
139 126.494077112
138.8 126.407058089
138.6 126.319998053
138.4 126.232873926
138.2 126.145666874
138 126.058362305
137.8 125.97077597
137.6 125.883325748
137.4 125.795875523
137.2 125.708425295
137 125.620975077
136.8 125.533029759
136.6 125.445370372
136.4 125.357898684
136.2 125.270369679
136 125.182753175
135.8 125.094749731
135.6 125.006715279
135.4 124.918765977
135.2 124.830739725
135 124.742650807
134.8 124.654202044
134.6 124.565659207
134.4 124.477249834
134.2 124.389366627
134 124.301433533
133.8 124.213076299
133.6 124.124677813
133.4 124.03620526
133.2 123.947758524
133 123.859306872
132.8 123.770385682
132.6 123.681464493
132.4 123.592553914
132.2 123.503644289
132 123.415353894
131.8 123.326551938
131.6 123.237610686
131.4 123.148574162
131.2 123.059455861
131 122.970321152
130.8 122.881215317
130.6 122.792054516
130.4 122.702815831
130.2 122.61350134
130 122.524138123
129.8 122.434812248
129.6 122.345681458
129.4 122.256520709
129.2 122.167295849
129 122.077968538
128.8 121.988074602
128.6 121.898393265
128.4 121.808637428
128.2 121.718796658
128 121.628897667
127.8 121.538825869
127.6 121.449068933
127.4 121.35956946
127.2 121.269979441
127 121.180207193
126.8 121.089914453
126.6 120.999576042
126.4 120.909491277
126.2 120.819323617
126 120.729066998
125.8 120.63850587
125.6 120.547960979
125.4 120.457746251
125.2 120.367855227
125 120.277834773
124.8 120.187264776
124.6 120.096572006
124.4 120.005809556
124.2 119.915297223
124 119.824709237
123.8 119.733751762
123.6 119.642704612
123.4 119.551586655
123.2 119.46070804
123 119.370171219
122.8 119.27918331
122.6 119.188105279
122.4 119.096967268
122.2 119.005761093
122 118.914800599
121.8 118.823506132
121.6 118.732136875
121.4 118.640702122
121.2 118.549207538
121 118.45797585
120.8 118.366697165
120.6 118.275310647
120.4 118.183850706
120.2 118.092261696
120 118.000397921
119.8 117.908764055
119.6 117.81706692
119.4 117.725305063
119.2 117.633477306
119 117.541580796
118.8 117.449653651
118.6 117.357882029
118.4 117.266047135
118.2 117.174112189
118 117.081940949
117.8 116.989333125
117.6 116.897166787
117.4 116.805006829
117.2 116.712855357
117 116.620714873
116.8 116.528156561
116.6 116.435650771
116.4 116.343196872
116.2 116.250746268
116 116.158302575
115.8 116.065484434
115.6 115.972790768
115.4 115.880354418
115.2 115.787771284
115 115.694966614
114.8 115.601776183
114.6 115.508461498
114.4 115.415618981
114.2 115.322797704
114 115.229903698
113.8 115.136675429
113.6 115.043447144
113.4 114.950450156
113.2 114.857558048
113 114.764390796
112.8 114.670833963
112.6 114.577160651
112.4 114.483518501
112.2 114.390301397
112 114.297037527
111.8 114.203270373
111.6 114.109416127
111.4 114.01552551
111.2 113.922114626
111 113.828695968
110.8 113.734842077
110.6 113.640904117
110.4 113.546902258
110.2 113.453075494
110 113.359428629
109.8 113.265290091
109.6 113.171054429
109.4 113.076766759
109.2 112.982531633
109 112.888657361
108.8 112.794129521
108.6 112.699623871
108.4 112.605139708
108.2 112.510667674
108 112.416579224
107.8 112.322040041
107.6 112.227401691
107.4 112.132710826
107.2 112.037966897
107 111.943481069
106.8 111.848559078
106.6 111.753660751
106.4 111.658781475
106.2 111.563914547
106 111.469185874
105.8 111.374201569
105.6 111.278964877
105.4 111.18361454
105.2 111.088237342
105 110.992927309
104.8 110.897897839
104.6 110.80278933
104.4 110.707557857
104.2 110.612180466
104 110.516655177
103.8 110.421046959
103.6 110.325526011
103.4 110.230006203
103.2 110.134421003
103 110.038644373
102.8 109.942645197
102.6 109.846900302
102.4 109.751109475
102.2 109.655260933
102 109.559341848
101.8 109.463097951
101.6 109.367139609
101.4 109.271178719
101.2 109.175157022
101 109.07898438
100.8 108.982236872
100.6 108.886092399
100.4 108.789901301
100.2 108.69364658
100 108.597331911
99.8 108.500491235
99.6 108.403914334
99.4 108.307271245
99.2 108.210563451
99 108.113786966
98.8 108.016399345
98.6 107.919775271
98.4 107.823270973
98.2 107.726708448
98 107.630068541
97.8 107.532905007
97.6 107.435717003
97.4 107.338454451
97.2 107.241104353
97 107.143746436
96.8 107.045883453
96.6 106.948517924
96.4 106.851579434
96.2 106.754589898
96 106.657550365
95.8 106.559922796
95.6 106.462249695
95.4 106.364520843
95.2 106.266671484
95 106.168782622
94.8 106.0704315
94.6 105.972337254
94.4 105.874968377
94.2 105.777554464
94 105.680082858
93.8 105.582012856
93.6 105.483862863
93.4 105.385631705
93.2 105.287287766
93 105.188950926
92.8 105.09007898
92.6 104.991306147
92.4 104.89343722
92.2 104.795459884
92 104.697336286
91.8 104.598493022
91.6 104.49962271
91.4 104.400855437
91.2 104.302027631
91 104.203157365
90.8 104.103772891
90.6 104.004385844
90.4 103.906008294
90.2 103.807584638
90 103.709022552
89.8 103.60970152
89.6 103.510366827
89.4 103.41106824
89.2 103.311711115
89 103.212324709
88.8 103.112228983
88.6 103.01208891
88.4 102.912997123
88.2 102.814011246
88 102.714973658
87.8 102.615260452
87.6 102.515527947
87.4 102.415791325
87.2 102.315999073
87 102.216162711
86.8 102.115612799
86.6 102.015002698
86.4 101.915299882
86.2 101.815732306
86 101.716118127
85.8 101.615605933
85.6 101.515093751
85.4 101.414716286
85.2 101.314383596
85 101.21402511
84.8 101.112905187
84.6 101.011733811
84.4 100.911615244
84.2 100.811554516
84 100.71135813
83.8 100.610332382
83.6 100.509293417
83.4 100.408361537
83.2 100.307469863
83 100.206538469
82.8 100.104718667
82.6 100.00280065
82.4 99.9020937096
82.2 99.8013977942
82 99.700648159
81.8 99.5992090646
81.6 99.4977459639
81.4 99.3961925066
81.2 99.2945737778
81 99.192941993
80.8 99.0905231178
80.6 98.9882241692
80.4 98.8870292084
80.2 98.7857865576
80 98.68447876
79.8 98.5823706392
79.6 98.480265705
79.4 98.3781374948
79.2 98.275941986
79 98.173725158
78.8 98.0707317892
78.6 97.9680786901
78.4 97.8662316216
78.2 97.7643329084
78 97.66236499
77.8 97.5595887484
77.6 97.4568455033
77.4 97.3541273072
77.2 97.251363641
77 97.148576885
76.8 97.0449444114
76.6 96.9419372472
76.4 96.8394096258
76.2 96.7368451298
76 96.634229869
75.8 96.5307970466
75.6 96.4274539416
75.4 96.3241049018
75.2 96.2207042632
75 96.117287844
74.8 96.0130151938
74.6 95.9097106566
74.4 95.8065198418
74.2 95.7032871124
74 95.599983394
73.8 95.4958307428
73.6 95.3918736646
73.4 95.2878821074
73.2 95.1838529228
73 95.07978195
72.8 94.9751281945
72.6 94.8712710664
72.4 94.7673732044
72.2 94.6634231272
72 94.559400648
71.8 94.4546358866
71.6 94.3500067352
71.4 94.24534426
71.2 94.1406502066
71 94.035929233
70.8 93.93102428
70.6 93.8264396814
70.4 93.7218171982
70.2 93.617151809
70 93.512430549
69.8 93.4071168749
69.6 93.3018286226
69.4 93.1965072986
69.2 93.0911509188
69 92.985906471
68.8 92.880609403
68.6 92.7752583266
68.4 92.669870037
68.2 92.5644393754
68 92.459101427
67.8 92.3531291462
67.6 92.247129518
67.4 92.1411018908
67.2 92.035048291
67 91.929622307
66.8 91.8235540182
66.6 91.7174260498
66.4 91.6112655878
66.2 91.5050728033
66 91.39928709
65.8 91.292587838
65.6 91.1858680486
65.4 91.0791325267
65.2 90.9726144668
65 90.86674349
64.8 90.7598611684
64.6 90.6529350462
64.4 90.5459792152
64.2 90.4393072334
64 90.332834423
63.8 90.2253881334
63.6 90.1179050626
63.4 90.0103973874
63.2 89.9036570038
63 89.796979859
62.8 89.689267507
62.6 89.5815342786
62.4 89.4739353947
62.2 89.3667766452
62 89.25957185
61.8 89.1513350844
61.6 89.0430812866
61.4 88.9353065166
61.2 88.827838248
61 88.720335096
60.8 88.6117569864
60.6 88.5031536841
60.4 88.3952164726
60.2 88.2872932196
60 88.17935133
59.8 88.0703250884
59.6 87.961569395
59.4 87.8532874748
59.2 87.7449741362
59 87.636619925
58.8 87.5271435544
58.6 87.4182215194
58.4 87.3094978034
58.2 87.2007913648
58 87.09209004
57.8 86.9823839208
57.6 86.8732482136
57.4 86.764084518
57.2 86.6549025894
57 86.545722663
56.8 86.4358281518
56.6 86.3262981686
56.4 86.2167755994
56.2 86.1072590772
56 85.997768102
55.8 85.887726926
55.6 85.777672517
55.4 85.6675963342
55.2 85.5575052192
55 85.447858438
54.8 85.3375046108
54.6 85.2271568004
54.4 85.116821754
54.2 85.0064963321
54 84.896729715
53.8 84.7857351438
53.6 84.6747397182
53.4 84.5637400649
53.2 84.453165035
53 84.343177587
52.8 84.2319440422
52.6 84.1207291664
52.4 84.0095335186
52.2 83.8988352982
52 83.788170591
51.8 83.676230171
51.6 83.564285737
51.4 83.4527941324
51.2 83.3419281244
51 83.231094658
50.8 83.1189564588
50.6 83.006849991
50.4 82.8952266792
50.2 82.783634013
50 82.672031313
49.8 82.5591017786
49.6 82.4467169248
49.4 82.3349672138
49.2 82.223263782
49 82.111595362
48.8 81.9985435549
48.6 81.8859371802
48.4 81.773352483
48.2 81.660785413
48 81.548226953
47.8 81.4349827194
47.6 81.3222927778
47.4 81.2096468774
47.2 81.0970481503
47 80.984538016
46.8 80.8708874936
46.6 80.7572824242
46.4 80.6437003554
46.2 80.530130909
46 80.417559467
45.8 80.3039148254
45.6 80.1902971268
45.4 80.0767541309
45.2 79.9633759904
45 79.850199848
44.8 79.7355280216
44.6 79.6209062454
44.4 79.5063150447
44.2 79.3930570568
44 79.27993302
43.8 79.1653005688
43.6 79.0507079127
43.4 78.9363622244
43.2 78.822207433
43 78.708027393
42.8 78.5923096954
42.6 78.476923077
42.4 78.362750268
42.2 78.2486505452
42 78.13462165
41.8 78.0189921714
41.6 77.9035756922
41.4 77.7882957818
41.2 77.6730910722
41 77.557850689
40.8 77.4418360468
40.6 77.3266268076
40.4 77.2115206032
40.2 77.0965410967
40 76.981665492
39.8 76.8651313544
39.6 76.748675233
39.4 76.632337397
39.2 76.5160886377
39 76.401253276
38.8 76.285024284
38.6 76.1687829674
38.4 76.0526666393
38.2 75.9368162332
38 75.821086466
37.8 75.703566778
37.6 75.58618356
37.4 75.4692979156
37.2 75.3535962222
37 75.238002867
36.8 75.1205953542
36.6 75.0031878565
36.4 74.8862639678
36.2 74.769515705
36 74.652802289
35.8 74.5343083738
35.6 74.4169604409
35.4 74.3001440108
35.2 74.1834568202
35 74.066936105
34.8 73.9485066899
34.6 73.8304166912
34.4 73.7125323804
34.2 73.5948154971
34 73.477406384
33.8 73.3592561728
33.6 73.241182101
33.4 73.1232608318
33.2 73.0055259041
33 72.888429381
32.8 72.7691884474
32.6 72.6501975896
32.4 72.5314101838
32.2 72.4136980566
32 72.296433195
31.8 72.1771033974
31.6 72.0578573901
31.4 71.9391311636
31.2 71.8209372518
31 71.702918291
30.8 71.5826217886
30.6 71.463042281
30.4 71.3444956182
30.2 71.2260916886
30 71.107954711
29.8 70.9875366396
29.6 70.8678411174
29.4 70.748428357
29.2 70.629293746
29 70.510318726
28.8 70.3900552988
28.6 70.2701972126
28.4 70.1505192454
28.2 70.0310503114
28 69.91259253
27.8 69.7916388276
27.6 69.6710789262
27.4 69.5508438358
27.2 69.4314372208
27 69.312621608
26.8 69.1913574488
26.6 69.070354277
26.4 68.9499367187
26.2 68.8303543926
26 68.711259067
25.8 68.5891915438
25.6 68.4680063191
25.4 68.3478675646
25.2 68.2278874692
25 68.108351678
24.8 67.9861550519
24.6 67.8649982228
24.4 67.7442157564
24.2 67.6238420308
24 67.503842026
23.8 67.3816488426
23.6 67.2602011678
23.4 67.1389790474
23.2 67.0179655021
23 66.898669824
22.8 66.7761305544
22.6 66.6541891578
22.4 66.5327421338
22.2 66.4122746262
22 66.292270839
21.8 66.169295299
21.6 66.0468068574
21.4 65.9252965534
21.2 65.804606813
21 65.684634537
20.8 65.5609718506
20.6 65.4385954676
20.4 65.3171708894
20.2 65.1960669934
20 65.075477451
19.8 64.9520570656
19.6 64.8296984348
19.4 64.7079147072
19.2 64.5867780412
19 64.466382798
18.8 64.342609858
18.6 64.219699496
18.4 64.0972708224
18.2 63.9755462317
18 63.855637923
17.8 63.7318572078
17.6 63.6086132466
17.4 63.4862372879
17.2 63.365365714
17 63.244757026
16.8 63.1204636516
16.6 62.9968190889
16.4 62.8748416008
16.2 62.753563148
16 62.633194
15.8 62.5083427784
15.6 62.385096497
15.4 62.2627993942
15.2 62.141245735
15 62.020025671
14.8 61.8952220673
14.6 61.7708660006
14.4 61.6474562646
14.2 61.5251299665
14 61.403953448
13.8 61.2770451336
13.6 61.1512226578
13.4 61.0262728691
13.2 60.9029218972
13 60.780522734
12.8 60.652724582
12.6 60.5249189436
12.4 60.3995875636
12.2 60.2757721248
12 60.152013332
11.8 60.0225203311
11.6 59.8947903992
11.4 59.7681618604
11.2 59.6426916898
11 59.518610269
10.8 59.3877920025
10.6 59.2584694206
10.4 59.1305989798
10.2 59.0038276819
10 58.878624655
9.8 58.7466304254
9.6 58.6156523462
9.4 58.4858155999
9.2 58.3589535834
9 58.233630717
8.8 58.0989014746
8.6 57.967044658
8.4 57.8374588056
8.2 57.7087027428
8 57.582137406
7.8 57.446794205
7.6 57.3134714096
7.4 57.1819915412
7.2 57.0523171545
7 56.924541123
6.8 56.7870990414
6.6 56.6523619176
6.4 56.518987176
6.2 56.3880863484
6 56.25970155
5.8 56.1196363804
5.6 55.9812080666
5.4 55.8481044842
5.2 55.7169667662
5 55.586131543
4.8 55.4454054563
4.6 55.3056209116
4.4 55.1683725116
4.2 55.034432537
4 54.904381067
3.8 54.758229715
3.6 54.616256976
3.4 54.4772210977
3.2 54.3406344056
3 54.207149744
2.8 54.0540454384
2.6 53.9046564182
2.4 53.7600638064
2.2 53.6198851579
2 53.48339021
1.8 53.3120791428
1.6 53.149643701
1.4 52.9912643788
1.2 52.839151615
1 52.693254143
0.8 52.4668447364
0.6 52.254690373
0.4 52.0487668759
0.2 51.8490300654
0 51.656380087
