200 158.301936567
199.8 158.228872073
199.6 158.155698574
199.4 158.082403267
199.2 158.009025855
199 157.936291091
198.8 157.863279663
198.6 157.790242097
198.4 157.717070332
198.2 157.643738818
198 157.570304513
197.8 157.496939625
197.6 157.423416069
197.4 157.349584353
197.2 157.275472903
197 157.201346576
196.8 157.126964653
196.6 157.052445007
196.4 156.978082887
196.2 156.904211593
196 156.830236703
195.8 156.755941707
195.6 156.681646103
195.4 156.607184297
195.2 156.532517988
195 156.457730778
194.8 156.38286797
194.6 156.307887239
194.4 156.232740212
194.2 156.157452911
194 156.082125753
193.8 156.00649218
193.6 155.931354911
193.4 155.856184113
193.2 155.78090139
193 155.705495983
192.8 155.629672081
192.6 155.553828079
192.4 155.477891331
192.2 155.401872543
192 155.32585375
191.8 155.249631724
191.6 155.173306405
191.4 155.096848989
191.2 155.020295107
191 154.944185019
190.8 154.867698336
190.6 154.791153931
190.4 154.714533496
190.2 154.637833768
190 154.561066538
189.8 154.484217506
189.6 154.40733493
189.4 154.33027733
189.2 154.253050894
189 154.175782472
188.8 154.09810515
188.6 154.020231688
188.4 153.942759095
188.2 153.865416929
188 153.788033918
187.8 153.710534659
187.6 153.632995516
187.4 153.555199502
187.2 153.477104736
187 153.398861207
186.8 153.320542581
186.6 153.242172211
186.4 153.163739186
186.2 153.085251898
186 153.006738037
185.8 152.928303536
185.6 152.849817872
185.4 152.771257705
185.2 152.692633671
185 152.613940686
184.8 152.535153597
184.6 152.456325149
184.4 152.377219151
184.2 152.297835225
184 152.218362361
183.8 152.13866933
183.6 152.058831262
183.4 151.979101694
183.2 151.899873367
183 151.820544705
182.8 151.741098997
182.6 151.661619789
182.4 151.581928701
182.2 151.501973729
182 151.421843871
181.8 151.341591725
181.6 151.261215294
181.4 151.180679661
181.2 151.10001871
181 151.019335121
180.8 150.939089054
180.6 150.85894568
180.4 150.778671593
180.2 150.698216039
180 150.617534071
179.8 150.536596376
179.6 150.455640217
179.4 150.374541736
179.2 150.29327054
179 150.211922169
178.8 150.130361128
178.6 150.048642981
178.4 149.967143999
178.2 149.886031249
178 149.804810539
177.8 149.723310569
177.6 149.641735524
177.4 149.559945833
177.2 149.477920719
177 149.395758957
176.8 149.313643044
176.6 149.231393951
176.4 149.149004942
176.2 149.066506328
176 148.984111464
175.8 148.902037186
175.6 148.81984883
175.4 148.737546039
175.2 148.65510934
175 148.572500139
174.8 148.489730423
174.6 148.40697139
174.4 148.323980275
174.2 148.240750378
174 148.157386988
173.8 148.073982614
173.6 147.990507713
173.4 147.907600109
173.2 147.82461108
173 147.741515636
172.8 147.658121848
172.6 147.574693996
172.4 147.491095432
172.2 147.407292744
172 147.323307589
171.8 147.239229551
171.6 147.15508073
171.4 147.070864838
171.2 146.986704536
171 146.903063998
170.8 146.818943617
170.6 146.734661686
170.4 146.650293612
170.2 146.565856013
170 146.481357466
169.8 146.39676648
169.6 146.312046674
169.4 146.227184499
169.2 146.142194719
169 146.057120413
168.8 145.972119539
168.6 145.887320805
168.4 145.802398771
168.2 145.717371541
168 145.632189423
167.8 145.546950084
167.6 145.461748995
167.4 145.376441941
167.2 145.290896809
167 145.205159783
166.8 145.119219685
166.6 145.033090979
166.4 144.947320118
166.2 144.86176394
166 144.776090458
165.8 144.69012765
165.6 144.604086012
165.4 144.517930496
165.2 144.431806541
165 144.345583424
164.8 144.259189984
164.6 144.172648763
164.4 144.085977769
164.2 143.999217825
164 143.913012564
163.8 143.826515949
163.6 143.739864695
163.4 143.653107881
163.2 143.566229682
163 143.479199953
162.8 143.392199435
162.6 143.305084756
162.4 143.217841604
162.2 143.130480134
162 143.043034971
161.8 142.95570983
161.6 142.868523556
161.4 142.781249571
161.2 142.693885744
161 142.606332839
160.8 142.518533136
160.6 142.430898108
160.4 142.343142123
160.2 142.255154907
160 142.166951001
159.8 142.078619039
159.6 141.990268535
159.4 141.902481493
159.2 141.814633262
159 141.726635098
158.8 141.638372588
158.6 141.550014824
158.4 141.461623767
158.2 141.373162904
158 141.284421876
157.8 141.195556966
157.6 141.10661512
157.4 141.017623353
157.2 140.929088649
157 140.840539753
156.8 140.751607835
156.6 140.662466347
156.4 140.573226869
156.2 140.484005321
156 140.395036735
155.8 140.305704101
155.6 140.216232318
155.4 140.126630825
155.2 140.036924145
155 139.947513811
154.8 139.858189748
154.6 139.76856994
154.4 139.678823298
154.2 139.588968931
154 139.498880982
153.8 139.409050763
153.6 139.319121167
153.4 139.229066017
153.2 139.138883775
153 139.048597544
152.8 138.958517207
152.6 138.868382758
152.4 138.77811299
152.2 138.687752927
152 138.597207129
151.8 138.506392721
151.6 138.4159508
151.4 138.325439468
151.2 138.234798813
151 138.144005477
150.8 138.053044211
150.6 137.962049798
150.4 137.871248654
150.2 137.780389756
150 137.689377159
149.8 137.598064083
149.6 137.506654164
149.4 137.41556637
149.2 137.324388725
149 137.232991844
148.8 137.141255385
148.6 137.049434722
148.4 136.957853888
148.2 136.866549993
148 136.775132269
147.8 136.683409542
147.6 136.59155646
147.4 136.499635203
147.2 136.407922504
147 136.315850034
146.8 136.223623517
146.6 136.131327129
146.4 136.038984947
146.2 135.946934463
146 135.855049402
145.8 135.762885624
145.6 135.670535541
145.4 135.578107226
145.2 135.485598218
145 135.393043965
144.8 135.300333887
144.6 135.207567251
144.4 135.114755922
144.2 135.021904224
144 134.92937462
143.8 134.836501381
143.6 134.743410373
143.4 134.650245744
143.2 134.557044635
143 134.463955026
142.8 134.370855376
142.6 134.277631187
142.4 134.184293413
142.2 134.090847863
142 133.997309909
141.8 133.904178861
141.6 133.81066382
141.4 133.717002103
141.2 133.623248928
141 133.529277414
140.8 133.435485983
140.6 133.341834721
140.4 133.248075178
140.2 133.154187137
140 133.060167462
139.8 132.96612912
139.6 132.872126681
139.4 132.778016889
139.2 132.683822912
139 132.589468807
138.8 132.494806391
138.6 132.400695706
138.4 132.30649871
138.2 132.212188691
138 132.117725223
137.8 132.023046048
137.6 131.92847115
137.4 131.83389007
137.2 131.739192062
137 131.644255728
136.8 131.548848981
136.6 131.453702709
136.4 131.358881961
136.2 131.264018374
136 131.169094712
135.8 131.073943669
135.6 130.978709158
135.4 130.883643544
135.2 130.788492352
135 130.693225056
134.8 130.597407299
134.6 130.501443831
134.4 130.406165652
134.2 130.310784131
134 130.215225607
133.8 130.119631344
133.6 130.023861274
133.4 129.928227811
133.2 129.832600671
133 129.736889631
132.8 129.640631801
132.6 129.544168968
132.4 129.448070068
132.2 129.352272338
132 129.256295204
131.8 129.1602175
131.6 129.063910198
131.4 128.967497101
131.2 128.871126315
131 128.774677202
130.8 128.677832207
130.6 128.580870116
130.4 128.483982639
130.2 128.387728551
130 128.291307077
129.8 128.194781968
129.6 128.098049855
129.4 128.001104481
129.2 127.904250309
129 127.80733873
128.8 127.710148456
128.6 127.612908429
128.4 127.515636271
128.2 127.418908569
128 127.32204181
127.8 127.224756944
127.6 127.1273772
127.4 127.029859887
127.2 126.932428088
127 126.83505021
126.8 126.737260291
126.6 126.639331317
126.4 126.541310322
126.2 126.443760431
126 126.346483573
125.8 126.248854181
125.6 126.151116115
125.4 126.053253563
125.2 125.955386184
125 125.857578561
124.8 125.759398541
124.6 125.661058026
124.4 125.562620615
124.2 125.464383602
124 125.366480023
123.8 125.268093664
123.6 125.169668842
123.4 125.071211111
123.2 124.972787587
123 124.874498457
122.8 124.775824815
122.6 124.677007336
122.4 124.578090978
122.2 124.479247758
122 124.380911566
121.8 124.282061405
121.6 124.183188647
121.4 124.084273714
121.2 123.985346216
121 123.886574075
120.8 123.787196454
120.6 123.687685359
120.4 123.588066578
120.2 123.488476506
120 123.389703684
119.8 123.290481268
119.6 123.191206151
119.4 123.091806263
119.2 122.992286599
119 122.892825089
118.8 122.793063275
118.6 122.693061936
118.4 122.592889619
118.2 122.492683531
118 122.393464081
117.8 122.293790136
117.6 122.194074005
117.4 122.094229066
117.2 121.994255373
117 121.894319586
116.8 121.794047652
116.6 121.69354592
116.4 121.592866308
116.2 121.49215792
116 121.392495476
115.8 121.292333357
115.6 121.192136562
115.4 121.091809714
115.2 120.991349869
115 120.89089486
114.8 120.790000134
114.6 120.688970315
114.4 120.587823039
114.2 120.486742554
114 120.386631146
113.8 120.285996607
113.6 120.185330248
113.4 120.084533942
113.2 119.983604732
113 119.882645145
112.8 119.781020466
112.6 119.679251689
112.4 119.577365208
112.2 119.475700171
112 119.374952048
111.8 119.273829788
111.6 119.172700268
111.4 119.071438852
111.2 118.970017813
111 118.868519589
110.8 118.766344199
110.6 118.664039749
110.4 118.561623161
110.2 118.459650957
110 118.358418003
109.8 118.256623295
109.6 118.154808998
109.4 118.052861017
109.2 117.950719691
109 117.848483413
108.8 117.745774335
108.6 117.64295693
108.4 117.540044748
108.2 117.437878456
108 117.336162314
107.8 117.233845827
107.6 117.131503081
107.4 117.029008137
107.2 116.926317769
107 116.823606923
106.8 116.720469585
106.6 116.617144823
106.4 116.513665738
106.2 116.411376903
106 116.309197053
105.8 116.206414124
105.6 116.10359959
105.4 116.000563055
105.2 115.897186249
105 115.793766886
104.8 115.690017063
104.6 115.586159861
104.4 115.482442325
104.2 115.379720718
104 115.27683264
103.8 115.173402035
103.6 115.069934148
103.4 114.966346997
103.2 114.862647047
103 114.758898929
102.8 114.654418651
102.6 114.549824692
102.4 114.445821251
102.2 114.342373192
102 114.238882542
101.8 114.134956002
101.6 114.030983668
101.4 113.92682584
101.2 113.822454947
101 113.717978567
100.8 113.612956065
100.6 113.507820844
100.4 113.403735281
100.2 113.299706334
100 113.195628613
99.8 113.09109301
99.6 112.98653065
99.4 112.881843922
99.2 112.776939404
99 112.671927214
98.8 112.566352916
98.6 112.461085041
98.4 112.356456819
98.2 112.251740223
98 112.146874577
97.8 112.041460329
97.6 111.936129726
97.4 111.830773847
97.2 111.725302708
97 111.619766772
96.8 111.513623163
96.6 111.408309309
96.4 111.303052527
96.2 111.19770261
96 111.092217743
95.8 110.986184356
95.6 110.880347611
95.4 110.774399853
95.2 110.668342167
95 110.562223703
94.8 110.455942375
94.6 110.350133857
94.4 110.244239253
94.2 110.138244939
94 110.032094002
93.8 109.925424915
93.6 109.81878748
93.4 109.71204626
93.2 109.605204683
93 109.498311542
92.8 109.392064636
92.6 109.285687387
92.4 109.179181081
92.2 109.072493611
92 108.965625271
91.8 108.858506844
91.6 108.751365805
91.4 108.644202233
91.2 108.537015914
91 108.430387072
90.8 108.323290514
90.6 108.215997774
90.4 108.108576739
90.2 108.001047301
90 107.893823467
89.8 107.786041002
89.6 107.678137636
89.4 107.570136033
89.2 107.462399159
89 107.355243623
88.8 107.247413981
88.6 107.139453697
88.4 107.031409417
88.2 106.923650646
88 106.815905064
87.8 106.707571
87.6 106.598964852
87.4 106.490265599
87.2 106.382252315
87 106.274203703
86.8 106.165620574
86.6 106.056927144
86.4 105.948460927
86.2 105.84023723
86 105.731863171
85.8 105.622883755
85.6 105.51360541
85.4 105.404811026
85.2 105.296078467
85 105.187305331
84.8 105.077953077
84.6 104.968712566
84.4 104.85980992
84.2 104.750716394
84 104.641377598
83.8 104.531649381
83.6 104.422312081
83.4 104.313118559
83.2 104.203806877
83 104.094220161
82.8 103.983928134
82.6 103.874209506
82.4 103.764411161
82.2 103.654513115
82 103.544497579
81.8 103.434523227
81.6 103.324648607
81.4 103.214689636
81.2 103.104602519
81 102.994227121
80.8 102.883860769
80.6 102.77341764
80.4 102.662884104
80.2 102.552257022
80 102.441928621
79.8 102.331236552
79.6 102.220360553
79.4 102.109400535
79.2 101.99833586
79 101.887760393
78.8 101.776698087
78.6 101.665532995
78.4 101.554261983
78.2 101.443242221
78 101.3324994
77.8 101.220910934
77.6 101.109200597
77.4 100.997440654
77.2 100.886431506
77 100.775165662
76.8 100.663332268
76.6 100.551380556
76.4 100.439654076
76.2 100.328107905
76 100.216443419
75.8 100.103938103
75.6 99.9914167769
75.4 99.879779117
75.2 99.7680250766
75 99.656089187
74.8 99.543287063
74.6 99.430726234
74.4 99.3182890416
74.2 99.205773425
74 99.093152881
73.8 98.9798461246
73.6 98.8673737254
73.4 98.754822677
73.2 98.6421716986
73 98.529406101
72.8 98.4161984783
72.6 98.3029349028
72.4 98.1895641624
72.2 98.0761058242
72 97.962922841
71.8 97.8496579226
71.6 97.7363345684
71.4 97.6229080264
71.2 97.5093772605
71 97.3961327
70.8 97.282026552
70.6 97.1677883092
70.4 97.0534598548
70.2 96.9397138208
70 96.826436356
69.8 96.7122793824
69.6 96.5980603514
69.4 96.4837910729
69.2 96.369667646
69 96.255472258
68.8 96.14030675
68.6 96.0250262548
68.4 95.9107398474
68.2 95.7966809632
68 95.682529688
67.8 95.567470336
67.6 95.4524440813
67.4 95.3374315558
67.2 95.2223145424
67 95.107128292
66.8 94.9910075755
66.6 94.8761616576
66.4 94.7612471256
66.2 94.6462412122
66 94.531140089
65.8 94.4152557236
65.6 94.2992912356
65.4 94.1832134728
65.2 94.0670437511
65 93.951447364
64.8 93.835687184
64.6 93.7199158608
64.4 93.60405845
64.2 93.4881065071
64 93.372177467
63.8 93.2552243206
63.6 93.1381608906
63.4 93.0210077013
63.2 92.9051005576
63 92.789415464
62.8 92.6726643296
62.6 92.5559025021
62.4 92.4390479358
62.2 92.3220903456
62 92.205090672
61.8 92.0869422496
61.6 91.9691823002
61.4 91.8526335624
61.2 91.7360231818
61 91.619336993
60.8 91.501588811
60.6 91.3837490086
60.4 91.265807381
60.2 91.1477770268
60 91.029721826
59.8 90.9118100936
59.6 90.7942828624
59.4 90.676671016
59.2 90.5589503738
59 90.441139657
58.8 90.3222904602
58.6 90.2033688008
58.4 90.084382278
58.2 89.965822983
58 89.848393843
57.8 89.729733691
57.6 89.6110306858
57.4 89.4922475334
57.2 89.3734872402
57 89.254716665
56.8 89.1347536386
56.6 89.0147175886
56.4 88.8960187086
56.2 88.7774605512
56 88.658821344
55.8 88.5389504672
55.6 88.4191810456
55.4 88.2994129004
55.2 88.179581672
55 88.0597184
54.8 87.9393668956
54.6 87.819697803
54.4 87.6999645766
54.2 87.5801612021
54 87.460386295
53.8 87.3396098774
53.6 87.2187766614
53.4 87.0978877186
53.2 86.9772273014
53 86.857703596
52.8 86.736838156
52.6 86.6159127592
52.4 86.4949470366
52.2 86.3742943582
52 86.253602207
51.8 86.131617987
51.6 86.0095841283
51.4 85.8887786056
51.2 85.768035436
51 85.647218704
50.8 85.5250431286
50.6 85.4032333494
50.4 85.2814813854
50.2 85.1596851828
50 85.037861586
49.8 84.9155477797
49.6 84.7935799216
49.4 84.6715718392
49.2 84.549518453
49 84.427747607
48.8 84.3048350926
48.6 84.1818840084
48.4 84.0588955323
48.2 83.9365105272
48 83.814679444
47.8 83.6914073824
47.6 83.568082267
47.4 83.4450387202
47.2 83.3223540902
47 83.199631691
46.8 83.0754497054
46.6 82.9516891786
46.4 82.8285919652
46.2 82.7054650608
46 82.582298428
45.8 82.4578413745
45.6 82.333909112
45.4 82.2099821088
45.2 82.0860544377
45 81.96243814
44.8 81.8380019848
44.6 81.7135200736
44.4 81.5890040317
44.2 81.4647207904
44 81.341068
43.8 81.2158153472
43.6 81.0905886408
43.4 80.965646863
43.2 80.8414079252
43 80.717141718
42.8 80.5912000356
42.6 80.4655105047
42.4 80.3405549842
42.2 80.2156177762
42 80.090680957
41.8 79.9643406909
41.6 79.8386632712
41.4 79.7129688264
41.2 79.5872571529
41 79.461886592
40.8 79.3355268728
40.6 79.2092130422
40.4 79.0829419849
40.2 78.9569725022
40 78.831521735
39.8 78.7043026422
39.6 78.5770820026
39.4 78.4503433224
39.2 78.3243706884
39 78.198460966
38.8 78.0706601676
38.6 77.943270677
38.4 77.8163282406
38.2 77.6893952068
38 77.562496394
37.8 77.4343580065
37.6 77.3069076834
37.4 77.179532325
37.2 77.0522323696
37 76.925355718
36.8 76.7967474788
36.6 76.668199116
36.4 76.5396676865
36.2 76.412168559
36 76.285228103
35.8 76.1562187134
35.6 76.0273021338
35.4 75.8989511794
35.2 75.7707767308
35 75.642619222
34.8 75.512402037
34.6 75.383612476
34.4 75.2550633548
34.2 75.1266364547
34 74.998334572
33.8 74.8682631824
33.6 74.7383194746
33.4 74.6084559978
33.2 74.478927081
33 74.350871474
32.8 74.2206290308
32.6 74.0904537324
32.4 73.9605712227
32.2 73.8311345694
32 73.701692939
31.8 73.5700034622
31.6 73.4391896909
31.4 73.3094294522
31.2 73.1798387114
31 73.050418049
30.8 72.9187352248
30.6 72.7873374192
30.4 72.6560954152
30.2 72.5249548682
30 72.395375602
29.8 72.263841818
29.6 72.1323420228
29.4 72.0010801043
29.2 71.8704029976
29 71.739685476
28.8 71.6064884304
28.6 71.4738057315
28.4 71.3428368402
28.2 71.2120819568
28 71.081522584
27.8 70.9483373375
27.6 70.8154979764
27.4 70.6829488636
27.2 70.550613023
27 70.419472121
26.8 70.286546461
26.6 70.1536236762
26.4 70.0209558051
26.2 69.8890242072
26 69.757204428
25.8 69.622600272
25.6 69.4884346511
25.4 69.356064582
25.2 69.2239074406
25 69.092028767
24.8 68.9572550562
24.6 68.8230888334
24.4 68.6893048134
24.2 68.5558224346
24 68.423397519
23.8 68.2887897206
23.6 68.154319435
23.4 68.020131391
23.2 67.886991048
23 67.754156768
22.8 67.618012416
22.6 67.4825428008
22.4 67.348727895
22.2 67.2151703892
22 67.082049042
21.8 66.9457044305
21.6 66.8101852954
21.4 66.6751452922
21.2 66.5405022971
21 66.407043427
20.8 66.2706252038
20.6 66.1345505178
20.4 65.9987848424
20.2 65.8645750346
20 65.730811477
19.8 65.5929601906
19.6 65.4563429656
19.4 65.3210919084
19.2 65.1861581626
19 65.051961809
18.8 64.9140946501
18.6 64.777159047
18.4 64.6408598722
18.2 64.5051176054
18 64.370877489
17.8 64.2324885098
17.6 64.0947503326
17.4 63.9577601167
17.2 63.8222468256
17 63.687749684
16.8 63.5478758216
16.6 63.4101852034
16.4 63.2734069022
16.2 63.1369964182
16 63.001731783
15.8 62.8624994726
15.6 62.7241111634
15.4 62.5865855907
15.2 62.4501720622
15 62.314831823
14.8 62.1730581942
14.6 62.0321243124
14.4 61.8928099642
14.2 61.7545751334
14 61.617533267
13.8 61.4731536417
13.6 61.3312944026
13.4 61.1901375446
13.2 61.0495551426
13 60.911144547
12.8 60.7658552038
12.6 60.6213523328
12.4 60.4781535891
12.2 60.3370916184
12 60.196407884
11.8 60.0486232936
11.6 59.9024077494
11.4 59.7577386972
11.2 59.6143406224
11 59.472279496
10.8 59.3221951144
10.6 59.173643476
10.4 59.026309245
10.2 58.881059694
10 58.737050086
9.8 58.584532362
9.6 58.4330738889
9.4 58.2842952638
9.2 58.136984808
9 57.989992981
8.8 57.8355042106
8.6 57.6817919608
8.4 57.529237343
8.2 57.380111772
8 57.232564092
7.8 57.0728472952
7.6 56.9165017594
7.4 56.7621819794
7.2 56.6090093117
7 56.45908913
6.8 56.2959241572
6.6 56.1355440502
6.4 55.9773597761
6.2 55.8220021248
6 55.668290496
5.8 55.500485501
5.6 55.3354525804
5.4 55.1727820576
5.2 55.0126014457
5 54.855395198
4.8 54.681348014
4.6 54.5101436586
4.4 54.3418124436
4.2 54.1760278582
4 54.013203323
3.8 53.8297571212
3.6 53.650332987
3.4 53.4738704101
3.2 53.3004110992
3 53.130144924
2.8 52.9327748337
2.6 52.7405259758
2.4 52.5519730398
2.2 52.3675570134
2 52.186346859
1.8 51.9689267954
1.6 51.7567227422
1.4 51.548710552
1.2 51.346966124
1 51.148107648
0.8 50.8989472633
0.6 50.653731358
0.4 50.4149087026
0.2 50.1840802945
0 49.954983961
