200 164.207232773
199.8 164.131624949
199.6 164.055978751
199.4 163.979996289
199.2 163.903593743
199 163.827116966
198.8 163.750713134
198.6 163.67415368
198.4 163.597432417
198.2 163.520592796
198 163.444249909
197.8 163.367783114
197.6 163.291236475
197.4 163.214481458
197.2 163.137463045
197 163.060199738
196.8 162.983022124
196.6 162.905754915
196.4 162.82826629
196.2 162.75056684
196 162.672787309
195.8 162.594626641
195.6 162.516265132
195.4 162.438375181
195.2 162.360584322
195 162.282705978
194.8 162.204741136
194.6 162.12670669
194.4 162.048399163
194.2 161.969750015
194 161.890885077
193.8 161.811975507
193.6 161.732914513
193.4 161.653663051
193.2 161.574261085
193 161.494875236
192.8 161.416089305
192.6 161.337187412
192.4 161.258102265
192.2 161.178779888
192 161.099179626
191.8 161.019419616
191.6 160.939623012
191.4 160.859620218
191.2 160.77939347
191 160.699074924
190.8 160.618692029
190.6 160.538188062
190.4 160.457990319
190.2 160.37802577
190 160.297838002
189.8 160.217310292
189.6 160.136666316
189.4 160.055808135
189.2 159.974737932
189 159.893558018
188.8 159.812333666
188.6 159.730937094
188.4 159.649355483
188.2 159.567629979
188 159.48598244
187.8 159.404678164
187.6 159.32324284
187.4 159.24165383
187.2 159.159887678
187 159.077920109
186.8 158.995846974
186.6 158.913766308
186.4 158.831384999
186.2 158.748696446
186 158.665876627
185.8 158.583071923
185.6 158.500042574
185.4 158.417662576
185.2 158.335184601
185 158.252521291
184.8 158.16966553
184.6 158.086718226
184.4 158.003547044
184.2 157.92009264
184 157.836425722
183.8 157.752866376
183.6 157.669125855
183.4 157.585205817
183.2 157.501157296
183 157.41780781
182.8 157.334186564
182.6 157.250414664
182.4 157.166442478
182.2 157.082199369
182 156.997596154
181.8 156.91313674
181.6 156.828585422
181.4 156.7439163
181.2 156.659139329
181 156.574300319
180.8 156.489264996
180.6 156.404444544
180.4 156.319492731
180.2 156.234457779
180 156.149311364
179.8 156.064090454
179.6 155.978833033
179.4 155.893421614
179.2 155.807714885
179 155.721772999
178.8 155.635718101
178.6 155.549408126
178.4 155.463275624
178.2 155.377479807
178 155.291587278
177.8 155.205633196
177.6 155.119546318
177.4 155.033255867
177.2 154.946757964
177 154.860017866
176.8 154.773218876
176.6 154.686214572
176.4 154.599036551
176.2 154.511728543
176 154.424977802
175.8 154.338093536
175.6 154.251027662
175.4 154.163812447
175.2 154.076415159
175 153.988767366
174.8 153.901320042
174.6 153.813722172
174.4 153.725930828
174.2 153.637957805
174 153.549869627
173.8 153.461895504
173.6 153.37398822
173.4 153.285956153
173.2 153.197793329
173 153.109376848
172.8 153.020813172
172.6 152.932365899
172.4 152.843795629
172.2 152.755009914
172 152.666047633
171.8 152.576996028
171.6 152.487742312
171.4 152.398910463
171.2 152.309989655
171 152.220872939
170.8 152.131524169
170.6 152.042089819
170.4 151.952666885
170.2 151.863181022
170 151.773432925
169.8 151.683496562
169.6 151.593393552
169.4 151.503177955
169.2 151.413501727
169 151.323736817
168.8 151.233608252
168.6 151.143222392
168.4 151.05267581
168.2 150.962078798
168 150.871384501
167.8 150.780867493
167.6 150.690116238
167.4 150.599177998
167.2 150.508103846
167 150.417535625
166.8 150.326615267
166.6 150.235437161
166.4 150.144149911
166.2 150.052778422
166 149.961389627
165.8 149.87020015
165.6 149.778768968
165.4 149.687078059
165.2 149.595148927
165 149.503042608
164.8 149.411452092
164.6 149.319589379
164.4 149.227587268
164.2 149.135442919
164 149.042998046
163.8 148.95087226
163.6 148.858787376
163.4 148.766457337
163.2 148.673854483
163 148.580992401
162.8 148.488152472
162.6 148.395473835
162.4 148.302665484
162.2 148.20974021
162 148.116551042
161.8 148.023172618
161.6 147.930045772
161.4 147.836883033
161.2 147.743522757
161 147.649925679
160.8 147.556287378
160.6 147.462573168
160.4 147.369073043
160.2 147.275467474
160 147.181634516
159.8 147.087589091
159.6 146.993462497
159.4 146.899699898
159.2 146.805739236
159 146.711506844
158.8 146.617241812
158.6 146.522495747
158.4 146.427905826
158.2 146.333372157
158 146.238708943
157.8 146.143960947
157.6 146.049043524
157.4 145.95423595
157.2 145.859455496
157 145.764218479
156.8 145.669168383
156.6 145.573790521
156.4 145.478385199
156.2 145.383324126
156 145.288025156
155.8 145.192482212
155.6 145.096799427
155.4 145.001062457
155.2 144.905624264
155 144.809838265
154.8 144.713887066
154.6 144.617613769
154.4 144.521146412
154.2 144.425006738
154 144.328910694
153.8 144.232686851
153.6 144.136314762
153.4 144.039883942
153.2 143.943530649
153 143.846861109
152.8 143.75018439
152.6 143.65324257
152.4 143.556084539
152.2 143.459016678
152 143.362199709
151.8 143.265145859
151.6 143.167818755
151.4 143.070390289
151.2 142.973012961
151 142.875750564
150.8 142.778664689
150.6 142.681222111
150.4 142.583488256
150.2 142.485611389
150 142.388030566
149.8 142.290224476
149.6 142.192134398
149.4 142.093920827
149.2 141.995599828
149 141.897548161
148.8 141.799452715
148.6 141.701140112
148.4 141.602621591
148.2 141.503932862
148 141.405631036
147.8 141.307131451
147.6 141.208346122
147.4 141.109434014
147.2 141.010351993
147 140.911411658
146.8 140.812601164
146.6 140.713593608
146.4 140.614383239
146.2 140.514996458
146 140.415908352
145.8 140.316677717
145.6 140.21716038
145.4 140.117504978
145.2 140.01767323
145 139.917996116
144.8 139.818287159
144.6 139.718460298
144.4 139.61851514
144.2 139.518467349
144 139.418673404
143.8 139.318638565
143.6 139.218217027
143.4 139.117598796
143.2 139.016860654
143 138.916684479
142.8 138.816566938
142.6 138.716192424
142.4 138.615534103
142.2 138.514617152
142 138.413837284
141.8 138.312884527
141.6 138.211646402
141.4 138.110259241
141.2 138.00877193
141 137.907977737
140.8 137.806944079
140.6 137.705745881
140.4 137.604331445
140.2 137.502724666
140 137.401334248
139.8 137.299796895
139.6 137.197890716
139.4 137.095770633
139.2 136.993546007
139 136.891924612
138.8 136.790071593
138.6 136.688069546
138.4 136.585844356
138.2 136.483468251
138 136.38128154
137.8 136.278824994
137.6 136.176102633
137.4 136.073238178
137.2 135.97047732
137 135.868041769
136.8 135.765493039
136.6 135.662786674
136.4 135.559863091
136.2 135.4568542
136 135.353912368
135.8 135.250661281
135.6 135.147163654
135.4 135.043518031
135.2 134.940293259
135 134.837166533
134.8 134.733897945
134.6 134.630469811
134.4 134.526806266
134.2 134.423083466
134 134.31932795
133.8 134.215047669
133.6 134.110522539
133.4 134.005863424
133.2 133.902215257
133 133.798490986
132.8 133.69458501
132.6 133.590465808
132.4 133.486044361
132.2 133.381404945
132 133.276710495
131.8 133.171751734
131.6 133.066661608
131.4 132.961893612
131.2 132.857671827
131 132.753108442
130.8 132.648175704
130.6 132.543090094
130.4 132.437826574
130.2 132.332398349
130 132.226885825
129.8 132.120951325
129.6 132.014820864
129.4 131.909712675
129.2 131.804634666
129 131.699323475
128.8 131.593741905
128.6 131.488041006
128.4 131.382088883
128.2 131.275928354
128 131.169681668
127.8 131.062960267
127.6 130.956596321
127.4 130.850810862
127.2 130.744848603
127 130.638668925
126.8 130.532224113
126.6 130.42564437
126.4 130.318814102
126.2 130.211745692
126 130.104565978
125.8 129.996926434
125.6 129.890502276
125.4 129.783931133
125.2 129.677156234
125 129.570171952
124.8 129.462787464
124.6 129.35529891
124.4 129.247651482
124.2 129.139851719
124 129.031929165
123.8 128.924207421
123.6 128.81683822
123.4 128.709358567
123.2 128.601736609
123 128.493999016
122.8 128.385967162
122.6 128.277619618
122.4 128.168929309
122.2 128.059982236
122 127.951655306
121.8 127.843631943
121.6 127.735580671
121.4 127.627299965
121.2 127.518759748
121 127.410026833
120.8 127.301031575
120.6 127.191715962
120.4 127.08210491
120.2 126.97266644
120 126.86429745
119.8 126.755376995
119.6 126.646439499
119.4 126.537338101
119.2 126.427977889
119 126.318540379
118.8 126.208379849
118.6 126.097921121
118.4 125.987419278
118.2 125.878223783
118 125.768923253
117.8 125.659267587
117.6 125.549566636
117.4 125.439495427
117.2 125.329084104
117 125.218658537
116.8 125.10771479
116.6 124.996615471
116.4 124.886778856
116.2 124.776773101
116 124.66653201
115.8 124.555652231
115.6 124.444716068
115.4 124.333601263
115.2 124.22233162
115 124.111039758
114.8 123.999026799
114.6 123.888204016
114.4 123.777262512
114.2 123.666176623
114 123.55491969
113.8 123.443408843
113.6 123.331656021
113.4 123.219542265
113.2 123.107131736
113 122.994737578
112.8 122.883346822
112.6 122.771885192
112.4 122.660154003
112.2 122.548072985
112 122.43567729
111.8 122.322969186
111.6 122.21003136
111.4 122.096858799
111.2 121.983733607
111 121.87183632
110.8 121.759302571
110.6 121.646663975
110.4 121.533797024
110.2 121.420715174
110 121.307521716
109.8 121.194054297
109.6 121.080207121
109.4 120.966556896
109.2 120.853768421
109 120.740759403
108.8 120.627202255
108.6 120.51355241
108.4 120.399647719
108.2 120.285413033
108 120.170991093
107.8 120.056294018
107.6 119.942080937
107.4 119.828388288
107.2 119.71450637
107 119.600336105
106.8 119.48574471
106.6 119.371200413
106.4 119.256306681
106.2 119.141081101
106 119.025714427
105.8 118.911063184
105.6 118.796482906
105.4 118.681700862
105.2 118.56668315
105 118.451487012
104.8 118.336003734
104.6 118.220255065
104.4 118.104257196
104.2 117.988200472
104 117.873169541
103.8 117.757575083
103.6 117.641731322
103.4 117.525658513
103.2 117.409610596
103 117.293429941
102.8 117.177011388
102.6 117.060138845
102.4 116.943629868
102.2 116.827583068
102 116.711271018
101.8 116.594401973
101.6 116.477482395
101.4 116.360725129
101.2 116.243724942
101 116.126514256
100.8 116.008898286
100.6 115.891953027
100.4 115.77489613
100.2 115.657591468
100 115.539825708
99.8 115.422070617
99.6 115.30430097
99.4 115.186284792
99.2 115.068037225
99 114.95014276
98.8 114.832377724
98.6 114.71430403
98.4 114.596041942
98.2 114.477685776
98 114.359447107
97.8 114.240891835
97.6 114.121876377
97.4 114.00255047
97.2 113.884078887
97 113.765419915
96.8 113.646266189
96.6 113.526962047
96.4 113.407931154
96.2 113.288724929
96 113.169061989
95.8 113.049110144
95.6 112.929483643
95.4 112.810131702
95.2 112.690575075
95 112.570532441
94.8 112.450171154
94.6 112.330138415
94.4 112.209951261
94.2 112.089602473
94 111.969347451
93.8 111.84905612
93.6 111.72835089
93.4 111.607484579
93.2 111.486593063
93 111.366139755
92.8 111.245175097
92.6 111.123721838
92.4 111.001939997
92.2 110.880769199
92 110.759455174
91.8 110.637638706
91.6 110.515562419
91.4 110.394204851
91.2 110.272747094
91 110.150911361
90.8 110.028757251
90.6 109.90669568
90.4 109.784615114
90.2 109.662370324
90 109.53974247
89.8 109.417232634
89.6 109.294790328
89.4 109.17201277
89.2 109.04889948
89 108.926010527
88.8 108.802932521
88.6 108.67958535
88.4 108.556112897
88.2 108.433029696
88 108.310025528
87.8 108.186396232
87.6 108.062402486
87.4 107.938502825
87.2 107.81473853
87 107.690722495
86.8 107.56592341
86.6 107.441508755
86.4 107.317561105
86.2 107.193353831
86 107.068831265
85.8 106.944110006
85.6 106.819255343
85.4 106.694178891
85.2 106.568909518
85 106.44384338
84.8 106.318848338
84.6 106.193645829
84.4 106.068164867
84.2 105.942665777
84 105.817315295
83.8 105.69117085
83.6 105.564698398
83.4 105.438739407
83.2 105.313306493
83 105.187492639
82.8 105.061123043
82.6 104.934519242
82.4 104.807708641
82.2 104.680624121
82 104.553289145
81.8 104.426218519
81.6 104.299673712
81.4 104.172877932
81.2 104.045802268
81 103.918779269
80.8 103.790959361
80.6 103.662768155
80.4 103.534352681
80.2 103.406890613
80 103.279546589
79.8 103.151685899
79.6 103.023549038
79.4 102.895126057
79.2 102.766421402
79 102.637537897
78.8 102.507654216
78.6 102.379376249
78.4 102.250983137
78.2 102.122302315
78 101.993373471
77.8 101.864076391
77.6 101.734281933
77.4 101.604112923
77.2 101.474053529
77 101.345303252
76.8 101.215638366
76.6 101.085843706
76.4 100.95578134
76.2 100.825459766
76 100.695010304
75.8 100.563474989
75.6 100.432795619
75.4 100.302841946
75.2 100.172583532
75 100.041986704
74.8 99.9107165365
74.6 99.7790588022
74.4 99.647030735
74.2 99.5147259977
74 99.384111293
73.8 99.252675249
73.6 99.1211682916
73.4 98.9893501543
73.2 98.85705201
73 98.724676222
72.8 98.591130942
72.6 98.4580635844
72.4 98.3263085168
72.2 98.1942830738
72 98.061942905
71.8 97.9286724731
71.6 97.795044312
71.4 97.6610546052
71.2 97.5267844155
71 97.39423833
70.8 97.2609531116
70.6 97.1276516974
70.4 96.9939972056
70.2 96.8596335234
70 96.725248337
69.8 96.589674497
69.6 96.4546974796
69.4 96.321052638
69.2 96.1871013526
69 96.052798331
68.8 95.9174943311
68.6 95.7818683296
68.4 95.6459053276
68.2 95.5096909229
68 95.375432223
67.8 95.2400118526
67.6 95.1045024152
67.4 94.9686439202
67.2 94.832342958
67 94.695958018
66.8 94.5583813908
66.6 94.4218548532
66.4 94.2860011844
66.2 94.1498251318
66 94.013264835
65.8 93.8758319252
65.6 93.7380894482
65.4 93.6000173086
65.2 93.4622705112
65 93.325929716
64.8 93.1882408056
64.6 93.0504148024
64.4 92.9123243064
64.2 92.7739483356
64 92.635421634
63.8 92.4957606569
63.6 92.3577787294
63.4 92.2195432606
63.2 92.0809800038
63 91.942119967
62.8 91.8024276278
62.6 91.6623848736
62.4 91.5220519717
62.2 91.3831816908
62 91.244353026
61.8 91.1041745604
61.6 90.9639333344
61.4 90.823642607
61.2 90.6830320542
61 90.542228431
60.8 90.4014765885
60.6 90.2609379292
60.4 90.1201203288
60.2 89.9790720596
60 89.838069305
59.8 89.6960037442
59.6 89.5535154879
59.4 89.4119134988
59.2 89.2707675936
59 89.129231572
58.8 88.9863961407
58.6 88.8439757226
58.4 88.7012297154
58.2 88.5581732607
58 88.415956013
57.8 88.273020409
57.6 88.1297411916
57.4 87.9862857331
57.2 87.8431540604
57 87.699686646
56.8 87.5550625804
56.6 87.4109809758
56.4 87.267254558
56.2 87.1232720878
56 86.978906741
55.8 86.834114633
55.6 86.6889554498
55.4 86.5434858111
55.2 86.398868254
55 86.25447239
54.8 86.108468822
54.6 85.9624747354
54.4 85.8169964896
54.2 85.6712048054
54 85.525083303
53.8 85.3788705039
53.6 85.2323583898
53.4 85.0856194226
53.2 84.9390950932
53 84.79271473
52.8 84.6451766756
52.6 84.4971755531
52.4 84.3501295058
52.2 84.2028966308
52 84.05518955
51.8 83.9068163326
51.6 83.7586626528
51.4 83.6101709848
51.2 83.4617092724
51 83.314006254
50.8 83.1645596596
50.6 83.0147476849
50.4 82.8660416576
50.2 82.7171914282
50 82.567929417
49.8 82.4179183728
49.6 82.2678135276
49.4 82.1174619972
49.2 81.9672173123
49 81.817686141
48.8 81.6667558314
48.6 81.5154287054
48.4 81.3646214512
48.2 81.2136828122
48 81.062360913
47.8 80.9102966352
47.6 80.7587356272
47.4 80.6068466951
47.2 80.4549149346
47 80.303434953
46.8 80.1500177114
46.6 79.9962865803
46.4 79.8442262636
46.2 79.6918603836
46 79.539085954
45.8 79.3852951209
45.6 79.2311699506
45.4 79.0767526008
45.2 78.9231096716
45 78.770103782
44.8 78.6153714116
44.6 78.4604611396
44.4 78.3055975228
44.2 78.150453127
44 77.995059097
43.8 77.8398510858
43.6 77.6844453392
43.4 77.5287162707
43.2 77.373028195
43 77.217240423
42.8 77.0591967286
42.6 76.9024967958
42.4 76.7464522034
42.2 76.5900827216
42 76.433587372
41.8 76.2752736208
41.6 76.1164738894
41.4 75.9580918901
41.2 75.801408106
41 75.64434889
40.8 75.4853155123
40.6 75.3261140914
40.4 75.1665368794
40.2 75.0066413943
40 74.849108979
39.8 74.6894527046
39.6 74.5296909275
39.4 74.3695586854
39.2 74.2090922296
39 74.04847762
38.8 73.8873478905
38.6 73.7270327866
38.4 73.5664083197
38.2 73.405357927
38 73.244151503
37.8 73.0802902758
37.6 72.9178480102
37.4 72.7567413478
37.2 72.5953241776
37 72.433552004
36.8 72.2692297888
36.6 72.1044192732
36.4 71.940603759
36.2 71.7787624058
36 71.616557389
35.8 71.4516928832
35.6 71.286432582
35.4 71.1208334386
35.2 70.955845022
35 70.793141514
34.8 70.6275301516
34.6 70.4617802771
34.4 70.2955454932
34.2 70.1290060448
34 69.963112455
33.8 69.7967272366
33.6 69.6301753166
33.4 69.4632993894
33.2 69.2960979642
33 69.128793985
32.8 68.9592988931
32.6 68.7918773648
32.4 68.6241442973
32.2 68.4561384566
32 68.288080499
31.8 68.117132935
31.6 67.946792042
31.4 67.7782107594
31.2 67.6093271602
31 67.440206379
30.8 67.2685209214
30.6 67.0964458466
30.4 66.9253888604
30.2 66.7556916892
30 66.585581094
29.8 66.4126230017
29.6 66.2397472978
29.4 66.0665793379
29.2 65.8948500606
29 65.723925263
28.8 65.5495238606
28.6 65.375596714
28.4 65.2016260894
28.2 65.0273573918
28 64.855078638
27.8 64.6796385172
27.6 64.5039159747
27.4 64.328986011
27.2 64.1538200276
27 63.978716373
26.8 63.8022253514
26.6 63.6253563346
26.4 63.4486157701
26.2 63.2725389604
26 63.09617281
25.8 62.9173240602
25.6 62.7392254412
25.4 62.5609048918
25.2 62.3833256244
25 62.205935478
24.8 62.0249435707
24.6 61.8453114256
24.4 61.6657487124
24.2 61.4861150291
24 61.30770123
23.8 61.1258265732
23.6 60.9442051646
23.4 60.763681048
23.2 60.5829763647
23 60.402928963
22.8 60.219435671
22.6 60.0356709085
22.4 59.853120163
22.2 59.6707303644
22 59.488130414
21.8 59.3032684372
21.6 59.1182166996
21.4 58.9335889771
21.2 58.7497994842
21 58.565733701
20.8 58.3786059653
20.6 58.1922471104
20.4 58.0057504277
20.2 57.8204549076
20 57.634980798
19.8 57.4452690002
19.6 57.2574756654
19.4 57.0695765222
19.2 56.8823424518
19 56.695471019
18.8 56.5032019132
18.6 56.3138998302
18.4 56.1245784848
18.2 55.9355425436
18 55.747148246
17.8 55.553029102
17.6 55.3612733766
17.4 55.1703985514
17.2 54.9795948517
17 54.789553449
16.8 54.5935277314
16.6 54.3993158777
16.4 54.206851217
16.2 54.0144031335
16 53.822591439
15.8 53.6245624334
15.6 53.4279069793
15.4 53.2337751538
15.2 53.0397115342
15 52.846072286
14.8 52.6415919724
14.6 52.4383525087
14.4 52.2381914914
14.2 52.0381654101
14 51.838345081
13.8 51.6304192602
13.6 51.4242514914
13.4 51.2209139528
13.2 51.0175949544
13 50.814891249
12.8 50.603581005
12.6 50.3944775787
12.4 50.187399399
12.2 49.9805039748
12 49.774985239
11.8 49.5602239702
11.6 49.3482719715
11.4 49.1373538507
11.2 48.9272393852
11 48.718809366
10.8 48.5000813963
10.6 48.2849402456
10.4 48.0697338578
10.2 47.8566157996
10 47.645040482
9.8 47.4230346362
9.6 47.2032785118
9.4 46.9838634796
9.2 46.7680447878
9 46.552917451
8.8 46.3268791531
8.6 46.101885862
8.4 45.879492895
8.2 45.6594616791
8 45.440635353
7.8 45.2093237218
7.6 44.9791065759
7.4 44.7537802282
7.2 44.5293764164
7 44.306689769
6.8 44.0694416106
6.6 43.8360721946
6.4 43.6046591454
6.2 43.3756532374
6 43.148610651
5.8 42.9055867723
5.6 42.6664176344
5.4 42.4288993685
5.2 42.1950129316
5 41.962885734
4.8 41.699195146
4.6 41.4376701855
4.4 41.1806432383
4.2 40.926020903
4 40.673873663
3.8 40.4152068411
3.6 40.1607015248
3.4 39.9096988089
3.2 39.6635046208
3 39.418937698
2.8 39.1457961828
2.6 38.8756540505
2.4 38.6104854097
2.2 38.3499689936
2 38.093080848
1.8 37.7992490273
1.6 37.5099939445
1.4 37.2289299966
1.2 36.9504375039
1 36.681378007
0.8 36.3370254435
0.6 35.9951708004
0.4 35.6628979198
0.2 35.3351406042
0 35.009985209
