200 150.515628129
199.8 150.446752987
199.6 150.377878565
199.4 150.308937222
199.2 150.239908731
199 150.170743108
198.8 150.10148356
198.6 150.032023524
198.4 149.962639082
198.2 149.893352509
198 149.823995739
197.8 149.754452473
197.6 149.684766656
197.4 149.615035003
197.2 149.545196353
197 149.475108009
196.8 149.405211034
196.6 149.335242361
196.4 149.265213534
196.2 149.195101833
196 149.124850273
195.8 149.054332495
195.6 148.983832295
195.4 148.913567648
195.2 148.843276534
195 148.772917077
194.8 148.702305111
194.6 148.631608254
194.4 148.560878211
194.2 148.490062811
194 148.419107437
193.8 148.348019839
193.6 148.276921976
193.4 148.205806792
193.2 148.13467133
193 148.063516736
192.8 147.992280817
192.6 147.92090515
192.4 147.849411191
192.2 147.777879172
192 147.706247121
191.8 147.634519416
191.6 147.562787009
191.4 147.491081046
191.2 147.419596058
191 147.347947448
190.8 147.275947874
190.6 147.203842926
190.4 147.131649458
190.2 147.059387114
190 146.987132473
189.8 146.915087435
189.6 146.842733163
189.4 146.770257688
189.2 146.697724748
189 146.625073791
188.8 146.552337599
188.6 146.479706169
188.4 146.407271207
188.2 146.334682313
188 146.26181604
187.8 146.188782122
187.6 146.115731692
187.4 146.042658217
187.2 145.969692849
187 145.89687968
186.8 145.823620488
186.6 145.750218749
186.4 145.676766622
186.2 145.603305876
186 145.529827893
185.8 145.456188809
185.6 145.382685633
185.4 145.309128392
185.2 145.235488272
185 145.16173321
184.8 145.087835109
184.6 145.013761762
184.4 144.939833986
184.2 144.865922692
184 144.791928276
183.8 144.717686174
183.6 144.64335022
183.4 144.568973005
183.2 144.494567597
183 144.420382783
182.8 144.345974872
182.6 144.271501023
182.4 144.196966756
182.2 144.122364652
182 144.047674358
181.8 143.972907291
181.6 143.898156929
181.4 143.823341492
181.2 143.748446113
181 143.673360378
180.8 143.598088914
180.6 143.522763863
180.4 143.447665419
180.2 143.372610805
180 143.297429815
179.8 143.221849754
179.6 143.14625048
179.4 143.070657617
179.2 142.995083644
179 142.919742048
178.8 142.844166898
178.6 142.768473464
178.4 142.692719126
178.2 142.616905171
178 142.540976793
177.8 142.464989199
177.6 142.389161834
177.4 142.313235402
177.2 142.237173551
177 142.160915524
176.8 142.084414583
176.6 142.007913668
176.4 141.93169108
176.2 141.855481008
176 141.779212132
175.8 141.702537039
175.6 141.625694388
175.4 141.548777241
175.2 141.471995595
175 141.395437621
174.8 141.318794708
174.6 141.24208073
174.4 141.165311641
174.2 141.088487095
174 141.011590451
173.8 140.93464592
173.6 140.857488447
173.4 140.780190897
173.2 140.702812654
173 140.625370413
172.8 140.547772699
172.6 140.470381507
172.4 140.393237245
172.2 140.31595555
172 140.238459617
171.8 140.160669404
171.6 140.082889044
171.4 140.005111961
171.2 139.927595756
171 139.850037515
170.8 139.771996868
170.6 139.693855405
170.4 139.615673888
170.2 139.537479665
170 139.459542602
169.8 139.381461686
169.6 139.303336817
169.4 139.22515642
169.2 139.146908468
169 139.068580478
168.8 138.990057065
168.6 138.911608165
168.4 138.833096734
168.2 138.754540014
168 138.67591387
167.8 138.596952403
167.6 138.517938526
167.4 138.439326374
167.2 138.360793668
167 138.282167524
166.8 138.203238338
166.6 138.124247676
166.4 138.045193729
166.2 137.966179849
166 137.887254603
165.8 137.808027853
165.6 137.728707606
165.4 137.649337101
165.2 137.569920545
165 137.490489879
164.8 137.41122867
164.6 137.331891212
164.4 137.25244965
164.2 137.172884995
164 137.093187124
163.8 137.013368462
163.6 136.933651567
163.4 136.853914919
163.2 136.774129516
163 136.694284827
162.8 136.614060193
162.6 136.533824339
162.4 136.453942015
162.2 136.374287251
162 136.294538841
161.8 136.21448085
161.6 136.134297198
161.4 136.05396103
161.2 135.973562014
161 135.89325536
160.8 135.81269337
160.6 135.732145673
160.4 135.65160495
160.2 135.571045934
160 135.490497384
159.8 135.410146148
159.6 135.329723701
159.4 135.249195704
159.2 135.168540984
159 135.087751538
158.8 135.00663333
158.6 134.925765767
158.4 134.844931756
158.2 134.764090729
158 134.683208168
157.8 134.601776922
157.6 134.52024654
157.4 134.439207662
157.2 134.358307975
157 134.277317196
156.8 134.196001393
156.6 134.114649791
156.4 134.033237889
156.2 133.951871924
156 133.870556712
155.8 133.788986194
155.6 133.707264525
155.4 133.625442743
155.2 133.543551366
155 133.461940784
154.8 133.380550794
154.6 133.29911857
154.4 133.217577926
154.2 133.135902399
154 133.054105252
153.8 132.972024338
153.6 132.8899839
153.4 132.807893556
153.2 132.725761407
153 132.643578976
152.8 132.561190385
152.6 132.47898436
152.4 132.397269453
152.2 132.315462434
152 132.233505368
151.8 132.151111102
151.6 132.06869182
151.4 131.986236166
151.2 131.903851813
151 131.821466208
150.8 131.738684058
150.6 131.655850196
150.4 131.572990382
150.2 131.490197898
150 131.408043645
149.8 131.325494747
149.6 131.242935472
149.4 131.160342246
149.2 131.077701016
149 130.995015649
148.8 130.912083935
148.6 130.828993827
148.4 130.745771668
148.2 130.6624614
148 130.57912457
147.8 130.495596689
147.6 130.412824783
147.4 130.330037287
147.2 130.24722467
147 130.164366215
146.8 130.081136411
146.6 129.997891894
146.4 129.914693548
146.2 129.831437629
146 129.748146862
145.8 129.664256638
145.6 129.580337483
145.4 129.496417181
145.2 129.413226357
145 129.33008714
144.8 129.24666554
144.6 129.163192183
144.4 129.079594451
144.2 128.995871063
144 128.912153311
143.8 128.828115012
143.6 128.744116235
143.4 128.660158199
143.2 128.576202665
143 128.492238216
142.8 128.408354502
142.6 128.324485517
142.4 128.240652731
142.2 128.156863052
142 128.073108822
141.8 127.98884067
141.6 127.904602938
141.4 127.82032825
141.2 127.736016506
141 127.651668936
140.8 127.56690045
140.6 127.482273462
140.4 127.398302851
140.2 127.314317179
140 127.230285943
139.8 127.145850551
139.6 127.061407435
139.4 126.976941108
139.2 126.89247129
139 126.807988614
138.8 126.723080772
138.6 126.638141281
138.4 126.553166538
138.2 126.468455111
138 126.384200335
137.8 126.299551749
137.6 126.214886552
137.4 126.130187041
137.2 126.045453028
137 125.960723571
136.8 125.87549188
136.6 125.790280247
136.4 125.70512864
136.2 125.620022494
136 125.534892708
135.8 125.449819418
135.6 125.365098304
135.4 125.280370638
135.2 125.195631063
135 125.110864818
134.8 125.025675976
134.6 124.940428448
134.4 124.855024108
134.2 124.769486827
134 124.683945209
133.8 124.598094923
133.6 124.512297329
133.4 124.427313593
133.2 124.34240599
133 124.257415548
132.8 124.17183018
132.6 124.086237848
132.4 124.000715875
132.2 123.915356517
132 123.829992414
131.8 123.744087052
131.6 123.658088547
131.4 123.57201671
131.2 123.486059731
131 123.400916845
130.8 123.315507763
130.6 123.230091816
130.4 123.144568264
130.2 123.058917273
130 122.973197037
129.8 122.88708161
129.6 122.801022452
129.4 122.715034049
129.2 122.629097181
129 122.543158919
128.8 122.456968345
128.6 122.371175751
128.4 122.285370839
128.2 122.199550879
128 122.113717258
127.8 122.02741884
127.6 121.941138366
127.4 121.854868853
127.2 121.768594033
127 121.68230328
126.8 121.595569676
126.6 121.508814317
126.4 121.422904289
126.2 121.337083167
126 121.251247436
125.8 121.164931422
125.6 121.078601801
125.4 120.992271365
125.2 120.906028646
125 120.819770187
124.8 120.733058876
124.6 120.646337497
124.4 120.559612762
124.2 120.473123595
124 120.387137882
123.8 120.300514506
123.6 120.21384812
123.4 120.12723704
123.2 120.040711453
123 119.954328422
122.8 119.867558814
122.6 119.780795181
122.4 119.694026363
122.2 119.607250368
122 119.520474374
121.8 119.433636973
121.6 119.346918952
121.4 119.260229203
121.2 119.173605025
121 119.087040365
120.8 119.000066856
120.6 118.913191098
120.4 118.826220751
120.2 118.739156347
120 118.652057737
119.8 118.564618009
119.6 118.477464147
119.4 118.390944126
119.2 118.304375291
119 118.217714429
118.8 118.130433893
118.6 118.043155324
118.4 117.955956888
118.2 117.868838915
118 117.781729504
117.8 117.694136771
117.6 117.606555456
117.4 117.518974797
117.2 117.432045033
117 117.345300391
116.8 117.258192697
116.6 117.171124798
116.4 117.084017342
116.2 116.996830104
116 116.909700595
115.8 116.822076754
115.6 116.734465265
115.4 116.646856266
115.2 116.559247549
115 116.471907036
114.8 116.384611836
114.6 116.297310119
114.4 116.209969365
114.2 116.122562272
114 116.035066754
113.8 115.947315621
113.6 115.859687632
113.4 115.772080728
113.2 115.684486282
113 115.596886337
112.8 115.508769927
112.6 115.421367655
112.4 115.334024265
112.2 115.246629232
112 115.159146875
111.8 115.07122466
111.6 114.9833767
111.4 114.895766504
111.2 114.808171612
111 114.720583171
110.8 114.632261557
110.6 114.543969373
110.4 114.456040886
110.2 114.36848706
110 114.281003594
109.8 114.19312942
109.6 114.105263418
109.4 114.017357867
109.2 113.929611743
109 113.841857538
108.8 113.75359442
108.6 113.665451562
108.4 113.577405166
108.2 113.489491167
108 113.402108505
107.8 113.314072862
107.6 113.2259664
107.4 113.137844342
107.2 113.049735114
107 112.961800393
106.8 112.873503375
106.6 112.785241991
106.4 112.697005177
106.2 112.608778596
106 112.520544648
105.8 112.43229459
105.6 112.344234278
105.4 112.256178328
105.2 112.168120271
105 112.080074221
104.8 111.99150528
104.6 111.903291282
104.4 111.815038729
104.2 111.726731777
104 111.638349295
103.8 111.549614144
103.6 111.461194731
103.4 111.373142055
103.2 111.285093218
103 111.197055906
102.8 111.108448047
102.6 111.019845748
102.4 110.931548363
102.2 110.843300563
102 110.754985958
101.8 110.666272694
101.6 110.577604991
101.4 110.489030517
101.2 110.400943193
101 110.312866315
100.8 110.224073431
100.6 110.135235888
100.4 110.046379709
100.2 109.957878928
100 109.869893715
99.8 109.781298515
99.6 109.692644817
99.4 109.603946328
99.2 109.515211063
99 109.4268573
98.8 109.338003041
98.6 109.249189753
98.4 109.160387755
98.2 109.071602612
98 108.982976876
97.8 108.894356088
97.6 108.80576801
97.4 108.717214682
97.2 108.62869736
97 108.540216506
96.8 108.451144723
96.6 108.362355354
96.4 108.273586768
96.2 108.184831351
96 108.096116275
95.8 108.006795366
95.6 107.917988127
95.4 107.829253715
95.2 107.740566707
95 107.651935577
94.8 107.56263907
94.6 107.473569154
94.4 107.384837604
94.2 107.29608317
94 107.207296818
93.8 107.117783302
93.6 107.028230695
93.4 106.939130078
93.2 106.850331736
93 106.761731803
92.8 106.672512138
92.6 106.583353108
92.4 106.494264802
92.2 106.405577573
92 106.316909835
91.8 106.227610049
91.6 106.1383524
91.4 106.049108804
91.2 105.960101077
91 105.871348634
90.8 105.781909504
90.6 105.692587453
90.4 105.603400206
90.2 105.514329078
90 105.425597198
89.8 105.336213304
89.6 105.246765042
89.4 105.157289148
89.2 105.067853543
89 104.978745598
88.8 104.889659671
88.6 104.800554648
88.4 104.711429122
88.2 104.622280949
88 104.533107251
87.8 104.443439284
87.6 104.353971693
87.4 104.264541548
87.2 104.175138867
87 104.08577615
86.8 103.995802394
86.6 103.906601004
86.4 103.817442519
86.2 103.728338707
86 103.639291525
85.8 103.549764132
85.6 103.460304623
85.4 103.370938392
85.2 103.281561964
85 103.19220075
84.8 103.102184218
84.6 103.012215047
84.4 102.922930397
84.2 102.833787209
84 102.744712859
83.8 102.654969531
83.6 102.565268761
83.4 102.475708912
83.2 102.386386439
83 102.297059193
82.8 102.206992677
82.6 102.117049069
82.4 102.02718066
82.2 101.937883207
82 101.848870292
81.8 101.758995822
81.6 101.669159073
81.4 101.579407066
81.2 101.489755038
81 101.400283769
80.8 101.310292032
80.6 101.220368505
80.4 101.130493826
80.2 101.040650676
80 100.951307148
79.8 100.86151535
79.6 100.771745062
79.4 100.682050323
79.2 100.592437947
79 100.50286752
78.8 100.412699785
78.6 100.322605356
78.4 100.232590675
78.2 100.142632395
78 100.052672774
77.8 99.9624322433
77.6 99.872747542
77.4 99.7831285152
77.2 99.69359957
77 99.604152262
76.8 99.51412172
76.6 99.424146903
76.4 99.3341760578
76.2 99.244192976
76 99.15419516
75.8 99.0635040464
75.6 98.973149044
75.4 98.8835257368
75.2 98.7939642672
75 98.70445776
74.8 98.6142634872
74.6 98.5240472772
74.4 98.4339790638
74.2 98.344020358
74 98.25405623
73.8 98.1633905204
73.6 98.0728018526
73.4 97.9824419325
73.2 97.8928660988
73 97.803341806
72.8 97.7131014708
72.6 97.6228504064
72.4 97.5326929187
72.2 97.4427411048
72 97.352860764
71.8 97.2621837048
71.6 97.1715777516
71.4 97.0810445072
71.2 96.990651202
71 96.901065744
70.8 96.8108063656
70.6 96.7205434682
70.4 96.630355555
70.2 96.5402561714
70 96.450285424
69.8 96.35958458
69.6 96.2689628724
69.4 96.1784448448
69.2 96.0880071973
69 95.997601733
68.8 95.9072757338
68.6 95.8169739008
68.4 95.7267441688
68.2 95.6366060674
68 95.546550721
67.8 95.4557119169
67.6 95.3650584968
67.4 95.2745107832
67.2 95.184055001
67 95.093632013
66.8 95.0024385537
66.6 94.9121140782
66.4 94.8218632726
66.2 94.7316694738
66 94.641554773
65.8 94.5505984426
65.6 94.4597818226
65.4 94.3692331908
65.2 94.2787999632
65 94.188421488
64.8 94.097201872
64.6 94.0061006656
64.4 93.915754831
64.2 93.8255027532
64 93.735318482
63.8 93.6442975164
63.6 93.5533254028
63.4 93.4625819731
63.2 93.3721550048
63 93.281835556
62.8 93.1905796048
62.6 93.09948616
62.4 93.0084871387
62.2 92.9181325376
62 92.8278853
61.8 92.7367913304
61.6 92.6457675632
61.4 92.5548128343
61.2 92.4641191472
61 92.37381278
60.8 92.282521364
60.6 92.19137063
60.4 92.1003330228
60.2 92.0093730365
60 91.919012018
59.8 91.8278284804
59.6 91.7367822768
59.4 91.6458010736
59.2 91.5548917708
59 91.464329958
58.8 91.3730306508
58.6 91.28185941
58.4 91.1908040344
58.2 91.099850857
58 91.008984745
57.8 90.9176198588
57.6 90.8265185058
57.4 90.7354819986
57.2 90.6445105556
57 90.55374229
56.8 90.4621395484
56.6 90.3709236326
56.4 90.2798112098
56.2 90.1888240398
56 90.097999483
55.8 90.0060337706
55.6 89.9148470994
55.4 89.8237754854
55.2 89.732756394
55 89.64190343
54.8 89.5500550092
54.6 89.4585210598
54.4 89.3673773332
54.2 89.2763657034
54 89.185545713
53.8 89.0935695946
53.6 89.0018478612
53.4 88.9107479942
53.2 88.8197088002
53 88.728769541
52.8 88.6367944002
52.6 88.5449308964
52.4 88.453456708
52.2 88.3624039206
52 88.271597639
51.8 88.179651931
51.6 88.087907058
51.4 87.9963396486
51.2 87.905267373
51 87.814247653
50.8 87.7221884338
50.6 87.6302778538
50.4 87.5384402616
50.2 87.4471118118
50 87.356293067
49.8 87.2643535582
49.6 87.1725599526
49.4 87.0809481262
49.2 86.9895289767
49 86.898461752
48.8 86.806283604
48.6 86.7143003942
48.4 86.6224238514
48.2 86.5306400529
48 86.439546898
47.8 86.347616318
47.6 86.255779767
47.4 86.1641236246
47.2 86.0726564932
47 85.981366355
46.8 85.889092771
46.6 85.7970337836
46.4 85.705140206
46.2 85.6133692324
46 85.521684438
45.8 85.4295894976
45.6 85.3377438484
45.4 85.2460520476
45.2 85.154550648
45 85.063212872
44.8 84.9706827571
44.6 84.8785092624
44.4 84.7865526228
44.2 84.6947649536
44 84.603012592
43.8 84.5102698779
43.6 84.418366272
43.4 84.3266889484
43.2 84.2351822076
43 84.143840522
42.8 84.05126583
42.6 83.9588728843
42.4 83.8668875072
42.2 83.7751256468
42 83.68335557
41.8 83.5905380012
41.6 83.4978665208
41.4 83.4061771222
41.2 83.3146423224
41 83.2232759
40.8 83.1307940248
40.6 83.038293916
40.4 82.9462242408
40.2 82.8545356244
40 82.762822762
39.8 82.6699597388
39.6 82.5773141982
39.4 82.4849639527
39.2 82.393442348
39 82.302083984
38.8 82.209573844
38.6 82.1171000658
38.4 82.0248839594
38.2 81.933197045
38 81.841673225
37.8 81.7487775506
37.6 81.656137526
37.4 81.5637270249
37.2 81.4717257686
37 81.380342275
36.8 81.2878039422
36.6 81.1953703586
36.4 81.1031688634
36.2 81.0112437917
36 80.919852279
35.8 80.8269585654
35.6 80.7343464792
35.4 80.6420229376
35.2 80.5499199418
35 80.458243001
34.8 80.365675209
34.6 80.2733178556
34.4 80.181167048
34.2 80.0892798444
34 79.997784656
33.8 79.9049933936
33.6 79.8124603808
33.4 79.7202313152
33.2 79.6282732126
33 79.536474407
32.8 79.4435982734
32.6 79.3513806402
32.4 79.2593633978
32.2 79.1675665558
32 79.076173395
31.8 78.9832251931
31.6 78.8908073678
31.4 78.7986874402
31.2 78.7068987964
31 78.615405142
30.8 78.5221319242
30.6 78.4299264782
30.4 78.3380967262
30.2 78.2464315594
30 78.155162305
29.8 78.062283009
29.6 77.9697263744
29.4 77.8777507898
29.2 77.7861367996
29 77.695006698
28.8 77.6018451868
28.6 77.5093690014
28.4 77.4177485274
28.2 77.3263112308
28 77.235215366
27.8 77.1424124836
27.6 77.0499338628
27.4 76.9579008861
27.2 76.8664919552
27 76.775764316
26.8 76.6829130592
26.6 76.5906767784
26.4 76.4988459931
26.2 76.407738197
26 76.316841185
25.8 76.2241879818
25.6 76.1320024492
25.4 76.0400168865
25.2 75.948690195
25 75.858296603
24.8 75.765845555
24.6 75.6738367142
24.4 75.5823184314
24.2 75.4912425676
24 75.400704905
23.8 75.3082571954
23.6 75.2163792668
23.4 75.124818134
23.2 75.0335361885
23 74.94322864
22.8 74.8512702304
22.6 74.7595929562
22.4 74.6683882534
22.2 74.5776839326
22 74.487394503
21.8 74.395176147
21.6 74.303608668
21.4 74.2125243008
21.2 74.12180624
21 74.03138864
20.8 73.9397813629
20.6 73.8485659182
20.4 73.757773611
20.2 73.6675095202
20 73.577693045
19.8 73.4855810261
19.6 73.3943276942
19.4 73.3037418994
19.2 73.2137066664
19 73.1237984
18.8 73.0322855296
18.6 72.9413885508
18.4 72.8510984214
18.2 72.7613060476
18 72.672025502
17.8 72.580498946
17.6 72.4890770288
17.4 72.3990906062
17.2 72.3098778068
17 72.22064963
16.8 72.1294636788
16.6 72.038847219
16.4 71.9488965148
16.2 71.8595257224
16 71.770684928
15.8 71.6795778456
15.6 71.5885763884
15.4 71.4983198327
15.2 71.4096381846
15 71.321206003
14.8 71.229851991
14.6 71.1392575622
14.4 71.049290233
14.2 70.9599952956
14 70.871266142
13.8 70.7808717876
13.6 70.6908967258
13.4 70.6015598834
13.2 70.5130089057
13 70.42585551
12.8 70.3362037884
12.6 70.2473561886
12.4 70.1593122842
12.2 70.0719136309
12 69.984941551
11.8 69.895253827
11.6 69.8065427182
11.4 69.718405157
11.2 69.6309153496
11 69.544624776
10.8 69.4540158445
10.6 69.364244896
10.4 69.2752746076
10.2 69.1871781946
10 69.099928081
9.8 69.0074661848
9.6 68.9175517102
9.4 68.8282798562
9.2 68.7394293428
9 68.651798546
8.8 68.5597190972
8.6 68.4683588025
8.4 68.3779198616
8.2 68.2884427904
8 68.200383008
7.8 68.1068582416
7.6 68.0147512702
7.4 67.9245181318
7.2 67.835092974
7 67.74621737
6.8 67.6530705452
6.6 67.5610062242
6.4 67.4696681528
6.2 67.379238969
6 67.290034473
5.8 67.1964826938
5.6 67.1031975984
5.4 67.0114791837
5.2 66.9224775582
5 66.833598047
4.8 66.7403390702
4.6 66.6483320234
4.4 66.5575011465
4.2 66.4675854916
4 66.378187522
3.8 66.285441622
3.6 66.1936745584
3.4 66.1030503272
3.2 66.0139323291
3 65.927820385
2.8 65.836212385
2.6 65.7465459826
2.4 65.6585252406
2.2 65.5719259857
2 65.486635529
1.8 65.397338705
1.6 65.3117112014
1.4 65.2279096518
1.2 65.1453669134
1 65.064792067
0.8 64.9863714896
0.6 64.9086044936
0.4 64.832749966
0.2 64.7593978588
0 64.688250214
