200 165.014648259
199.8 164.940318581
199.6 164.865894628
199.4 164.791306788
199.2 164.716540372
199 164.64158386
198.8 164.566641605
198.6 164.491451882
198.4 164.41649451
198.2 164.34145912
198 164.266251862
197.8 164.190930092
197.6 164.115452808
197.4 164.039832658
197.2 163.964042091
197 163.887929432
196.8 163.812062667
196.6 163.736010861
196.4 163.659780288
196.2 163.583399439
196 163.506919026
195.8 163.430694721
195.6 163.354325026
195.4 163.277864581
195.2 163.201291358
195 163.124466956
194.8 163.047561038
194.6 162.970645201
194.4 162.89368306
194.2 162.816449433
194 162.738865882
193.8 162.661345798
193.6 162.583661115
193.4 162.505867076
193.2 162.42841382
193 162.350855589
192.8 162.27305609
192.6 162.194969398
192.4 162.116748023
192.2 162.038426438
192 161.960081067
191.8 161.881953555
191.6 161.803590211
191.4 161.724996498
191.2 161.646172816
191 161.567114502
190.8 161.488195636
190.6 161.409458323
190.4 161.330625281
190.2 161.251652437
190 161.172358721
189.8 161.092890686
189.6 161.013245153
189.4 160.933814791
189.2 160.854340497
189 160.774673775
188.8 160.694901672
188.6 160.614817816
188.4 160.534552148
188.2 160.454430632
188 160.374404401
187.8 160.294350987
187.6 160.21393283
187.4 160.133367253
187.2 160.05266541
187 159.971748142
186.8 159.89111281
186.6 159.810320067
186.4 159.729362857
186.2 159.648237091
186 159.566941649
185.8 159.485943017
185.6 159.404694895
185.4 159.323276386
185.2 159.241771537
185 159.160020739
184.8 159.078133565
184.6 158.996162954
184.4 158.914509402
184.2 158.832670796
184 158.750516653
183.8 158.668418336
183.6 158.586015266
183.4 158.503426451
183.2 158.421110696
183 158.338660762
182.8 158.256107482
182.6 158.17330094
182.4 158.090398508
182.2 158.007361518
182 157.924236007
181.8 157.841040851
181.6 157.757721961
181.4 157.674301213
181.2 157.590788519
181 157.507181823
180.8 157.423952423
180.6 157.340380335
180.4 157.256672615
180.2 157.172813195
180 157.088535994
179.8 157.004059287
179.6 156.919964362
179.4 156.835805148
179.2 156.751524836
179 156.667098612
178.8 156.582744688
178.6 156.498036154
178.4 156.413497087
178.2 156.328862828
178 156.243953794
177.8 156.158843797
177.6 156.073472482
177.4 155.988063996
177.2 155.903011775
177 155.817773253
176.8 155.732596427
176.6 155.647038138
176.4 155.561184797
176.2 155.475252791
176 155.389530361
175.8 155.303760815
175.6 155.217814189
175.4 155.131801831
175.2 155.045624961
175 154.959148377
174.8 154.872864979
174.6 154.786416161
174.4 154.699801672
174.2 154.613013786
174 154.526037306
173.8 154.439387983
173.6 154.352649674
173.4 154.26581282
173.2 154.178825581
173 154.091483772
172.8 154.003864503
172.6 153.916669948
172.4 153.829362443
172.2 153.74186461
172 153.6541273
171.8 153.566411126
171.6 153.478600604
171.4 153.390958397
171.2 153.303204852
171 153.21521315
170.8 153.126889461
170.6 153.038397147
170.4 152.950119283
170.2 152.861929342
170 152.773419961
169.8 152.684906671
169.6 152.596132982
169.4 152.507159751
169.2 152.418362891
169 152.329491869
168.8 152.240364459
168.6 152.151088822
168.4 152.061743186
168.2 151.972465414
168 151.88331183
167.8 151.794112818
167.6 151.704644918
167.4 151.614892816
167.2 151.524889729
167 151.43496602
166.8 151.345227288
166.6 151.255205792
166.4 151.165039265
166.2 151.074731458
166 150.984268485
165.8 150.894284212
165.6 150.804113963
165.4 150.713705257
165.2 150.6230385
165 150.532126993
164.8 150.441392773
164.6 150.350589475
164.4 150.259676662
164.2 150.168642938
164 150.077401102
163.8 149.985835021
163.6 149.894809493
163.4 149.803637174
163.2 149.712272662
163 149.620698661
162.8 149.529292935
162.6 149.437638396
162.4 149.345766079
162.2 149.253697645
162 149.161473751
161.8 149.069158864
161.6 148.976978872
161.4 148.885243772
161.2 148.793258118
161 148.700923264
160.8 148.608459318
160.6 148.515787651
160.4 148.42307709
160.2 148.330245644
160 148.237288147
159.8 148.144249684
159.6 148.051080167
159.4 147.95818442
159.2 147.865544587
159 147.772511035
158.8 147.6793145
158.6 147.585910594
158.4 147.492307692
158.2 147.398711828
158 147.30502893
157.8 147.211109021
157.6 147.116978961
157.4 147.022734319
157.2 146.929057723
157 146.835342616
156.8 146.741489905
156.6 146.647487241
156.4 146.553254813
156.2 146.458881113
156 146.364515215
155.8 146.269942099
155.6 146.175143642
155.4 146.080191678
155.2 145.985222455
155 145.89072305
154.8 145.795816612
154.6 145.700834412
154.4 145.605727124
154.2 145.510497427
154 145.415372454
153.8 145.320102315
153.6 145.224581027
153.4 145.128888029
153.2 145.033031462
153 144.937468424
152.8 144.841818693
152.6 144.746118152
152.4 144.650298011
152.2 144.554346242
152 144.45837307
151.8 144.362297892
151.6 144.265872669
151.4 144.169176674
151.2 144.072296004
151 143.975585992
150.8 143.879488896
150.6 143.783311188
150.4 143.686864501
150.2 143.590099899
150 143.493114407
149.8 143.396105157
149.6 143.298850107
149.4 143.201369238
149.2 143.103705889
149 143.005926758
148.8 142.909042671
148.6 142.812148025
148.4 142.715007216
148.2 142.617560864
148 142.519858003
147.8 142.422075621
147.6 142.324078918
147.4 142.225846148
147.2 142.127420807
147 142.028900623
146.8 141.931001373
146.6 141.833402801
146.4 141.735566175
146.2 141.637418622
146 141.539012164
145.8 141.440462429
145.6 141.341718018
145.4 141.242729944
145.2 141.143534875
145 141.044246554
144.8 140.945237187
144.6 140.846724796
144.4 140.748052535
144.2 140.649170423
144 140.550095558
143.8 140.450857921
143.6 140.351315036
143.4 140.25142357
143.2 140.151257897
143 140.05105114
142.8 139.951183784
142.6 139.851959151
142.4 139.752578095
142.2 139.652978426
142 139.553189188
141.8 139.453208918
141.6 139.352913198
141.4 139.252260021
141.2 139.151315153
141 139.050309837
140.8 138.949718364
140.6 138.849768773
140.4 138.749586901
140.2 138.649093807
140 138.548344553
139.8 138.447371825
139.6 138.346249518
139.4 138.244954189
139.2 138.143519675
139 138.042055309
138.8 137.940654776
138.6 137.839789575
138.4 137.738759977
138.2 137.637497616
138 137.536032677
137.8 137.434323733
137.6 137.332417125
137.4 137.23024194
137.2 137.127853579
137 137.025472254
136.8 136.923571993
136.6 136.821986166
136.4 136.720205972
136.2 136.618160707
136 136.515897423
135.8 136.41341606
135.6 136.310755929
135.4 136.207834345
135.2 136.104704512
135 136.00156647
134.8 135.899197439
134.6 135.796807975
134.4 135.694142771
134.2 135.591119293
134 135.487796539
133.8 135.3844563
133.6 135.280910921
133.4 135.17711432
133.2 135.073127629
133 134.969521083
132.8 134.866409941
132.6 134.763217407
132.4 134.659811258
132.2 134.556147025
132 134.452267986
131.8 134.348173817
131.6 134.243800473
131.4 134.139105719
131.2 134.034170589
131 133.930095583
130.8 133.826143152
130.6 133.722150093
130.4 133.617932015
130.2 133.51344303
130 133.408808775
129.8 133.30377915
129.6 133.19853397
129.4 133.093064404
129.2 132.987582034
129 132.883152172
128.8 132.77826179
128.6 132.673249107
128.4 132.567990353
128.2 132.462489736
128 132.356886283
127.8 132.251162461
127.6 132.145117551
127.4 132.038793364
127.2 131.933121771
127 131.827820465
126.8 131.722232803
126.6 131.616578937
126.4 131.510640463
126.2 131.404305732
126 131.297808915
125.8 131.191045433
125.6 131.084018809
125.4 130.977099197
125.2 130.871071828
125 130.764860362
124.8 130.658242672
124.6 130.551513465
124.4 130.444630708
124.2 130.337576365
124 130.230371118
123.8 130.122888446
123.6 130.015135434
123.4 129.908224913
123.2 129.801332188
123 129.694207847
122.8 129.586715615
122.6 129.479146421
122.4 129.371365738
122.2 129.263254231
122 129.154935569
121.8 129.046395654
121.6 128.938386744
121.4 128.830747081
121.2 128.722930497
121 128.614851087
120.8 128.506443594
120.6 128.398137354
120.4 128.289511308
120.2 128.180542016
120 128.071382403
119.8 127.96241079
119.6 127.854006979
119.4 127.745456535
119.2 127.636704284
119 127.527627021
118.8 127.418411093
118.6 127.309081212
118.4 127.199510187
118.2 127.089728043
118 126.980018541
117.8 126.870797357
117.6 126.761327076
117.4 126.651665127
117.2 126.54178806
117 126.431811541
116.8 126.321803254
116.6 126.211535454
116.4 126.10102694
116.2 125.990419246
116 125.880640008
115.8 125.770448061
115.6 125.660007209
115.4 125.549382004
115.2 125.438756281
115 125.328010246
114.8 125.21709815
114.6 125.105865682
114.4 124.994465228
114.2 124.883857954
114 124.773054749
113.8 124.661809784
113.6 124.550382298
113.4 124.438960918
113.2 124.327423716
113 124.215467632
112.8 124.103383267
112.6 123.991133942
112.4 123.879645432
112.2 123.768026072
112 123.656118959
111.8 123.543783444
111.6 123.431661918
111.4 123.319487104
111.2 123.206967556
111 123.094097793
110.8 122.981242923
110.6 122.868873877
110.4 122.756376252
110.2 122.643702901
110 122.530636847
109.8 122.417609472
109.6 122.3045463
109.4 122.191250885
109.2 122.077731184
109 121.964285713
108.8 121.851236531
108.6 121.737668634
108.4 121.623885179
108.2 121.509924091
108 121.396185555
107.8 121.282572313
107.6 121.168522501
107.4 121.0541233
107.2 120.939917138
107 120.825963899
106.8 120.71167427
106.6 120.597169948
106.4 120.4826716
106.2 120.368460864
106 120.253674775
105.8 120.138781553
105.6 120.023458447
105.4 119.908520167
105.2 119.793605911
105 119.678388953
104.8 119.562696099
104.6 119.44728494
104.4 119.332203476
104.2 119.216861862
104 119.101199478
103.8 118.985464401
103.6 118.869809268
103.4 118.753964877
103.2 118.637945283
103 118.521540701
102.8 118.405339365
102.6 118.289130345
102.4 118.172672361
102.2 118.055964419
102 117.939414445
101.8 117.822984565
101.6 117.706159455
101.4 117.589151162
101.2 117.472189829
101 117.355566517
100.8 117.238494662
100.6 117.121116579
100.4 117.003475844
100.2 116.886166361
100 116.76869379
99.8 116.650716064
99.6 116.532384069
99.4 116.414735846
99.2 116.297203732
99 116.179293931
98.8 116.061310089
98.6 115.943044714
98.4 115.824657691
98.2 115.70604468
98 115.587141901
97.8 115.468028826
97.6 115.349719196
97.4 115.23118436
97.2 115.112377776
97 114.993332163
96.8 114.874349705
96.6 114.754973686
96.4 114.635357851
96.2 114.515538553
96 114.396459371
95.8 114.277114373
95.6 114.15754863
95.4 114.037696705
95.2 113.917829832
95 113.797955185
94.8 113.677455503
94.6 113.556644153
94.4 113.436403518
94.2 113.316624772
94 113.19647789
93.8 113.0757267
93.6 112.95481076
93.4 112.833748105
93.2 112.712445628
93 112.590942442
92.8 112.4692908
92.6 112.348606219
92.4 112.22769047
92.2 112.106488013
92 111.985055217
91.8 111.863250579
91.6 111.741043311
91.4 111.618563747
91.2 111.495926129
91 111.374487594
90.8 111.252457419
90.6 111.130274314
90.4 111.007793144
90.2 110.885105622
90 110.762326628
89.8 110.638816243
89.6 110.515025837
89.4 110.392540964
89.2 110.270037037
89 110.147206634
88.8 110.023879722
88.6 109.900351445
88.4 109.776503235
88.2 109.652356941
88 109.528057367
87.8 109.404273005
87.6 109.280815482
87.4 109.157077336
87.2 109.033012805
87 108.908791482
86.8 108.783966315
86.6 108.658777135
86.4 108.533323636
86.2 108.409042942
86 108.285011679
85.8 108.160055739
85.6 108.035026025
85.4 107.909519188
85.2 107.783640087
85 107.657696903
84.8 107.530997086
84.6 107.405763926
84.4 107.280755207
84.2 107.155365288
84 107.02958256
83.8 106.90309794
83.6 106.776247573
83.4 106.649044406
83.2 106.52157957
83 106.395697154
82.8 106.269226058
82.6 106.142755002
82.4 106.016048296
82.2 105.888882247
82 105.761655942
81.8 105.633439711
81.6 105.50488198
81.4 105.378104039
81.2 105.251140511
81 105.123832226
80.8 104.995774311
80.6 104.867417672
80.4 104.738695517
80.2 104.609658399
80 104.480880966
79.8 104.352599738
79.6 104.224212718
79.4 104.095568827
79.2 103.966662734
79 103.83763808
78.8 103.707782853
78.6 103.577469826
78.4 103.447690279
78.2 103.318871963
78 103.189720929
77.8 103.059860933
77.6 102.929880761
77.4 102.799540427
77.2 102.668871832
77 102.538106203
76.8 102.407525184
76.6 102.277296156
76.4 102.146773136
76.2 102.015906645
76 101.884831458
75.8 101.753280049
75.6 101.621351272
75.4 101.48931626
75.2 101.358855081
75 101.228010356
74.8 101.096034801
74.6 100.963990248
74.4 100.831716566
74.2 100.699108171
74 100.566354156
73.8 100.433601746
73.6 100.301448896
73.4 100.169008225
73.2 100.036231062
73 99.90326038
72.8 99.769719988
72.6 99.6357634426
72.4 99.5014934963
72.2 99.3687880812
72 99.23580265
71.8 99.1017643212
71.6 98.9676464044
71.4 98.8334818974
71.2 98.6989721716
71 98.564238638
70.8 98.4295187583
70.6 98.2951943666
70.4 98.1605938914
70.2 98.0256838477
70 97.890711688
69.8 97.7551095296
69.6 97.6190836668
69.4 97.4829707525
69.2 97.348063004
69 97.212812096
68.8 97.0764822544
68.6 96.9402383607
68.4 96.8040289726
68.2 96.6674744782
68 96.530649751
67.8 96.394085223
67.6 96.2574035642
67.4 96.1204482434
67.2 95.983285486
67 95.846239418
66.8 95.7085025732
66.6 95.570263958
66.4 95.4324807881
66.2 95.2952071784
66 95.157524228
65.8 95.0187018814
65.6 94.8804622478
65.4 94.7420033006
65.2 94.6031761916
65 94.464430142
64.8 94.325733206
64.6 94.186542344
64.4 94.0471158283
64.2 93.9079882264
64 93.768656716
63.8 93.6286008088
63.6 93.4881295842
63.4 93.3484921308
63.2 93.2086406354
63 93.068275273
62.8 92.9274514538
62.6 92.7868826032
62.4 92.645948398
62.2 92.5046710846
62 92.364367455
61.8 92.2229234398
61.6 92.0810092688
61.4 91.9393859598
61.2 91.798175365
61 91.656403869
60.8 91.5139394152
60.6 91.371723741
60.4 91.2293510702
60.2 91.086740769
60 90.944043685
59.8 90.8012467962
59.6 90.6580322444
59.4 90.514461777
59.2 90.3715075014
59 90.228347391
58.8 90.0838089406
58.6 89.9396492056
58.4 89.7960940418
58.2 89.6521729406
58 89.507838815
57.8 89.363354907
57.6 89.2183254124
57.4 89.0730092395
57.2 88.9281994548
57 88.783680722
56.8 88.6381248324
56.6 88.4921908233
56.4 88.34655575
56.2 88.2006645144
56 88.054382056
55.8 87.9078238951
55.6 87.7616913258
55.4 87.6151787638
55.2 87.4684515106
55 87.322081029
54.8 87.1742000458
54.6 87.0258903959
54.4 86.8789500276
54.2 86.7320382718
54 86.584652603
53.8 86.4363862876
53.6 86.2878586742
53.4 86.1389684322
53.2 85.9899150693
53 85.84234789
52.8 85.693467218
52.6 85.5442928884
52.4 85.394981728
52.2 85.245441866
52 85.095631182
51.8 84.9449141469
51.6 84.7954608528
51.4 84.6456459404
51.2 84.4954394133
51 84.345356971
50.8 84.1936372342
50.6 84.04144296
50.4 83.8907596846
50.2 83.7404465912
50 83.589674592
49.8 83.4376048401
49.6 83.2851682782
49.4 83.132316905
49.2 82.9794662087
49 82.828501314
48.8 82.6758675036
48.6 82.5230822849
48.4 82.369833798
48.2 82.2161988024
48 82.062371016
47.8 81.9081682603
47.6 81.7549581708
47.4 81.6013818347
47.2 81.4473684076
47 81.293137982
46.8 81.1369661244
46.6 80.9807639152
46.4 80.8268990892
46.2 80.6726682248
46 80.517972976
45.8 80.3615741126
45.6 80.204626733
45.4 80.0472307639
45.2 79.89173156
45 79.736887932
44.8 79.5801216368
44.6 79.423037476
44.4 79.265219721
44.2 79.1069802678
44 78.94972131
43.8 78.7923403924
43.6 78.6348851084
43.4 78.4769427191
43.2 78.318195122
43 78.159404486
42.8 77.998462535
42.6 77.8403605612
42.4 77.6818899752
42.2 77.5229510049
42 77.363599151
41.8 77.202267331
41.6 77.0404751095
41.4 76.8806872552
41.2 76.7213215948
41 76.561426222
40.8 76.3995965833
40.6 76.237405038
40.4 76.0747874264
40.2 75.9134238394
40 75.753124997
39.8 75.5904329386
39.6 75.4276488936
39.4 75.264522466
39.2 75.1009987575
39 74.93839534
38.8 74.775060908
38.6 74.611440957
38.4 74.4475155898
38.2 74.2833628298
38 74.118981421
37.8 73.95307142
37.6 73.7886528756
37.4 73.6238726316
37.2 73.45882212
37 73.293739051
36.8 73.1264365134
36.6 72.9592714701
36.4 72.7936930032
36.2 72.6277674395
36 72.461439084
35.8 72.2934528848
35.6 72.1249406038
35.4 71.9567234556
35.2 71.7900556982
35 71.622907847
34.8 71.4533648267
34.6 71.28420676
34.4 71.1146124443
34.2 70.945403036
34 70.777571708
33.8 70.6068277184
33.6 70.4362045837
33.4 70.265898663
33.2 70.0951920301
33 69.92516803
32.8 69.7535595404
32.6 69.5814465243
32.4 69.4096808918
32.2 69.2382095812
32 69.066293538
31.8 68.8930435225
31.6 68.7199020148
31.4 68.546465075
31.2 68.3737116934
31 68.200816363
30.8 68.0254002382
30.6 67.8508623562
30.4 67.6762952058
30.2 67.5014533874
30 67.327600285
29.8 67.1511410562
29.6 66.9743384101
29.4 66.7985998914
29.2 66.6226097613
29 66.44654518
28.8 66.2689172376
28.6 66.0907746848
28.4 65.9130907793
28.2 65.735898364
28 65.5582003
27.8 65.3786132517
27.6 65.1994054912
27.4 65.0198298639
27.2 64.8412032366
27 64.662384003
26.8 64.4801222077
26.6 64.2998073876
26.4 64.119110661
26.2 63.938474278
26 63.75844641
25.8 63.5744560148
25.6 63.3918200715
25.4 63.2099502742
25.2 63.027690859
25 62.846111149
24.8 62.6607438746
24.6 62.4753189621
24.4 62.2921945866
24.2 62.1087298682
24 61.925286606
23.8 61.738410178
23.6 61.5509829223
23.4 61.3656257272
23.2 61.1808736873
23 60.995711688
22.8 60.8075781952
22.6 60.6188402954
22.4 60.4310792933
22.2 60.2452735306
22 60.059051633
21.8 59.8686819416
21.6 59.6779338658
21.4 59.4870873926
21.2 59.299504256
21 59.111566484
20.8 58.9193070292
20.6 58.7267935218
20.4 58.5339037674
20.2 58.3440646768
20 58.154638648
19.8 57.9604715555
19.6 57.7660659252
19.4 57.5712843306
19.2 57.378980762
19 57.18810001
18.8 56.9920229621
18.6 56.7956523762
18.4 56.5989076407
18.2 56.4041820228
18 56.211690426
17.8 56.0136427035
17.6 55.815259081
17.4 55.6166259238
17.2 55.419706547
17 55.225377351
16.8 55.0250132732
16.6 54.8245974976
16.4 54.6239899041
16.2 54.4249140736
16 54.228500664
15.8 54.0257806565
15.6 53.8233093318
15.4 53.6207426196
15.2 53.419754167
15 53.221179843
14.8 53.0119871522
14.6 52.8034408438
14.4 52.5948669694
14.2 52.388376373
14 52.183566421
13.8 51.9706243471
13.6 51.758768204
13.4 51.5468912077
13.2 51.3377008322
13 51.129173905
12.8 50.9125817153
12.6 50.6971832392
12.4 50.4820875548
12.2 50.2697298052
12 50.057310998
11.8 49.8374463664
11.6 49.6184417066
11.4 49.4006577441
11.2 49.1842241331
11 48.968270283
10.8 48.7449517926
10.6 48.5218731117
10.4 48.300814392
10.2 48.0798849196
10 47.861592129
9.8 47.6338481098
9.6 47.4070006383
9.4 47.1812154292
9.2 46.9564004618
9 46.735607415
8.8 46.5028692795
8.6 46.2713462696
8.4 46.0401791616
8.2 45.8137086272
8 45.588601828
7.8 45.3505929636
7.6 45.1137772499
7.4 44.8798440008
7.2 44.6485422619
7 44.418609515
6.8 44.1747257982
6.6 43.9330107608
6.4 43.694743046
6.2 43.4574055735
6 43.223768294
5.8 42.9566908893
5.6 42.6941789898
5.4 42.4330633507
5.2 42.1760409988
5 41.921042457
4.8 41.664688209
4.6 41.4111576904
4.4 41.1623836208
4.2 40.9159675884
4 40.671347082
3.8 40.4039983932
3.6 40.140991497
3.4 39.8813155108
3.2 39.6254473748
3 39.372628555
2.8 39.090233299
2.6 38.8117399419
2.4 38.5367652262
2.2 38.26756047
2 38.001274586
1.8 37.6933018167
1.6 37.3903820846
1.4 37.0927470761
1.2 36.8016934396
1 36.515625834
0.8 36.1637934254
0.6 35.8165532108
0.4 35.4749594197
0.2 35.1374429675
0 34.807958871
