200 166.989689441
199.8 166.918946707
199.6 166.848179128
199.4 166.777276712
199.2 166.70620274
199 166.634993762
198.8 166.563473362
198.6 166.491919695
198.4 166.420084751
198.2 166.348029438
198 166.275941625
197.8 166.203776887
197.6 166.131385297
197.4 166.058805555
197.2 165.986232559
197 165.914170541
196.8 165.841942211
196.6 165.769691747
196.4 165.697221983
196.2 165.624466622
196 165.551490247
195.8 165.478415879
195.6 165.40527022
195.4 165.331897008
195.2 165.258302694
195 165.184653252
194.8 165.110920686
194.6 165.037088591
194.4 164.963516607
194.2 164.890173158
194 164.816627428
193.8 164.74268969
193.6 164.668697959
193.4 164.594512135
193.2 164.520099255
193 164.445536878
192.8 164.370965068
192.6 164.296244028
192.4 164.221330974
192.2 164.14625867
192 164.071135432
191.8 163.995783244
191.6 163.920958032
191.4 163.846021497
191.2 163.770949942
191 163.695724696
190.8 163.620336598
190.6 163.544897968
190.4 163.469257405
190.2 163.393400326
190 163.31746228
189.8 163.241410509
189.6 163.165185797
189.4 163.088797283
189.2 163.012297779
189 162.93630103
188.8 162.860102673
188.6 162.783810049
188.4 162.70731368
188.2 162.630553657
188 162.553519636
187.8 162.47640207
187.6 162.399270563
187.4 162.322023186
187.2 162.244665134
187 162.16725266
186.8 162.089651537
186.6 162.011858758
186.4 161.934491088
186.2 161.857095265
186 161.779500246
185.8 161.701544476
185.6 161.623488802
185.4 161.545309336
185.2 161.467047199
185 161.38875591
184.8 161.310353337
184.6 161.231736827
184.4 161.152866465
184.2 161.073789871
184 160.994688645
183.8 160.916109201
183.6 160.837449854
183.4 160.758670983
183.2 160.679739785
183 160.600630283
182.8 160.521179342
182.6 160.4417411
182.4 160.362128131
182.2 160.282302499
182 160.202380955
181.8 160.122402417
181.6 160.042104572
181.4 159.961967891
181.2 159.882091242
181 159.80208841
180.8 159.722020799
180.6 159.641886955
180.4 159.561536592
180.2 159.480907985
180 159.400030471
179.8 159.319118233
179.6 159.23805424
179.4 159.156807483
179.2 159.075409242
179 158.99400436
178.8 158.913135056
178.6 158.83215043
178.4 158.751021913
178.2 158.669687402
178 158.58805126
177.8 158.506214311
177.6 158.424429825
177.4 158.342466678
177.2 158.260298849
177 158.178005219
176.8 158.095557285
176.6 158.012873815
176.4 157.930675723
176.2 157.84850491
176 157.766167507
175.8 157.68360996
175.6 157.600956899
175.4 157.518159292
175.2 157.435286307
175 157.352259696
174.8 157.269147909
174.6 157.185857505
174.4 157.10239194
174.2 157.018791576
174 156.935624249
173.8 156.852366008
173.6 156.768933428
173.4 156.685320908
173.2 156.60146668
173 156.517252803
172.8 156.433099097
172.6 156.348914412
172.4 156.264629114
172.2 156.180242902
172 156.09577921
171.8 156.011171235
171.6 155.926857619
171.4 155.84248925
171.2 155.757964957
171 155.673162103
170.8 155.588066435
170.6 155.502858684
170.4 155.417810605
170.2 155.332666987
170 155.247415274
169.8 155.16202268
169.6 155.076253039
169.4 154.990350562
169.2 154.904936278
169 154.819393218
168.8 154.733763182
168.6 154.648027808
168.4 154.562145118
168.2 154.476071465
168 154.389750905
167.8 154.303425922
167.6 154.216986358
167.4 154.13045243
167.2 154.043841898
167 153.957476359
166.8 153.871033868
166.6 153.784365577
166.4 153.697564256
166.2 153.610611236
166 153.523376405
165.8 153.436291179
165.6 153.349149838
165.4 153.261838001
165.2 153.174358207
165 153.086744338
164.8 152.999018283
164.6 152.91157608
164.4 152.824022538
164.2 152.736369706
164 152.648501456
163.8 152.560429609
163.6 152.472356291
163.4 152.384374522
163.2 152.296203798
163 152.207821578
162.8 152.119368213
162.6 152.030631317
162.4 151.942143381
162.2 151.853775594
162 151.765254781
161.8 151.676491842
161.6 151.587581301
161.4 151.49855081
161.2 151.409515336
161 151.320118025
160.8 151.230859771
160.6 151.141364259
160.4 151.051696906
160.2 150.962185925
160 150.872957736
159.8 150.783411652
159.6 150.693745011
159.4 150.603989834
159.2 150.514096148
159 150.424218707
158.8 150.334327565
158.6 150.244156343
158.4 150.153746348
158.2 150.063137688
158 149.972563969
157.8 149.882324156
157.6 149.791929036
157.4 149.701451492
157.2 149.610844004
157 149.519938648
156.8 149.429058451
156.6 149.338159328
156.4 149.247101083
156.2 149.155871665
156 149.064487278
155.8 148.973347498
155.6 148.88207682
155.4 148.790641922
155.2 148.699105543
155 148.607315391
154.8 148.515504946
154.6 148.424055884
154.4 148.332558343
154.2 148.240875501
154 148.148971528
153.8 148.056818551
153.6 147.964525696
153.4 147.872375864
153.2 147.780174035
153 147.687863916
152.8 147.59522838
152.6 147.502474709
152.4 147.410123531
152.2 147.317613482
152 147.2248137
151.8 147.131998396
151.6 147.038841795
151.4 146.945839049
151.2 146.852974733
151 146.759947851
150.8 146.666670909
150.6 146.573226034
150.4 146.479813662
150.2 146.38665492
150 146.293184251
149.8 146.199687093
149.6 146.105764341
149.4 146.011599367
149.2 145.917745394
149 145.823835805
148.8 145.729872289
148.6 145.635681796
148.4 145.541401671
148.2 145.447330791
148 145.353219748
147.8 145.259042764
147.6 145.164634198
147.4 145.070042084
147.2 144.975446385
147 144.881138608
146.8 144.786491308
146.6 144.691479397
146.4 144.596322977
146.2 144.501046798
146 144.40608488
145.8 144.311240897
145.6 144.216208935
145.4 144.121004146
145.2 144.025653464
145 143.930540152
144.8 143.835266508
144.6 143.739598405
144.4 143.643760479
144.2 143.547796602
144 143.45190132
143.8 143.356399358
143.6 143.260676169
143.4 143.164717597
143.2 143.068528251
143 142.972269649
142.8 142.876235043
142.6 142.780042791
142.4 142.683771855
142.2 142.58738698
142 142.490800066
141.8 142.394447383
141.6 142.297979266
141.4 142.201363534
141.2 142.104581535
141 142.007628143
140.8 141.910915453
140.6 141.813937184
140.4 141.716817021
140.2 141.619573849
140 141.522095054
139.8 141.42494024
139.6 141.327852759
139.4 141.230620229
139.2 141.133223188
139 141.03565985
138.8 140.938191885
138.6 140.840564639
138.4 140.742790047
138.2 140.644890612
138 140.546783298
137.8 140.448774048
137.6 140.351032329
137.4 140.253091851
137.2 140.154900676
137 140.056435496
136.8 139.958013788
136.6 139.859658092
136.4 139.761211821
136.2 139.662659144
136 139.563915253
135.8 139.465123738
135.6 139.36682227
135.4 139.268382439
135.2 139.169764924
135 139.070969462
134.8 138.971910891
134.6 138.872794771
134.4 138.773509315
134.2 138.674085623
134 138.574511915
133.8 138.474989397
133.6 138.376068251
133.4 138.277013523
133.2 138.177787864
133 138.078383982
132.8 137.978669845
132.6 137.878922568
132.4 137.778999972
132.2 137.678924996
132 137.578694612
131.8 137.478289438
131.6 137.378561181
131.4 137.278705474
131.2 137.178679365
131 137.078464955
130.8 136.978125328
130.6 136.877729021
130.4 136.777157536
130.2 136.676434457
130 136.575564563
129.8 136.4745374
129.6 136.37419568
129.4 136.273730713
129.2 136.173100734
129 136.072290421
128.8 135.971340669
128.6 135.870297435
128.4 135.769069835
128.2 135.667687726
128 135.566181064
127.8 135.464604651
127.6 135.363668798
127.4 135.262592087
127.2 135.161334503
127 135.059920251
126.8 134.958347125
126.6 134.856664705
126.4 134.754789504
126.2 134.652748519
126 134.550595552
125.8 134.448567914
125.6 134.347017684
125.4 134.24532299
125.2 134.143448306
125 134.041407824
124.8 133.939031646
124.6 133.83649987
124.4 133.733769449
124.2 133.630874973
124 133.527886182
123.8 133.425450758
123.6 133.323289311
123.4 133.22098341
123.2 133.118493831
123 133.015853226
122.8 132.912837596
122.6 132.809645075
122.4 132.706251419
122.2 132.602688111
122 132.499043496
121.8 132.396118421
121.6 132.293154365
121.4 132.190032017
121.2 132.086718083
121 131.983273717
120.8 131.879745025
120.6 131.775909239
120.4 131.671799034
120.2 131.567497089
120 131.46363591
119.8 131.360397408
119.6 131.257104951
119.4 131.153560466
119.2 131.049720372
119 130.945679322
118.8 130.841313687
118.6 130.736751169
118.4 130.631998932
118.2 130.527103885
118 130.423103549
117.8 130.318741961
117.6 130.214375174
117.4 130.109820116
117.2 130.005049757
117 129.90015848
116.8 129.795063928
116.6 129.689797241
116.4 129.584346152
116.2 129.479035577
116 129.374791726
115.8 129.269999024
115.6 129.165194923
115.4 129.060196025
115.2 128.954919473
115 128.849511459
114.8 128.743590393
114.6 128.637412989
114.4 128.531023103
114.2 128.425655103
114 128.320700705
113.8 128.215377653
113.6 128.110026366
113.4 128.004373147
113.2 127.898160672
113 127.791907936
112.8 127.685220366
112.6 127.578368199
112.4 127.471777605
112.2 127.366131089
112 127.260339931
111.8 127.154220644
111.6 127.048071272
111.4 126.941661736
111.2 126.835003138
111 126.72831589
110.8 126.620945489
110.6 126.513420518
110.4 126.407006964
110.2 126.300638479
110 126.194077224
109.8 126.087068266
109.6 125.98000764
109.4 125.872707538
109.2 125.765211361
109 125.657678515
108.8 125.549626261
108.6 125.442167879
108.4 125.335196736
108.2 125.228071612
108 125.120748371
107.8 125.013004398
107.6 124.905252769
107.4 124.797299984
107.2 124.689148647
107 124.580947429
106.8 124.472549478
106.6 124.364973256
106.4 124.257258436
106.2 124.149365341
106 124.041258395
105.8 123.932693475
105.6 123.824030131
105.4 123.715171778
105.2 123.606150682
105 123.497105544
104.8 123.389014293
104.6 123.280797517
104.4 123.172362036
104.2 123.06364818
104 122.954678159
103.8 122.84545916
103.6 122.736053896
103.4 122.626466506
103.2 122.516745611
103 122.408068664
102.8 122.299211086
102.6 122.190229809
102.4 122.081008591
102.2 121.971550576
102 121.86197558
101.8 121.752012068
101.6 121.641847461
101.4 121.531524987
101.2 121.421938816
101 121.312576815
100.8 121.202631959
100.6 121.092579144
100.4 120.982407489
100.2 120.872261113
100 120.761978358
99.8 120.651276773
99.6 120.540339305
99.4 120.430031123
99.2 120.320015681
99 120.209733427
98.8 120.098963153
98.6 119.98813895
98.4 119.877457382
98.2 119.766594631
98 119.655591577
97.8 119.544162196
97.6 119.433181738
97.4 119.322499924
97.2 119.211637289
97 119.100442439
96.8 118.988674292
96.6 118.877278373
96.4 118.765791756
96.2 118.654213065
96 118.542577833
95.8 118.430966803
95.6 118.319348142
95.4 118.207553458
95.2 118.095603134
95 117.983457422
94.8 117.871549363
94.6 117.759464407
94.4 117.647191095
94.2 117.534762269
94 117.422935538
93.8 117.310640548
93.6 117.198136467
93.4 117.085495388
93.2 116.972827603
93 116.860299245
92.8 116.747390369
92.6 116.634245449
92.4 116.520933787
92.2 116.408322317
92 116.295766711
91.8 116.18259728
91.6 116.069257099
91.4 115.95605557
91.2 115.84309876
91 115.729883075
90.8 115.616296792
90.6 115.502420814
90.4 115.389155026
90.2 115.27581234
90 115.162252069
89.8 115.047894573
89.6 114.933852791
89.4 114.820038104
89.2 114.706128812
89 114.592110872
88.8 114.477827344
88.6 114.363588726
88.4 114.24918893
88.2 114.134718477
88 114.020071447
87.8 113.905692706
87.6 113.791237444
87.4 113.67652952
87.2 113.561576227
87 113.446811192
86.8 113.332019375
86.6 113.217060631
86.4 113.102031737
86.2 112.986913618
86 112.871937454
85.8 112.756559908
85.6 112.640941823
85.4 112.52513915
85.2 112.409793076
85 112.294486061
84.8 112.178513887
84.6 112.062334066
84.4 111.946511243
84.2 111.831087643
84 111.715375394
83.8 111.599414748
83.6 111.483136995
83.4 111.367037478
83.2 111.250807208
83 111.134365588
82.8 111.017224032
82.6 110.900870938
82.4 110.784528023
82.2 110.668005055
82 110.551277846
81.8 110.434401369
81.6 110.317473963
81.4 110.200382537
81.2 110.08310969
81 109.965779468
80.8 109.848733922
80.6 109.731545496
80.4 109.614177877
80.2 109.496652012
80 109.379512727
79.8 109.261484706
79.6 109.143217361
79.4 109.024817163
79.2 108.907313478
79 108.789955616
78.8 108.672078061
78.6 108.553936587
78.4 108.435721334
78.2 108.317452484
78 108.199049681
77.8 108.079993743
77.6 107.961280379
77.4 107.843282796
77.2 107.725039065
77 107.606475234
76.8 107.48732183
76.6 107.368253778
76.4 107.248995262
76.2 107.129571247
76 107.009983778
75.8 106.890905891
75.6 106.771826732
75.4 106.652493262
75.2 106.532880526
75 106.413295589
74.8 106.293261151
74.6 106.172977066
74.4 106.052527382
74.2 105.932807076
74 105.813579634
73.8 105.69359664
73.6 105.573500502
73.4 105.453281597
73.2 105.332971298
73 105.212536216
72.8 105.091036654
72.6 104.96972614
72.4 104.849480328
72.2 104.72915265
72 104.608734697
71.8 104.487670501
71.6 104.366398707
71.4 104.244818124
71.2 104.122991353
71 104.001090795
70.8 103.880129048
70.6 103.759116763
70.4 103.637841273
70.2 103.516262194
70 103.394543946
69.8 103.271993458
69.6 103.149212175
69.4 103.026251605
69.2 102.904630661
69 102.783267409
68.8 102.660989624
68.6 102.53867826
68.4 102.416095261
68.2 102.293273509
68 102.170390844
67.8 102.046468734
67.6 101.923537221
67.4 101.801130998
67.2 101.67855773
67 101.55579567
66.8 101.432014482
66.6 101.308125848
66.4 101.184103436
66.2 101.059979297
66 100.93675039
65.8 100.813310845
65.6 100.689834738
65.4 100.566133035
65.2 100.442117758
65 100.317974284
64.8 100.192770973
64.6 100.067430252
64.4 99.9428874929
64.2 99.8192628086
64 99.695420951
63.8 99.5705625238
63.6 99.4456330289
63.4 99.3204403894
63.2 99.1950327156
63 99.06959033
62.8 98.943851656
62.6 98.8190151902
62.4 98.6940026226
62.2 98.5687678272
62 98.443374395
61.8 98.3171383854
61.6 98.1906952024
61.4 98.0640637785
61.2 97.938162477
61 97.813034609
60.8 97.6867837098
60.6 97.5604296511
60.4 97.433956689
60.2 97.3073585334
60 97.180655271
59.8 97.0528669894
59.6 96.9258967071
59.4 96.7994682374
59.2 96.672862089
59 96.546014845
58.8 96.4183516827
58.6 96.2906464038
58.4 96.1627435862
58.2 96.0346723794
58 95.907684118
57.8 95.7799556316
57.6 95.6520680726
57.4 95.5240072908
57.2 95.3960372302
57 95.267997399
56.8 95.1388813766
56.6 95.0095329574
56.4 94.8814534538
56.2 94.7533596936
56 94.6250467
55.8 94.4955948041
55.6 94.3665257604
55.4 94.2372556092
55.2 94.1077843236
55 93.978438599
54.8 93.8491466966
54.6 93.7196323934
54.4 93.5899513704
54.2 93.460282817
54 93.330811113
53.8 93.2002619442
53.6 93.0694384572
53.4 92.9391163326
53.2 92.8094018462
53 92.679476559
52.8 92.5482709526
52.6 92.4174399078
52.4 92.2867109778
52.2 92.155791086
52 92.024715394
51.8 91.8934898516
51.6 91.7622314926
51.4 91.6308262046
51.2 91.4992747014
51 91.368226767
50.8 91.236073375
50.6 91.1036890982
50.4 90.9714179715
50.2 90.8399694558
50 90.708330631
49.8 90.5752861022
49.6 90.4425385822
49.4 90.3101969648
49.2 90.17767967
49 90.044971406
48.8 89.9118025677
48.6 89.7786783816
48.4 89.6454232576
48.2 89.5120437359
48 89.37930271
47.8 89.2454558788
47.6 89.1113777878
47.4 88.9773175756
47.2 88.8439689038
47 88.710448503
46.8 88.5754293206
46.6 88.4408204651
46.4 88.3067678658
46.2 88.1725539442
46 88.038142085
45.8 87.9030659473
45.6 87.7679417374
45.4 87.6326686382
45.2 87.497293222
45 87.362938702
44.8 87.2272260308
44.6 87.0913353324
44.4 86.9555637098
44.2 86.820195389
44 86.684669793
43.8 86.5474776866
43.6 86.4111750975
43.4 86.275269398
43.2 86.1392096818
43 86.002973109
42.8 85.8659540445
42.6 85.7286749306
42.4 85.5912383989
42.2 85.4542114854
42 85.318067759
41.8 85.1803608838
41.6 85.0425195684
41.4 84.9049327734
41.2 84.7673875274
41 84.629686981
40.8 84.4903194508
40.6 84.352504465
40.4 84.2145888862
40.2 84.0765428133
40 83.938596234
39.8 83.7991979812
39.6 83.6595861974
39.4 83.5198349049
39.2 83.381585783
39 83.243484199
38.8 83.1036065222
38.6 82.9637402375
38.4 82.8239778294
38.2 82.6840761424
38 82.54406786
37.8 82.4034952078
37.6 82.2635151924
37.4 82.1234266104
37.2 81.983254021
37 81.843268275
36.8 81.7012949702
36.6 81.559151319
36.4 81.418193304
36.2 81.2780679822
36 81.137818635
35.8 80.9956101938
35.6 80.8534699556
35.4 80.7111900924
35.2 80.5687819634
35 80.427477539
34.8 80.2851803662
34.6 80.1428606988
34.4 80.0004616698
34.2 79.8579773544
34 79.715429276
33.8 79.5706564128
33.6 79.4270831677
33.4 79.2846806824
33.2 79.142207473
33 78.999619141
32.8 78.8548512962
32.6 78.7100043714
32.4 78.5650839919
32.2 78.4214600238
32 78.278872415
31.8 78.1339363902
31.6 77.9889587608
31.4 77.8440122618
31.2 77.6990098478
31 77.553976655
30.8 77.4080484574
30.6 77.262911302
30.4 77.1177039624
30.2 76.9724793601
30 76.827420712
29.8 76.6799186472
29.6 76.532369804
29.4 76.386527343
29.2 76.2411273298
29 76.095653981
28.8 75.9477728397
28.6 75.8001723708
28.4 75.6525657592
28.2 75.504942897
28 75.359309733
27.8 75.2110725762
27.6 75.0627640283
27.4 74.9148004692
27.2 74.7671047984
27 74.619385928
26.8 74.4693528599
26.6 74.3208844154
26.4 74.1723893822
26.2 74.0238767833
26 73.87602441
25.8 73.7254053924
25.6 73.5748387295
25.4 73.4252300112
25.2 73.2765507874
25 73.127871245
24.8 72.9763180412
24.6 72.8256079438
24.4 72.6749670538
24.2 72.5243746297
24 72.375232413
23.8 72.2232547434
23.6 72.0712788623
23.4 71.919944161
23.2 71.7692049686
23 71.618536443
22.8 71.4649422955
22.6 71.3127411006
22.4 71.1605459154
22.2 71.0083708652
22 70.857637823
21.8 70.7034421566
21.6 70.5494397849
21.4 70.3965425748
21.2 70.2441704632
21 70.091922104
20.8 69.9366338209
20.6 69.7823684246
20.4 69.6282869814
20.2 69.4745710938
20 69.322002232
19.8 69.1657164216
19.6 69.0095669629
19.4 68.8551004204
19.2 68.7009458482
19 68.547064513
18.8 68.3898547783
18.6 68.2333422602
18.4 68.0769301164
18.2 67.921633297
18 67.767655417
17.8 67.6092167946
17.6 67.4514699455
17.4 67.2947684736
17.2 67.138219026
17 66.982195174
16.8 66.8234655924
16.6 66.6649938644
16.4 66.5068649356
16.2 66.3500368894
16 66.193393707
15.8 66.0321514773
15.6 65.872820871
15.4 65.7143142998
15.2 65.5562573569
15 65.399072602
14.8 65.236105314
14.6 65.0735860119
14.4 64.9126346562
14.2 64.753089869
14 64.594133317
13.8 64.4288880719
13.6 64.2646041094
13.4 64.1007261472
13.2 63.9381956742
13 63.777617931
12.8 63.6104217766
12.6 63.4436663849
12.4 63.278158623
12.2 63.1131159818
12 62.948954742
11.8 62.7801282964
11.6 62.611223501
11.4 62.4433072864
11.2 62.2768381416
11 62.110408336
10.8 61.9374710175
10.6 61.7666121778
10.4 61.5962606744
10.2 61.427189517
10 61.259345353
9.8 61.0829185842
9.6 60.9086139203
9.4 60.7359831182
9.2 60.5639102105
9 60.393901974
8.8 60.2147326052
8.6 60.036792679
8.4 59.8612557094
8.2 59.6866728012
8 59.513276786
7.8 59.3310762553
7.6 59.150320989
7.4 58.9708442098
7.2 58.7936078188
7 58.617241442
6.8 58.4308705954
6.6 58.2467240628
6.4 58.0637920399
6.2 57.8831220508
6 57.70345971
5.8 57.5123909845
5.6 57.3243727936
5.4 57.1378867285
5.2 56.9531804234
5 56.770078033
4.8 56.574517721
4.6 56.3814982053
4.4 56.1909529296
4.2 56.0019493819
4 55.815682575
3.8 55.614895567
3.6 55.416939738
3.4 55.2218384172
3.2 55.0280366804
3 54.838385686
2.8 54.6310961452
2.6 54.4277792677
2.4 54.2278033372
2.2 54.0288647941
2 53.83631596
1.8 53.6192404688
1.6 53.407995901
1.4 53.2015708062
1.2 52.9964475652
1 52.798314497
0.8 52.5576020717
0.6 52.3246672754
0.4 52.0967415966
0.2 51.874034947
0 51.656380087
