200 170.012928307
199.8 169.947707003
199.6 169.88234523
199.4 169.816739947
199.2 169.750927102
199 169.685088992
198.8 169.619077539
198.6 169.552917099
198.4 169.486757386
198.2 169.420928055
198 169.355002522
197.8 169.288831281
197.6 169.222638655
197.4 169.156247425
197.2 169.089615339
197 169.022835106
196.8 168.955939279
196.6 168.888992594
196.4 168.821890771
196.2 168.754646748
196 168.687389225
195.8 168.619972462
195.6 168.552403546
195.4 168.484849821
195.2 168.417606002
195 168.350230128
194.8 168.282484526
194.6 168.214652985
194.4 168.146696686
194.2 168.078604364
194 168.010392308
193.8 167.942322029
193.6 167.874125707
193.4 167.805699355
193.2 167.737061882
193 167.668353796
192.8 167.599408222
192.6 167.530188802
192.4 167.461150704
192.2 167.392291186
192 167.323353484
191.8 167.254402986
191.6 167.185385835
191.4 167.11611737
191.2 167.046527473
191 166.976648785
190.8 166.90708666
190.6 166.837370008
190.4 166.76742461
190.2 166.697285331
190 166.627096117
189.8 166.556673587
189.6 166.486266632
189.4 166.416244056
189.2 166.34607788
189 166.275706813
188.8 166.205090961
188.6 166.13438505
188.4 166.063459194
188.2 165.992288779
188 165.920964688
187.8 165.849766094
187.6 165.778467846
187.4 165.707046765
187.2 165.635526246
187 165.563976258
186.8 165.492176806
186.6 165.420562565
186.4 165.348839206
186.2 165.277036965
186 165.205137074
185.8 165.133075726
185.6 165.060953384
185.4 164.988630932
185.2 164.916085863
185 164.843421638
184.8 164.770914244
184.6 164.6981426
184.4 164.62511732
184.2 164.551904017
184 164.478794713
183.8 164.405925671
183.6 164.332924524
183.4 164.259766003
183.2 164.186427903
183 164.112891078
182.8 164.039324498
182.6 163.9657622
182.4 163.892027953
182.2 163.818051207
182 163.743935406
181.8 163.669924486
181.6 163.595586979
181.4 163.521026092
181.2 163.446734571
181 163.372518316
180.8 163.298118606
180.6 163.223571813
180.4 163.148858995
180.2 163.073944684
180 162.998778272
179.8 162.923818347
179.6 162.848721453
179.4 162.773409548
179.2 162.697889191
179 162.62225154
178.8 162.546553785
178.6 162.470842172
178.4 162.395360312
178.2 162.319769853
178 162.243998498
177.8 162.168144053
177.6 162.092162955
177.4 162.015973226
177.2 161.939528742
177 161.862808883
176.8 161.786359203
176.6 161.709688151
176.4 161.632825196
176.2 161.555818332
176 161.478894284
175.8 161.402290163
175.6 161.325464031
175.4 161.248458847
175.2 161.171233755
175 161.09366408
174.8 161.016208447
174.6 160.938804624
174.4 160.861245495
174.2 160.7834593
174 160.705478162
173.8 160.627320641
173.6 160.548876321
173.4 160.470485182
173.2 160.392351341
173 160.314120501
172.8 160.235963267
172.6 160.157634497
172.4 160.079111755
172.2 160.000317639
172 159.921242461
171.8 159.842322645
171.6 159.763281513
171.4 159.684119839
171.2 159.604846746
171 159.525479704
170.8 159.44635659
170.6 159.366939533
170.4 159.287364665
170.2 159.207709891
170 159.12787953
169.8 159.048093611
169.6 158.968328064
169.4 158.888462595
169.2 158.808290673
169 158.727777779
168.8 158.647350252
168.6 158.566604346
168.4 158.485776902
168.2 158.405302399
168 158.32467854
167.8 158.243992519
167.6 158.163075471
167.4 158.08202951
167.2 158.000811097
167 157.919485249
166.8 157.838518842
166.6 157.757247794
166.4 157.675711369
166.2 157.593940514
166 157.511957854
165.8 157.430486753
165.6 157.348730749
165.4 157.266826427
165.2 157.184787453
165 157.102438271
164.8 157.020067901
164.6 156.937844379
164.4 156.85548564
164.2 156.772822475
164 156.689789116
163.8 156.607083261
163.6 156.523997776
163.4 156.441097769
163.2 156.358253023
163 156.275221184
162.8 156.192134371
162.6 156.108836693
162.4 156.025415285
162.2 155.942045459
162 155.858434469
161.8 155.774985283
161.6 155.691255039
161.4 155.607309305
161.2 155.523205057
161 155.439304061
160.8 155.355426063
160.6 155.271080416
160.4 155.186565512
160.2 155.101951993
160 155.017082751
159.8 154.93268879
159.6 154.848180628
159.4 154.76343461
159.2 154.678410655
159 154.593057424
158.8 154.508081303
158.6 154.423045362
158.4 154.337894118
158.2 154.252605158
158 154.166951686
157.8 154.081124144
157.6 153.995179038
157.4 153.909622015
157.2 153.823932099
157 153.738012671
156.8 153.652287936
156.6 153.566023952
156.4 153.479571521
156.2 153.393282798
156 153.306888595
155.8 153.220502069
155.6 153.133950061
155.4 153.047333212
155.2 152.960669461
155 152.873629034
154.8 152.786759984
154.6 152.699615777
154.4 152.612253368
154.2 152.524712895
154 152.437348887
153.8 152.350215587
153.6 152.26281808
153.4 152.175323409
153.2 152.087647528
153 151.999457537
152.8 151.911723226
152.6 151.823839819
152.4 151.735771176
152.2 151.647482609
152 151.558940887
151.8 151.470738465
151.6 151.382322258
151.4 151.293727234
151.2 151.204995799
151 151.11596477
150.8 151.026842713
150.6 150.938094382
150.4 150.849385463
150.2 150.760442263
150 150.671191722
149.8 150.582097084
149.6 150.492664071
149.4 150.403226519
149.2 150.313665533
149 150.223925829
148.8 150.134050703
148.6 150.043983652
148.4 149.95410732
148.2 149.864344522
148 149.774203196
147.8 149.683972433
147.6 149.593540817
147.4 149.502944166
147.2 149.412536352
147 149.321980774
146.8 149.231369722
146.6 149.140482652
146.4 149.049458631
146.2 148.958547503
146 148.867626071
145.8 148.776534069
145.6 148.68530091
145.4 148.593898934
145.2 148.502346917
145 148.410991035
144.8 148.319532339
144.6 148.227647525
144.4 148.135530394
144.2 148.043255312
144 147.95117845
143.8 147.859525076
143.6 147.767672425
143.4 147.675519144
143.2 147.583044931
143 147.490339164
142.8 147.398002768
142.6 147.305409258
142.4 147.21266244
142.2 147.119733149
142 147.026459247
141.8 146.933476394
141.6 146.840593046
141.4 146.747507745
141.2 146.654174518
141 146.56059444
140.8 146.467235395
140.6 146.373787484
140.4 146.280178234
140.2 146.186386979
140 146.092302263
139.8 145.997919102
139.6 145.904214504
139.4 145.810342479
139.2 145.716236049
139 145.621841103
138.8 145.527557904
138.6 145.433067682
138.4 145.338348301
138.2 145.243414742
138 145.148328453
137.8 145.053001577
137.6 144.957996863
137.4 144.863403098
137.2 144.768586093
137 144.673490196
136.8 144.578443676
136.6 144.483187695
136.4 144.387645717
136.2 144.29187482
136 144.195989281
135.8 144.099861247
135.6 144.003544732
135.4 143.908002313
135.2 143.812299413
135 143.716314107
134.8 143.62027238
134.6 143.524074179
134.4 143.427583283
134.2 143.330825943
134 143.233940691
133.8 143.136836356
133.6 143.039568929
133.4 142.942789071
133.2 142.846253544
133 142.749423891
132.8 142.652321845
132.6 142.555125869
132.4 142.457732196
132.2 142.360142306
132 142.262453869
131.8 142.164435306
131.6 142.066095549
131.4 141.967949012
131.2 141.870459494
131 141.772784486
130.8 141.675090101
130.6 141.577266193
130.4 141.478993861
130.2 141.380177685
130 141.281316355
129.8 141.182403675
129.6 141.083292198
129.4 140.984247316
129.2 140.88602744
129 140.787470832
128.8 140.688580874
128.6 140.589628071
128.4 140.490337115
128.2 140.390571395
128 140.290772662
127.8 140.190916512
127.6 140.090851873
127.4 139.990772009
127.2 139.891677242
127 139.792265475
126.8 139.692480481
126.6 139.592648905
126.4 139.492477448
126.2 139.391756451
126 139.290999889
125.8 139.190024876
125.6 139.088788295
125.4 138.987530849
125.2 138.887416712
125 138.787094787
124.8 138.686497608
124.6 138.585877603
124.4 138.4848712
124.2 138.383251729
124 138.281627014
123.8 138.179779401
123.6 138.077663863
123.4 137.975693476
123.2 137.87459364
123 137.773258418
122.8 137.67160539
122.6 137.569935304
122.4 137.467831499
122.2 137.365178368
122 137.262508407
121.8 137.159538248
121.6 137.056385869
121.4 136.95370956
121.2 136.851608956
121 136.749249488
120.8 136.646429998
120.6 136.543568925
120.4 136.440371172
120.2 136.33686493
120 136.233333319
119.8 136.129421443
119.6 136.025153478
119.4 135.921717074
119.2 135.818464231
119 135.715011597
118.8 135.611466408
118.6 135.50786188
118.4 135.403589797
118.2 135.298864079
118 135.194048882
117.8 135.089134288
117.6 134.984239902
117.4 134.880334472
117.2 134.776148671
117 134.671576172
116.8 134.566717345
116.6 134.461736208
116.4 134.356352387
116.2 134.250625104
116 134.144792646
115.8 134.038859838
115.6 133.933592728
115.4 133.82859143
115.2 133.723279219
115 133.617540985
114.8 133.511595629
114.6 133.405541377
114.4 133.29914397
114.2 133.192412031
114 133.085554779
113.8 132.978709816
113.6 132.872652625
113.4 132.766364846
113.2 132.659784317
113 132.552837372
112.8 132.445953268
112.6 132.338923487
112.4 132.231550789
112.2 132.123870861
112 132.01606065
111.8 131.908922992
111.6 131.801690763
111.4 131.694202054
111.2 131.586400659
111 131.478211688
110.8 131.370260832
110.6 131.261983722
110.4 131.153366411
110.2 131.044476285
110 130.936135486
109.8 130.827938285
109.6 130.719557559
109.4 130.610911799
109.2 130.501935558
109 130.392746255
108.8 130.283488449
108.6 130.173961019
108.4 130.064195282
108.2 129.954696989
108 129.845683277
107.8 129.736211765
107.6 129.626438076
107.4 129.516431347
107.2 129.406436697
107 129.296242163
106.8 129.186048112
106.6 129.075272477
106.4 128.964496544
106.2 128.854210901
106 128.74362433
105.8 128.632802653
105.6 128.521771844
105.4 128.410858555
105.2 128.299772853
105 128.1884211
104.8 128.077062458
104.6 127.965362014
104.4 127.853988585
104.2 127.742412353
104 127.630413055
103.8 127.518232045
103.6 127.406367388
103.4 127.294339496
103.2 127.182029402
103 127.069489658
102.8 126.957254655
102.6 126.844875014
102.4 126.732217113
102.2 126.619290293
102 126.505808175
101.8 126.39293297
101.6 126.279750633
101.4 126.166207814
101.2 126.052348108
101 125.938836258
100.8 125.825630328
100.6 125.711944306
100.4 125.598005503
100.2 125.483808094
100 125.369306728
99.8 125.25521315
99.6 125.140629256
99.4 125.025678895
99.2 124.911226797
99 124.796746299
98.8 124.682019767
98.6 124.566923493
98.4 124.451857562
98.2 124.336784125
98 124.220994771
97.8 124.105678904
97.6 123.989794147
97.4 123.874314773
97.2 123.758623481
97 123.642348468
96.8 123.52592858
96.6 123.409980281
96.4 123.293913317
96.2 123.177448141
96 123.060520947
95.8 122.943979669
95.6 122.827061975
95.4 122.709884929
95.2 122.592510688
95 122.474832131
94.8 122.358052053
94.6 122.240789705
94.4 122.12304104
94.2 122.00486703
94 121.887161002
93.8 121.769306896
93.6 121.650901962
93.4 121.532275027
93.2 121.414081454
93 121.295538947
92.8 121.177373537
92.6 121.058515652
92.4 120.939482473
92.2 120.820379823
92 120.700917929
91.8 120.581137031
91.6 120.461438884
91.4 120.342222935
91.2 120.222616047
91 120.102501363
90.8 119.982640272
90.6 119.862559848
90.4 119.74214367
90.2 119.621419036
90 119.500174582
89.8 119.380070072
89.6 119.259655946
89.4 119.138821697
89.2 119.017573332
89 118.896462403
88.8 118.775144999
88.6 118.653151477
88.4 118.530826027
88.2 118.409232271
88 118.287522078
87.8 118.165901518
87.6 118.043736514
87.4 117.921191221
87.2 117.798349667
87 117.675251663
86.8 117.551868809
86.6 117.429127577
86.4 117.306632444
86.2 117.183609086
86 117.059983402
85.8 116.93679852
85.6 116.813122037
85.4 116.689035413
85.2 116.564581912
85 116.440284818
84.8 116.31641323
84.6 116.192316729
84.4 116.067836092
84.2 115.943092841
84 115.818300396
83.8 115.693006283
83.6 115.567105848
83.4 115.44165708
83.2 115.31677438
83 115.191309154
82.8 115.065769279
82.6 114.939978883
82.4 114.81382945
82.2 114.687299657
82 114.560442209
81.8 114.433755755
81.6 114.307674238
81.4 114.181161874
81.2 114.05414365
81 113.926821142
80.8 113.799373204
80.6 113.671321965
80.4 113.54284963
80.2 113.415302891
80 113.287898093
79.8 113.160207587
79.6 113.032290631
79.4 112.903665262
79.2 112.774508077
79 112.645177335
78.8 112.515171174
78.6 112.3868891
78.4 112.258401772
78.2 112.129293958
78 111.999578494
77.8 111.869864026
77.6 111.73954187
77.4 111.60866549
77.2 111.477740154
77 111.348346397
76.8 111.218154821
76.6 111.087883556
76.4 110.957037799
76.2 110.825466692
76 110.693801522
75.8 110.56121099
75.6 110.429539931
75.4 110.298602992
75.2 110.167252338
75 110.035452664
74.8 109.903341649
74.6 109.770465827
74.4 109.636871218
74.2 109.502783319
74 109.371064737
73.8 109.238569299
73.6 109.106025035
73.4 108.97275726
73.2 108.838360637
73 108.703944653
72.8 108.568832678
72.6 108.434530521
72.4 108.300995111
72.2 108.166910922
72 108.032201707
71.8 107.897167926
71.6 107.761539769
71.4 107.625303519
71.2 107.488816643
71 107.354401141
70.8 107.219159347
70.6 107.083780062
70.4 106.947526939
70.2 106.810243922
70 106.672798604
69.8 106.534885162
69.6 106.398415443
69.4 106.262092257
69.2 106.125194667
69 105.987600178
68.8 105.849834865
68.6 105.711335969
68.4 105.572140334
68.2 105.433567425
68 105.295935035
67.8 105.157693673
67.6 105.019258636
67.4 104.879922497
67.2 104.739863473
67 104.599494666
66.8 104.459210871
66.6 104.319994807
66.4 104.180296105
66.2 104.04001577
66 103.899164081
65.8 103.758339691
65.6 103.616647446
65.4 103.474761821
65.2 103.334267169
65 103.193161577
64.8 103.051392907
64.6 102.909519668
64.4 102.767100123
64.2 102.624044406
64 102.480941946
63.8 102.338809358
63.6 102.196158689
63.4 102.052999179
63.2 101.909329787
63 101.765158042
62.8 101.62079663
62.6 101.475969192
62.4 101.332312507
62.2 101.18819319
62 101.043220699
61.8 100.898369384
61.6 100.752986104
61.4 100.606795749
61.2 100.460486983
61 100.315329984
60.8 100.16945583
60.6 100.023169492
60.4 99.8767503686
60.2 99.7297301832
60 99.5820463
59.8 99.4348387085
59.6 99.2877239496
59.4 99.1401500168
59.2 98.9920890945
59 98.843683392
58.8 98.6953272168
58.6 98.5459656171
58.4 98.3971854162
58.2 98.2484755992
58 98.098892868
57.8 97.9490848989
57.6 97.7994265288
57.4 97.649023968
57.2 97.4979558233
57 97.348126516
56.8 97.1974991528
56.6 97.0461303459
56.4 96.89499253
56.2 96.7435520294
56 96.591183603
55.8 96.4394402945
55.6 96.2872540894
55.4 96.1346301202
55.2 95.9816724834
55 95.828430578
54.8 95.6754410356
54.6 95.5213155332
54.4 95.3676239702
54.2 95.2137000386
54 95.058738977
53.8 94.904223266
53.6 94.7496014654
53.4 94.5941805744
53.2 94.438587697
53 94.283336669
52.8 94.1270627082
52.6 93.9704109622
52.4 93.8145553678
52.2 93.6579417648
52 93.50043866
51.8 93.3438251746
51.6 93.185974127
51.4 93.0275985351
51.2 92.8700188698
51 92.711655825
50.8 92.553293961
50.6 92.3942721417
50.4 92.2348802062
50.2 92.0749607303
50 91.914936632
49.8 91.7555156168
49.6 91.5952022492
49.4 91.4344560021
49.2 91.2734824058
49 91.111785769
48.8 90.949721743
48.6 90.7887110116
48.4 90.6268286052
48.2 90.4642574292
48 90.301833838
47.8 90.1381574092
47.6 89.9740797001
47.4 89.8114907906
47.2 89.6480717209
47 89.48376685
46.8 89.3195063108
46.6 89.1539796054
46.4 88.987962061
46.2 88.823735148
46 88.658463448
45.8 88.4927922838
45.6 88.3262261392
45.4 88.1588615656
45.2 87.9909686597
45 87.824771047
44.8 87.6577991246
44.6 87.4901910315
44.4 87.3215087832
44.2 87.1521013701
44 86.982347539
43.8 86.8141036014
43.6 86.6453854442
43.4 86.4757437231
43.2 86.304992992
43 86.133804888
42.8 85.9617177872
42.6 85.791825703
42.4 85.6209993185
42.2 85.4491136014
42 85.276663259
41.8 85.1025501878
41.6 84.9292463588
41.4 84.7573571652
41.2 84.5844961066
41 84.410616539
40.8 84.235442643
40.6 84.0589915293
40.4 83.8845059588
40.2 83.7105953458
40 83.535480201
39.8 83.3591279529
39.6 83.1813448248
39.4 83.0025490944
39.2 82.827282655
39 82.651078999
38.8 82.4734714019
38.6 82.2943163096
38.4 82.1139812748
38.2 81.934351915
38 81.757071555
37.8 81.5779682038
37.6 81.3978362093
37.4 81.2158706962
37.2 81.0328698502
37 80.853417024
36.8 80.672555348
36.6 80.4915172847
36.4 80.3078635752
36.2 80.1232018169
36 79.939875767
35.8 79.7572163198
35.6 79.5743428619
35.4 79.389565053
35.2 79.2031758962
35 79.016629189
34.8 78.831755874
34.6 78.646899843
34.4 78.4607648112
34.2 78.2725925922
34 78.084156573
33.8 77.8959245485
33.6 77.7089870812
33.4 77.5210611314
33.2 77.3311286388
33 77.140698522
32.8 76.9493810707
32.6 76.7602778584
32.4 76.570200877
32.2 76.3785599946
32 76.186093241
31.8 75.9919108699
31.6 75.8005609886
31.4 75.6082432537
31.2 75.4146266012
31 75.219992906
30.8 75.0235419139
30.6 74.8294021252
30.4 74.6347344467
30.2 74.43895402
30 74.242071688
29.8 74.0434240197
29.6 73.8465064518
29.4 73.6493861198
29.2 73.4512654394
29 73.252072573
28.8 73.0511423114
28.6 72.8515313981
28.4 72.6518105328
28.2 72.4511744728
28 72.249522209
27.8 72.0461806436
27.6 71.8439887934
27.4 71.6415744713
27.2 71.4383431032
27 71.234170496
26.8 71.0283336887
26.6 70.823533176
26.4 70.6182393272
26.2 70.4123021664
26 70.2054151
25.8 69.9969498133
25.6 69.7895162552
25.4 69.5812490817
25.2 69.3726437028
25 69.16297397
24.8 68.9522195358
24.6 68.7415794734
24.4 68.5301370643
24.2 68.318853909
24 68.106209189
23.8 67.8930219884
23.6 67.6790044606
23.4 67.464457899
23.2 67.25040558
23 67.03467384
22.8 66.8188608731
22.6 66.6012638162
22.4 66.383930203
22.2 66.1667247577
22 65.948430743
21.8 65.728976839
21.6 65.5075844739
21.4 65.2880184336
21.2 65.0671579509
21 64.846732572
20.8 64.6228045616
20.6 64.3991568911
20.4 64.1759580284
20.2 63.9516956607
20 63.72824946
19.8 63.4999630095
19.6 63.2746235522
19.4 63.0477928306
19.2 62.8209028128
19 62.593161792
18.8 62.362959118
18.6 62.133151257
18.4 61.9025448829
18.2 61.6713422315
18 61.439717669
17.8 61.2070327322
17.6 60.973104315
17.4 60.7382006764
17.2 60.5022960037
17 60.269428492
16.8 60.0322190736
16.6 59.7935634158
16.4 59.5536505695
16.2 59.3167302132
16 59.079366654
15.8 58.8373563028
15.6 58.5931101531
15.4 58.3514758338
15.2 58.1110171725
15 57.869212851
14.8 57.6201338022
14.6 57.3732673089
14.4 57.1282418405
14.2 56.881449163
14 56.633678675
13.8 56.3814548667
13.6 56.1323740664
13.4 55.8812816627
13.2 55.6280370166
13 55.377631813
12.8 55.1228270586
12.6 54.8664410344
12.4 54.6074959092
12.2 54.352157819
12 54.099112391
11.8 53.8205685379
11.6 53.5395649424
11.4 53.2654723182
11.2 52.990941805
11 52.714234918
10.8 52.4463045081
10.6 52.1828200492
10.4 51.9181040469
10.2 51.6520196479
10 51.388279438
9.8 51.1170226812
9.6 50.8453166608
9.4 50.5725423767
9.2 50.3037718478
9 50.035465747
8.8 49.7562942799
8.6 49.4762661119
8.4 49.2010789904
8.2 48.9254419922
8 48.649880081
7.8 48.3636279115
7.6 48.0788020792
7.4 47.7950079438
7.2 47.5109843578
7 47.232094884
6.8 46.9357378788
6.6 46.641272866
6.4 46.348877544
6.2 46.0583197954
6 45.769811958
5.8 45.4634680683
5.6 45.1593905298
5.4 44.8571791285
5.2 44.5572609354
5 44.260636792
4.8 43.9401179205
4.6 43.6241516547
4.4 43.3099329452
4.2 42.9967124943
4 42.690026879
3.8 42.353590166
3.6 42.0169117594
3.4 41.6884569168
3.2 41.3613282416
3 41.03550306
2.8 40.6771903683
2.6 40.3191951853
2.4 39.9617150978
2.2 39.614694742
2 39.268327296
1.8 38.8726186022
1.6 38.4855472965
1.4 38.0919044244
1.2 37.7101854246
1 37.33058545
0.8 36.8917220196
0.6 36.4654955798
0.4 36.0125788631
0.2 35.585725075
0 35.146321774
