200 154.496952698
199.8 154.43322784
199.6 154.369349373
199.4 154.305208889
199.2 154.240852904
199 154.176482856
198.8 154.112093461
198.6 154.047603196
198.4 153.983201212
198.2 153.919164542
198 153.855007932
197.8 153.790634331
197.6 153.726258701
197.4 153.661740476
197.2 153.597048575
197 153.532261401
196.8 153.467259024
196.6 153.402244013
196.4 153.337135941
196.2 153.27194742
196 153.206779659
195.8 153.141265881
195.6 153.075593156
195.4 153.009808547
195.2 152.944458285
195 152.879151478
194.8 152.813778165
194.6 152.748373568
194.4 152.682780707
194.2 152.616953844
194 152.550958484
193.8 152.484867921
193.6 152.418705274
193.4 152.3523707
193.2 152.285874062
193 152.21934548
192.8 152.152771646
192.6 152.086144775
192.4 152.019491468
192.2 151.953179446
192 151.886914156
191.8 151.820227222
191.6 151.753497154
191.4 151.686632901
191.2 151.619608909
191 151.552465111
190.8 151.485307861
190.6 151.418138651
190.4 151.350892989
190.2 151.283575106
190 151.216225505
189.8 151.148614049
189.6 151.08080883
189.4 151.012862758
189.2 150.945289682
189 150.877770938
188.8 150.809975596
188.6 150.742154241
188.4 150.674272675
188.2 150.606315285
188 150.538285047
187.8 150.470088982
187.6 150.401840434
187.4 150.333429602
187.2 150.264866722
187 150.196258485
186.8 150.127491439
186.6 150.058575225
186.4 149.98965799
186.2 149.921114349
186 149.852471873
185.8 149.783660349
185.6 149.71476227
185.4 149.645713413
185.2 149.576503271
185 149.507175058
184.8 149.437853338
184.6 149.368448937
184.4 149.298885614
184.2 149.229176909
184 149.159420282
183.8 149.089484268
183.6 149.019421259
183.4 148.9497207
183.2 148.880117327
183 148.810411572
182.8 148.740530467
182.6 148.670573437
182.4 148.600481808
182.2 148.53023525
182 148.459892686
181.8 148.389530884
181.6 148.318996766
181.4 148.248231498
181.2 148.177268404
181 148.106232971
180.8 148.035206097
180.6 147.964361991
180.4 147.893723074
180.2 147.82300035
180 147.752183035
179.8 147.681178752
179.6 147.610126269
179.4 147.538877226
179.2 147.467381672
179 147.395711966
178.8 147.324190856
178.6 147.252566969
178.4 147.18080967
178.2 147.10893172
178 147.036989272
177.8 146.965079794
177.6 146.893421315
177.4 146.821661806
177.2 146.74974361
177 146.677612036
176.8 146.605277914
176.6 146.53287181
176.4 146.460457524
176.2 146.38803263
176 146.315567687
175.8 146.242951599
175.6 146.170113647
175.4 146.097099078
175.2 146.023957001
175 145.951130342
174.8 145.878494528
174.6 145.805722258
174.4 145.732817963
174.2 145.659735346
174 145.586377382
173.8 145.512862426
173.6 145.439478752
173.4 145.366045442
173.2 145.29252519
173 145.218972474
172.8 145.145226032
172.6 145.071211153
172.4 144.997053911
172.2 144.923340866
172 144.849585623
171.8 144.775760537
171.6 144.701871956
171.4 144.627854306
171.2 144.553626392
171 144.479113756
170.8 144.404648643
170.6 144.330083921
170.4 144.255381697
170.2 144.180547732
170 144.105631441
169.8 144.030663484
169.6 143.955932991
169.4 143.881366859
169.2 143.806693268
169 143.731796682
168.8 143.656637967
168.6 143.581395817
168.4 143.50604586
168.2 143.430659655
168 143.355122149
167.8 143.279534781
167.6 143.20379526
167.4 143.12792477
167.2 143.051954112
167 142.976100629
166.8 142.900466551
166.6 142.824665088
166.4 142.748760015
166.2 142.672741043
166 142.596523821
165.8 142.520393169
165.6 142.444377483
165.4 142.368214655
165.2 142.291793716
165 142.21516639
164.8 142.138464606
164.6 142.061534852
164.4 141.98460017
164.2 141.908009354
164 141.831298664
163.8 141.754439082
163.6 141.677435118
163.4 141.600323707
163.2 141.52308251
163 141.445780355
162.8 141.368510273
162.6 141.291121694
162.4 141.213609615
162.2 141.135973609
162 141.058217824
161.8 140.980505083
161.6 140.902952999
161.4 140.825291761
161.2 140.747508013
161 140.669482052
160.8 140.591388858
160.6 140.51321537
160.4 140.435157117
160.2 140.356995737
160 140.278648734
159.8 140.20025146
159.6 140.121653378
159.4 140.042917182
159.2 139.964313159
159 139.885884121
158.8 139.80722715
158.6 139.728468728
158.4 139.649646747
158.2 139.570700146
158 139.491494493
157.8 139.412359259
157.6 139.333160099
157.4 139.253888124
157.2 139.174546945
157 139.095152676
156.8 139.015690242
156.6 138.936110317
156.4 138.856458336
156.2 138.776771026
156 138.697009116
155.8 138.61717959
155.6 138.537288572
155.4 138.457448049
155.2 138.377529037
155 138.297222763
154.8 138.216942436
154.6 138.136555856
154.4 138.056092963
154.2 137.975701129
154 137.895541199
153.8 137.815168299
153.6 137.734461558
153.4 137.653622466
153.2 137.572666666
153 137.491458226
152.8 137.410586146
152.6 137.329637966
152.4 137.248627842
152.2 137.167549682
152 137.086377144
151.8 137.005220703
151.6 136.923903922
151.4 136.842451774
151.2 136.760952342
151 136.679343641
150.8 136.59753207
150.6 136.515583329
150.4 136.433940802
150.2 136.352253351
150 136.27027373
149.8 136.188524899
149.6 136.106391466
149.4 136.024017717
149.2 135.941780469
149 135.859582901
148.8 135.777218831
148.6 135.694645494
148.4 135.611990523
148.2 135.52922564
148 135.446424019
147.8 135.363770117
147.6 135.280954772
147.4 135.198013711
147.2 135.114945805
147 135.031713068
146.8 134.948776457
146.6 134.865829101
146.4 134.782817376
146.2 134.699684364
146 134.616214663
145.8 134.532297331
145.6 134.448593869
145.4 134.365029666
145.2 134.281395489
145 134.197648615
144.8 134.113907069
144.6 134.029887829
144.4 133.945912251
144.2 133.861959946
144 133.777890205
143.8 133.693655801
143.6 133.609238988
143.4 133.524748271
143.2 133.440461311
143 133.356026709
142.8 133.271369159
142.6 133.186603999
142.4 133.101748526
142.2 133.016828556
142 132.932148017
141.8 132.847376831
141.6 132.762364143
141.4 132.677240974
141.2 132.591998118
141 132.506486148
140.8 132.421143857
140.6 132.33578819
140.4 132.250361243
140.2 132.164851075
140 132.079250723
139.8 131.993686316
139.6 131.907889834
139.4 131.821881235
139.2 131.735768556
139 131.649574518
138.8 131.56326704
138.6 131.477035425
138.4 131.391172593
138.2 131.305092191
138 131.218644917
137.8 131.132108605
137.6 131.045460677
137.4 130.958877922
137.2 130.872363037
137 130.785696536
136.8 130.69874633
136.6 130.61153087
136.4 130.524187319
136.2 130.437189847
136 130.350132957
135.8 130.262939838
135.6 130.175664795
135.4 130.088282764
135.2 130.000810892
135 129.913570724
134.8 129.82609673
134.6 129.738280642
134.4 129.650267047
134.2 129.562134238
134 129.474115193
133.8 129.386352205
133.6 129.29848985
133.4 129.210470271
133.2 129.122276753
133 129.033933729
132.8 128.945825147
132.6 128.857401437
132.4 128.768730751
132.2 128.679880893
132 128.590875566
131.8 128.501598622
131.6 128.41299836
131.4 128.324294043
131.2 128.235427666
131 128.146361589
130.8 128.057208275
130.6 127.968030239
130.4 127.878883426
130.2 127.789614713
130 127.700176954
129.8 127.610318876
129.6 127.520314029
129.4 127.430809053
129.2 127.341345513
129 127.251653016
128.8 127.161801636
128.6 127.071795243
128.4 126.981614348
128.2 126.891363633
128 126.801018864
127.8 126.710376746
127.6 126.61962471
127.4 126.528799563
127.2 126.438415033
127 126.348078772
126.8 126.257522282
126.6 126.166851985
126.4 126.075963211
126.2 125.984895208
126 125.893880993
125.8 125.802536064
125.6 125.711071885
125.4 125.619515193
125.2 125.527855505
125 125.436595716
124.8 125.345121367
124.6 125.253587156
124.4 125.16195491
124.2 125.070211239
124 124.978397274
123.8 124.886508004
123.6 124.794299441
123.4 124.701813292
123.2 124.609130025
123 124.516368866
122.8 124.424261831
122.6 124.332251015
122.4 124.240025625
122.2 124.147532183
122 124.054792076
121.8 123.962121662
121.6 123.869257602
121.4 123.776173377
121.2 123.682896501
121 123.589482456
120.8 123.49555202
120.6 123.402571046
120.4 123.309507659
120.2 123.216333818
120 123.123060584
119.8 123.029685569
119.6 122.936058403
119.4 122.842071117
119.2 122.747805071
119 122.653479993
118.8 122.558714235
118.6 122.464304079
118.4 122.370532961
118.2 122.276607031
118 122.182496935
117.8 122.088338214
117.6 121.994088641
117.4 121.899303272
117.2 121.804213184
117 121.709101588
116.8 121.613555485
116.6 121.517839713
116.4 121.423066447
116.2 121.328403157
116 121.23355034
115.8 121.138386422
115.6 121.043187631
115.4 120.947641391
115.2 120.851770806
115 120.755883723
114.8 120.659662801
114.6 120.563187784
114.4 120.466970464
114.2 120.37143533
114 120.275727645
113.8 120.179654649
113.6 120.083548242
113.4 119.987165684
113.2 119.890339089
113 119.793480784
112.8 119.696288926
112.6 119.598907846
112.4 119.501375826
112.2 119.405120411
112 119.308734253
111.8 119.211890045
111.6 119.115029198
111.4 119.017799034
111.2 118.919954923
111 118.822060689
110.8 118.724053094
110.6 118.62583338
110.4 118.527437195
110.2 118.429916337
110 118.332669884
109.8 118.234920293
109.6 118.137145382
109.4 118.039015931
109.2 117.940369588
109 117.841584444
108.8 117.742711592
108.6 117.643622124
108.4 117.54434723
108.2 117.445684935
108 117.347504511
107.8 117.248832277
107.6 117.150116348
107.4 117.051064544
107.2 116.951556663
107 116.851862341
106.8 116.75198465
106.6 116.65195595
106.4 116.551805866
106.2 116.452126613
106 116.352911472
105.8 116.253037262
105.6 116.153063023
105.4 116.052910475
105.2 115.952606768
105 115.852264434
104.8 115.751567989
104.6 115.650560927
104.4 115.549270791
104.2 115.448401451
104 115.348019823
103.8 115.247124168
103.6 115.146141815
103.4 115.044986906
103.2 114.943707517
103 114.842402801
102.8 114.7407505
102.6 114.63874185
102.4 114.536457115
102.2 114.434750598
102 114.333333328
101.8 114.231411615
101.6 114.129384428
101.4 114.027202303
101.2 113.924946689
101 113.822610959
100.8 113.719830629
100.6 113.616778869
100.4 113.513518003
100.2 113.411049243
100 113.308562025
99.8 113.205605194
99.6 113.10252971
99.4 112.999231359
99.2 112.89573954
99 112.79208301
98.8 112.688145134
98.6 112.5839001
98.4 112.479712903
98.2 112.376370379
98 112.272804007
97.8 112.168796679
97.6 112.064672309
97.4 111.960305093
97.2 111.855655142
97 111.750735536
96.8 111.645719626
96.6 111.540376227
96.4 111.435568689
96.2 111.331058967
96 111.226306975
95.8 111.121127189
95.6 111.015806276
95.4 110.910371502
95.2 110.804622376
95 110.698572755
94.8 110.592430425
94.6 110.48610442
94.4 110.380545513
94.2 110.274823391
94 110.168822467
93.8 110.062412679
93.6 109.956000858
93.4 109.849457674
93.2 109.742551363
93 109.63534683
92.8 109.527928007
92.6 109.421040609
92.4 109.314259389
92.2 109.207248462
92 109.099802792
91.8 108.991894474
91.6 108.884302023
91.4 108.776539424
91.2 108.66858815
91 108.560489237
90.8 108.452402832
90.6 108.344284644
90.4 108.235962859
90.2 108.127495438
90 108.018751651
89.8 107.910225237
89.6 107.801483062
89.4 107.692391741
89.2 107.582976809
89 107.47357681
88.8 107.36454665
88.6 107.25514831
88.4 107.145544612
88.2 107.035718786
88 106.925824463
87.8 106.816131687
87.6 106.706009168
87.4 106.595514763
87.2 106.484869892
87 106.374902606
86.8 106.264431214
86.6 106.153629679
86.4 106.042661678
86.2 105.931830392
86 105.820779622
85.8 105.709585988
85.6 105.597954923
85.4 105.486162875
85.2 105.374911902
85 105.263419792
84.8 105.151402959
84.6 105.039132229
84.4 104.927089707
84.2 104.815007716
84 104.702493578
83.8 104.589840561
83.6 104.476849201
83.4 104.36425458
83.2 104.251509356
83 104.138396978
82.8 104.024751767
82.6 103.911607411
82.4 103.798344216
82.2 103.684678096
82 103.570546836
81.8 103.456766898
81.6 103.342853531
81.4 103.228735903
81.2 103.11442483
81 102.999596998
80.8 102.885406276
80.6 102.770843202
80.4 102.65588907
80.2 102.54057583
80 102.425521225
79.8 102.310369629
79.6 102.194874925
79.4 102.079233125
79.2 101.963656183
79 101.848158509
78.8 101.732282239
78.6 101.615966642
78.4 101.499337946
78.2 101.383124122
78 101.26675804
77.8 101.149759307
77.6 101.032360731
77.4 100.915549073
77.2 100.798778641
77 100.681538761
76.8 100.564247477
76.6 100.446567489
76.4 100.328784087
76.2 100.21077292
76 100.092421174
75.8 99.9738853514
75.6 99.8560784754
75.4 99.7379291206
75.2 99.6193753542
75 99.500418335
74.8 99.3816599633
74.6 99.2623836814
74.4 99.1428396106
74.2 99.0230644758
74 98.903776981
73.8 98.7842941834
73.6 98.6644999858
73.4 98.5443416908
73.2 98.4241686434
73 98.304010093
72.8 98.1831588626
72.6 98.061908877
72.4 97.9411090178
72.2 97.8207544268
72 97.699908406
71.8 97.578668338
71.6 97.4571414834
71.4 97.3354616416
71.2 97.213495338
71 97.091204822
70.8 96.9685100507
70.6 96.8467283826
70.4 96.7246389686
70.2 96.6021740182
70 96.47943053
69.8 96.3565398876
69.6 96.2331312058
69.4 96.1094075918
69.2 95.9855975421
69 95.862706661
68.8 95.7391922474
68.6 95.61539942
68.4 95.4912425651
68.2 95.3669207396
68 95.242402762
67.8 95.1170514284
67.6 94.9914767412
67.4 94.8672576932
67.2 94.742712873
67 94.617720097
66.8 94.4922180635
66.6 94.3664324922
66.4 94.240251845
66.2 94.113732008
66 93.987113641
65.8 93.8611650914
65.6 93.7350526152
65.4 93.6085278868
65.2 93.4815940697
65 93.354587585
64.8 93.2267744602
64.6 93.0985006926
64.4 92.9703995603
64.2 92.8435089946
64 92.716170341
63.8 92.5880925002
63.6 92.4597665737
63.4 92.3309277612
63.2 92.2017024758
63 92.072299123
62.8 91.9426603817
62.6 91.8140244396
62.4 91.685016978
62.2 91.5555495023
62 91.425758541
61.8 91.2952322962
61.6 91.1642027438
61.4 91.0328041609
61.2 90.9027460396
61 90.772868186
60.8 90.6420247852
60.6 90.5110527031
60.4 90.3793372226
60.2 90.2471714314
60 90.114873081
59.8 89.9816407988
59.6 89.8502423806
59.4 89.7184915302
59.2 89.5862745001
59 89.453618802
58.8 89.3200678068
58.6 89.1860053896
58.4 89.0515006511
58.2 88.9181991908
58 88.785563514
57.8 88.6517435404
57.6 88.5178839963
57.4 88.3830676716
57.2 88.2477005008
57 88.112276912
56.8 87.9759015768
56.6 87.8415177658
56.4 87.7067597894
56.2 87.5714907314
56 87.43568781
55.8 87.2988076508
55.6 87.1614344122
55.4 87.0236330172
55.2 86.8877140698
55 86.751905113
54.8 86.6147910178
54.6 86.4775452889
54.4 86.339366074
54.2 86.200691837
54 86.061962217
53.8 85.9232083639
53.6 85.7854054928
53.4 85.6471429348
53.2 85.5083269422
53 85.368995816
52.8 85.2286003648
52.6 85.087648767
52.4 84.9473234926
52.2 84.8082850154
52 84.668732613
51.8 84.5278944267
51.6 84.3867580822
51.4 84.2450606526
51.2 84.102863554
51 83.961212095
50.8 83.8198076718
50.6 83.6781968234
50.4 83.5361104216
50.2 83.3933440446
50 83.250312895
49.8 83.1060565654
49.6 82.9619659852
49.4 82.8193007572
49.2 82.6761858342
49 82.532441795
48.8 82.3877493779
48.6 82.2425566732
48.4 82.0968133923
48.2 81.9514575756
48 81.807474658
47.8 81.6618984788
47.6 81.516096687
47.4 81.3698339208
47.2 81.2230574726
47 81.076008499
46.8 80.9286575784
46.6 80.7820337714
46.4 80.6349698422
46.2 80.4874180703
46 80.339539185
45.8 80.1904952314
45.6 80.0407765406
45.4 79.8923627926
45.2 79.7442042826
45 79.595370889
44.8 79.445313804
44.6 79.2951200692
44.4 79.1443330108
44.2 78.9931461091
44 78.843892381
43.8 78.6928577994
43.6 78.5414660078
43.4 78.3898950874
43.2 78.2379139666
43 78.085503817
42.8 77.9326130818
42.6 77.7802566766
42.4 77.6274679898
42.2 77.4742934593
42 77.320905924
41.8 77.1662626504
41.6 77.0108763874
41.4 76.8570128216
41.2 76.7029009044
41 76.54801783
40.8 76.3922254504
40.6 76.2361235558
40.4 76.0794041074
40.2 75.9232441782
40 75.767802387
39.8 75.610332519
39.6 75.4527532613
39.4 75.295290512
39.2 75.1372377748
39 74.97898094
38.8 74.8207494344
38.6 74.6617770914
38.4 74.5023978773
38.2 74.3433900474
38 74.183723629
37.8 74.0226424952
37.6 73.8621946858
37.4 73.701591617
37.2 73.5405806115
37 73.379481636
36.8 73.217293732
36.6 73.0542050279
36.4 72.8918423712
36.2 72.7296917918
36 72.566739559
35.8 72.4026681558
35.6 72.2385954918
35.4 72.0738591984
35.2 71.9096005496
35 71.745755404
34.8 71.5794226824
34.6 71.4134908747
34.4 71.2477611776
34.2 71.0813677513
34 70.915329419
33.8 70.7479837582
33.6 70.579755947
33.4 70.411962775
33.2 70.2444951654
33 70.076120615
32.8 69.9068764388
32.6 69.737165439
32.4 69.5670498154
32.2 69.3975506244
32 69.227802962
31.8 69.0563328684
31.6 68.8846913136
31.4 68.7130009562
31.2 68.5409137778
31 68.369304642
30.8 68.1961887092
30.6 68.0222222225
30.4 67.8487594246
30.2 67.675019699
30 67.500407487
29.8 67.3255860735
29.6 67.1500664888
29.4 66.9741138022
29.2 66.7987269342
29 66.622699171
28.8 66.4443763986
28.6 66.2673338858
28.4 66.0895721962
28.2 65.9117330524
28 65.73409465
27.8 65.5529944956
27.6 65.3734793175
27.4 65.1941035658
27.2 65.0139751306
27 64.834464267
26.8 64.6516395006
26.6 64.4685896458
26.4 64.287487285
26.2 64.1056788467
26 63.923597433
25.8 63.738874717
25.6 63.5531698423
25.4 63.369232979
25.2 63.1856320382
25 63.001116395
24.8 62.8143640658
24.6 62.6264961124
24.4 62.4391717335
24.2 62.253622729
24 62.067151517
23.8 61.8778462092
23.6 61.6876979826
23.4 61.4969912482
23.2 61.309313929
23 61.120774329
22.8 60.9288998483
22.6 60.7363474966
22.4 60.543134753
22.2 60.352383006
22 60.161713094
21.8 59.9672775355
21.6 59.772207636
21.4 59.5764336377
21.2 59.3826099872
21 59.189701468
20.8 58.9926214213
20.6 58.7949029568
20.4 58.5964457927
20.2 58.3996419038
20 58.204343855
19.8 58.0044697526
19.6 57.803897627
19.4 57.6025557231
19.2 57.4029188934
19 57.205174595
18.8 57.0023755435
18.6 56.7987723696
18.4 56.5943698858
18.2 56.3920879158
18 56.191670567
17.8 55.9858388122
17.6 55.7790447682
17.4 55.5714344785
17.2 55.3667939784
17 55.16350162
16.8 54.9543619968
16.6 54.744160727
16.4 54.5331594305
16.2 54.3265263852
16 54.120212674
15.8 53.9074775746
15.6 53.693586987
15.4 53.4795532702
15.2 53.2706763688
15 53.061109692
14.8 52.8437751759
14.6 52.6254159452
14.4 52.4092404618
14.2 52.1962023355
14 51.982241673
13.8 51.7608207074
13.6 51.5385659199
13.4 51.3209748134
13.2 51.1039096174
13 50.886105791
12.8 50.660188559
12.6 50.4354151199
12.4 50.2143830176
12.2 49.9927760143
12 49.770905212
11.8 49.5402841669
11.6 49.3140207134
11.4 49.0882984367
11.2 48.862389094
11 48.636406094
10.8 48.4031956375
10.6 48.1727529408
10.4 47.9421576657
10.2 47.7119089832
10 47.481828475
9.8 47.246173363
9.6 47.0100811572
9.4 46.7751248492
9.2 46.5399473939
9 46.308862627
8.8 46.0667858486
8.6 45.826049658
8.4 45.5856885496
8.2 45.348296893
8 45.112452209
7.8 44.8648204353
7.6 44.6183119955
7.4 44.3741516372
7.2 44.1321441608
7 43.89150165
6.8 43.6376865836
6.6 43.3859865153
6.4 43.1366418249
6.2 42.8890856118
6 42.643907279
5.8 42.3832743988
5.6 42.1251428665
5.4 41.8695529928
5.2 41.6164763613
5 41.373149827
4.8 41.1174191382
4.6 40.8724814009
4.4 40.637548009
4.2 40.4097244684
4 40.191013098
3.8 39.9546502199
3.6 39.7376867176
3.4 39.5214891541
3.2 39.3084795234
3 39.095969021
2.8 38.8615164192
2.6 38.629940218
2.4 38.3999323657
2.2 38.1716110249
2 37.944959737
1.8 37.6905122714
1.6 37.4358187806
1.4 37.1805258914
1.2 36.927219307
1 36.679991663
0.8 36.3910143139
0.6 36.0802744227
0.4 35.777244492
0.2 35.4708848529
0 35.146340132
