200 167.740885645
199.8 167.670940548
199.6 167.600969183
199.4 167.530790257
199.2 167.460361792
199 167.389863186
198.8 167.319137393
198.6 167.248329377
198.4 167.177423215
198.2 167.106444585
198 167.03546077
197.8 166.964262296
197.6 166.893177521
197.4 166.821969256
197.2 166.750631309
197 166.679158151
196.8 166.60770663
196.6 166.536235136
196.4 166.464552565
196.2 166.392637715
196 166.320641711
195.8 166.248313704
195.6 166.175850916
195.4 166.103239476
195.2 166.030515635
195 165.95809418
194.8 165.885599208
194.6 165.813012657
194.4 165.740336779
194.2 165.667574095
194 165.594727397
193.8 165.521814823
193.6 165.448851891
193.4 165.375589356
193.2 165.302018577
193 165.228359133
192.8 165.154490071
192.6 165.080448329
192.4 165.006297309
192.2 164.932637763
192 164.858919889
191.8 164.784905392
191.6 164.710829794
191.4 164.636651218
191.2 164.562360563
191 164.487994828
190.8 164.413458486
190.6 164.338795781
190.4 164.263941234
190.2 164.188919771
190 164.113846719
189.8 164.038503563
189.6 163.9632892
189.4 163.888252963
189.2 163.81311096
189 163.737824738
188.8 163.662317645
188.6 163.58675884
188.4 163.511023043
188.2 163.43508082
188 163.359043702
187.8 163.282740184
187.6 163.206363898
187.4 163.129905623
187.2 163.053381332
187 162.976993583
186.8 162.900668309
186.6 162.824238908
186.4 162.747676304
186.2 162.670960998
186 162.594083071
185.8 162.51685655
185.6 162.439660251
185.4 162.362382351
185.2 162.285002446
185 162.207578361
184.8 162.129854429
184.6 162.051847524
184.4 161.973900078
184.2 161.896300185
184 161.818627447
183.8 161.740831798
183.6 161.662959153
183.4 161.584871322
183.2 161.506513384
183 161.427957579
182.8 161.34933984
182.6 161.270655268
182.4 161.191880941
182.2 161.113033521
182 161.034169257
181.8 160.955199806
181.6 160.876241586
181.4 160.797184286
181.2 160.718064654
181 160.638855159
180.8 160.559515512
180.6 160.480176022
180.4 160.400631229
180.2 160.320802963
180 160.240798116
179.8 160.160601115
179.6 160.08022294
179.4 159.999716478
179.2 159.919809356
179 159.839862376
178.8 159.759736758
178.6 159.679549575
178.4 159.599186862
178.2 159.51857134
178 159.437711354
177.8 159.356786989
177.6 159.275721985
177.4 159.194497508
177.2 159.113132
177 159.03168118
176.8 158.95039928
176.6 158.869216281
176.4 158.787912706
176.2 158.706480164
176 158.624872178
175.8 158.543053407
175.6 158.461273274
175.4 158.379432109
175.2 158.297410006
175 158.215251476
174.8 158.132901174
174.6 158.050324171
174.4 157.967871655
174.2 157.885703367
174 157.803397328
173.8 157.720808726
173.6 157.638114661
173.4 157.555284888
173.2 157.472338466
173 157.389310695
172.8 157.305979105
172.6 157.222571791
172.4 157.139093793
172.2 157.05555355
172 156.972152878
171.8 156.888869403
171.6 156.805409995
171.4 156.721830187
171.2 156.638115621
171 156.554182053
170.8 156.469978016
170.6 156.38585089
170.4 156.301639602
170.2 156.217350447
170 156.133012235
169.8 156.048379099
169.6 155.963659472
169.4 155.879132806
169.2 155.794567466
169 155.709915996
168.8 155.62513299
168.6 155.540242746
168.4 155.455272273
168.2 155.370159051
168 155.284780934
167.8 155.199294582
167.6 155.113699233
167.4 155.028033849
167.2 154.942736477
167 154.857529253
166.8 154.771894342
166.6 154.686049807
166.4 154.60005967
166.2 154.513927328
166 154.427791156
165.8 154.34157327
165.6 154.255281842
165.4 154.168927276
165.2 154.082518228
165 153.996086906
164.8 153.909816619
164.6 153.823270151
164.4 153.736579055
164.2 153.649763882
164 153.562734187
163.8 153.475589126
163.6 153.388617394
163.4 153.301579869
163.2 153.214476686
163 153.127313048
162.8 153.039733321
162.6 152.95222867
162.4 152.864871624
162.2 152.777433973
162 152.689817518
161.8 152.601943034
161.6 152.513964985
161.4 152.426107538
161.2 152.338147593
161 152.25
160.8 152.161675954
160.6 152.073140639
160.4 151.984594549
160.2 151.89651595
160 151.80832468
159.8 151.719840452
159.6 151.631209713
159.4 151.542456268
159.2 151.453641274
159 151.364612728
158.8 151.275641435
158.6 151.186495512
158.4 151.097206223
158.2 151.007806369
158 150.918933623
157.8 150.829744898
157.6 150.740466046
157.4 150.651087791
157.2 150.561521276
157 150.47167924
156.8 150.381885868
156.6 150.292042392
156.4 150.202139932
156.2 150.11217823
156 150.022165656
155.8 149.93225366
155.6 149.842100429
155.4 149.751822898
155.2 149.661499393
155 149.571062386
154.8 149.480542961
154.6 149.390255572
154.4 149.29977566
154.2 149.20906735
154 149.118124992
153.8 149.027034289
153.6 148.9362682
153.4 148.84562339
153.2 148.75486474
153 148.663839877
152.8 148.572417009
152.6 148.480960965
152.4 148.389746562
152.2 148.298393464
152 148.206848919
151.8 148.11513232
151.6 148.023317169
151.4 147.931909807
151.2 147.840575016
151 147.749032378
150.8 147.657037544
150.6 147.564901322
150.4 147.472813688
150.2 147.380902359
150 147.288765863
149.8 147.196440116
149.6 147.10391559
149.4 147.011266582
149.2 146.919063744
149 146.826832116
148.8 146.734277594
148.6 146.641554683
148.4 146.548766228
148.2 146.456120964
148 146.363490298
147.8 146.270703378
147.6 146.177614504
147.4 146.084311527
147.2 145.99091461
147 145.897941157
146.8 145.804857549
146.6 145.711562717
146.4 145.618190921
146.2 145.524727856
146 145.431408636
145.8 145.338070093
145.6 145.24448809
145.4 145.150706267
145.2 145.056750196
145 144.962856516
144.8 144.869110188
144.6 144.775263464
144.4 144.681373948
144.2 144.587346617
144 144.492966194
143.8 144.398784087
143.6 144.304562536
143.4 144.210302132
143.2 144.116001975
143 144.021659672
142.8 143.927417951
142.6 143.832891911
142.4 143.73821688
142.2 143.643451208
142 143.548487991
141.8 143.453726103
141.6 143.359175765
141.4 143.264461437
141.2 143.169551766
141 143.074413955
140.8 142.979167116
140.6 142.88405913
140.4 142.788844973
140.2 142.693548238
140 142.598096311
139.8 142.502254219
139.6 142.407070814
139.4 142.311813054
139.2 142.216425383
139 142.120879114
138.8 142.025119269
138.6 141.929437829
138.4 141.833773144
138.2 141.738040466
138 141.642151088
137.8 141.54586243
137.6 141.449891185
137.4 141.354167847
137.2 141.258321732
137 141.162319392
136.8 141.066061062
136.6 140.969613817
136.4 140.873195975
136.2 140.776699525
136 140.680170625
135.8 140.58333866
135.6 140.486562532
135.4 140.390373125
135.2 140.294082313
135 140.197636455
134.8 140.100905413
134.6 140.00390588
134.4 139.906990112
134.2 139.810006314
134 139.712987751
133.8 139.61566295
133.6 139.518297871
133.4 139.421464254
133.2 139.324609798
133 139.227474421
132.8 139.129984563
132.6 139.032456274
132.4 138.935186078
132.2 138.838014853
132 138.7407552
131.8 138.642912006
131.6 138.544896367
131.4 138.44725128
131.2 138.349909716
131 138.25241515
130.8 138.154590076
130.6 138.056627637
130.4 137.95870506
130.2 137.860892829
130 137.762999222
129.8 137.664715418
129.6 137.566248804
129.4 137.467977902
129.2 137.370227241
129 137.272334218
128.8 137.174080014
128.6 137.075716483
128.4 136.977312854
128.2 136.879050946
128 136.780721903
127.8 136.681970763
127.6 136.583091056
127.4 136.484272172
127.2 136.386009229
127 136.287496835
126.8 136.188736063
126.6 136.089883846
126.4 135.990954164
126.2 135.89219718
126 135.793374836
125.8 135.694039953
125.6 135.594673526
125.4 135.495329819
125.2 135.396802497
125 135.298133373
124.8 135.199081731
124.6 135.099881154
124.4 135.000481978
124.2 134.901098591
124 134.801659316
123.8 134.701908273
123.6 134.602125651
123.4 134.50231182
123.2 134.403276828
123 134.30405809
122.8 134.204316691
122.6 134.104575301
122.4 134.004814005
122.2 133.90528585
122 133.805725053
121.8 133.705512777
121.6 133.605186122
121.4 133.504782718
121.2 133.405267123
121 133.305700377
120.8 133.20569326
120.6 133.105629611
120.4 133.005460447
120.2 132.90534654
120 132.805192575
119.8 132.704571292
119.6 132.603843909
119.4 132.50304938
119.2 132.403213191
119 132.303295851
118.8 132.202930713
118.6 132.10251329
118.4 132.001996397
118.2 131.901507607
118 131.800977722
117.8 131.699973586
117.6 131.598873686
117.4 131.497725083
117.2 131.397493315
117 131.297086775
116.8 131.196069061
116.6 131.095051366
116.4 130.994044007
116.2 130.893186593
116 130.792284727
115.8 130.690884304
115.6 130.589371836
115.4 130.487936127
115.2 130.387467065
115 130.286906347
114.8 130.185647533
114.6 130.08436203
114.4 129.982983791
114.2 129.881548145
114 129.780095354
113.8 129.678164938
113.6 129.576064336
113.4 129.47418168
113.2 129.373183441
113 129.272105306
112.8 129.170718116
112.6 129.069290048
112.4 128.967642756
112.2 128.865751589
112 128.763840348
111.8 128.661522251
111.6 128.559196144
111.4 128.457386843
111.2 128.356269675
111 128.255076796
110.8 128.15317679
110.6 128.051248783
110.4 127.949215393
110.2 127.847071541
110 127.744885087
109.8 127.641991138
109.6 127.538932011
109.4 127.43661521
109.2 127.334784472
109 127.232946932
108.8 127.130724061
108.6 127.028488289
108.4 126.926112352
108.2 126.823618603
108 126.72109741
107.8 126.618029773
107.6 126.514886924
107.4 126.412827803
107.2 126.310907656
107 126.208902687
106.8 126.106320256
106.6 126.003734344
106.4 125.900838916
106.2 125.79775266
106 125.694640249
105.8 125.591104359
105.6 125.487747911
105.4 125.385536885
105.2 125.283257913
105 125.18088907
104.8 125.077773607
104.6 124.974639354
104.4 124.871433092
104.2 124.768142402
104 124.664842606
103.8 124.56099422
103.6 124.457564378
103.4 124.354797513
103.2 124.251955801
103 124.149035662
102.8 124.045561498
102.6 123.942104557
102.4 123.838607595
102.2 123.735035783
102 123.631440073
101.8 123.527290565
101.6 123.423939491
101.4 123.320828676
101.2 123.217640781
101 123.114357829
100.8 123.010528181
100.6 122.906802977
100.4 122.803014377
100.2 122.699155313
100 122.595281273
99.8 122.49090432
99.6 122.387509493
99.4 122.284058723
99.2 122.180534393
99 122.076918036
98.8 121.972592981
98.6 121.868388965
98.4 121.764114332
98.2 121.65977087
98 121.555402517
97.8 121.451155544
97.6 121.347434953
97.4 121.243655124
97.2 121.139802217
97 121.035865903
96.8 120.931316971
96.6 120.826811174
96.4 120.722243694
96.2 120.617620504
96 120.512968481
95.8 120.408679086
95.6 120.304391092
95.4 120.200023159
95.2 120.095587927
95 119.991095832
94.8 119.886327825
94.6 119.781524962
94.4 119.676665538
94.2 119.571749069
94 119.467112504
93.8 119.362613206
93.6 119.257975268
93.4 119.153257471
93.2 119.048476884
93 118.943813585
92.8 118.838750057
92.6 118.7336469
92.4 118.628488499
92.2 118.523281944
92 118.418794475
91.8 118.313863985
91.6 118.208871639
91.4 118.103829562
91.2 117.998735816
91 117.893962786
90.8 117.788398227
90.6 117.682786059
90.4 117.577123422
90.2 117.471663695
90 117.366846025
89.8 117.261560667
89.6 117.156210113
89.4 117.050784718
89.2 116.945426778
89 116.840061083
88.8 116.734136846
88.6 116.628257287
88.4 116.522417992
88.2 116.417293283
88 116.31229794
87.8 116.206506777
87.6 116.1005687
87.4 115.994593385
87.2 115.889113429
87 115.783572361
86.8 115.677405533
86.6 115.571178597
86.4 115.465182216
86.2 115.359691679
86 115.25414744
85.8 115.147946435
85.6 115.041634275
85.4 114.935647545
85.2 114.82986775
85 114.724033803
84.8 114.617563313
84.6 114.511027014
84.4 114.405120815
84.2 114.29922955
84 114.193180442
83.8 114.086315036
83.6 113.979495545
83.4 113.873251928
83.2 113.767055046
83 113.660919547
82.8 113.554138327
82.6 113.447628646
82.4 113.341424345
82.2 113.235147572
82 113.128698587
81.8 113.021420097
81.6 112.914694344
81.4 112.808142182
81.2 112.70164156
81 112.595195055
80.8 112.488158974
80.6 112.381413388
80.4 112.274576253
80.2 112.167695463
80 112.060742915
79.8 111.953427474
79.6 111.8465736
79.4 111.739697188
79.2 111.632790071
79 111.525844008
78.8 111.418801176
78.6 111.311684272
78.4 111.204471481
78.2 111.097210517
78 110.989980843
77.8 110.882808429
77.6 110.775611747
77.4 110.668393779
77.2 110.561155815
77 110.45410499
76.8 110.346492356
76.6 110.238708723
76.4 110.13082645
76.2 110.022925029
76 109.915891036
75.8 109.808376846
75.6 109.700846624
75.4 109.593287986
75.2 109.48576275
75 109.378604546
74.8 109.270522669
74.6 109.162302774
74.4 109.05400378
74.2 108.946232006
74 108.839074239
73.8 108.731195137
73.6 108.623229122
73.4 108.51516182
73.2 108.407298148
73 108.299485862
72.8 108.190820634
72.6 108.082112241
72.4 107.97366208
72.2 107.866058779
72 107.758428007
71.8 107.649985319
71.6 107.541537273
71.4 107.433263058
71.2 107.325082946
71 107.216873884
70.8 107.107827735
70.6 106.998709866
70.4 106.890641929
70.2 106.782566702
70 106.674477935
69.8 106.565552688
69.6 106.456730035
69.4 106.348061739
69.2 106.239357579
69 106.130586565
68.8 106.020953489
68.6 105.912277419
68.4 105.803831467
68.2 105.69538489
68 105.586924464
67.8 105.477428736
67.6 105.368096226
67.4 105.258746236
67.2 105.149379003
67 105.040007174
66.8 104.930772776
66.6 104.822022971
66.4 104.713204372
66.2 104.604293677
66 104.495302917
65.8 104.385496092
65.6 104.275671744
65.4 104.165831065
65.2 104.055966532
65 103.946721312
64.8 103.837272238
64.6 103.727820659
64.4 103.618378567
64.2 103.50894571
64 103.399579979
63.8 103.289365097
63.6 103.179051709
63.4 103.068643111
63.2 102.958747308
63 102.849771917
62.8 102.739905655
62.6 102.630023855
62.4 102.520145874
62.2 102.410310274
62 102.300462991
61.8 102.189662462
61.6 102.078879171
61.4 101.968499693
61.2 101.85910145
61 101.749692976
60.8 101.639088309
60.6 101.52845298
60.4 101.417938322
60.2 101.307483393
60 101.197018236
59.8 101.08575775
59.6 100.974824093
59.4 100.86489256
59.2 100.754904515
59 100.644837469
58.8 100.533630246
58.6 100.422560685
58.4 100.311596689
58.2 100.200676406
58 100.089755237
57.8 99.9780218687
57.6 99.8673185762
57.4 99.7566162526
57.2 99.645919663
57 99.535232335
56.8 99.4236074288
56.6 99.3120883586
56.4 99.2005885574
56.2 99.0891032634
56 98.977864498
55.8 98.866494094
55.6 98.75512408
55.4 98.6437589944
55.2 98.5324039712
55 98.421333075
54.8 98.3092126846
54.6 98.197122854
54.4 98.085061568
54.2 97.9732869613
54 97.862358466
53.8 97.7502897292
53.6 97.6382230222
53.4 97.5261648964
53.2 97.4144808914
53 97.302925825
52.8 97.1901853082
52.6 97.0774981854
52.4 96.9651621541
52.2 96.8535483004
52 96.741949886
51.8 96.6291431364
51.6 96.5163459406
51.4 96.404043204
51.2 96.2918616888
51 96.179722488
50.8 96.066323912
50.6 95.9533998613
50.4 95.8410628556
50.2 95.7287364602
50 95.616451085
49.8 95.5028955414
49.6 95.3899677236
49.4 95.2771139296
49.2 95.1643194496
49 95.05155316
48.8 94.9379678462
48.6 94.8248527378
48.4 94.7117485018
48.2 94.5986652129
48 94.48576891
47.8 94.3721337428
47.6 94.2585700272
47.4 94.1450756132
47.2 94.0316366829
47 93.918795705
46.8 93.8047918082
46.6 93.6908785522
46.4 93.5769786107
46.2 93.463382217
46 93.350493401
45.8 93.2361226738
45.6 93.1218878982
45.4 93.007744829
45.2 92.894306138
45 92.780935302
44.8 92.6661340028
44.6 92.5513744843
44.4 92.437160661
44.2 92.3234375654
44 92.209871203
43.8 92.0947640478
43.6 91.979910873
43.4 91.86567059
43.2 91.7514594318
43 91.637311399
42.8 91.5216763701
42.6 91.4068915822
42.4 91.2923892378
42.2 91.1780032454
42 91.063722163
41.8 90.9481041545
41.6 90.832939425
41.4 90.7178401054
41.2 90.6027883468
41 90.48793488
40.8 90.3725268704
40.6 90.2571885046
40.4 90.1419806418
40.2 90.0268973654
40 89.912216492
39.8 89.79603162
39.6 89.6799844924
39.4 89.5640051884
39.2 89.4486407268
39 89.334102362
38.8 89.217858666
38.6 89.1017163574
38.4 88.9857973551
38.2 88.8704016862
38 88.755026519
37.8 88.6379721758
37.6 88.5210219057
37.4 88.4052024898
37.2 88.2897365092
37 88.174447894
36.8 88.057359362
36.6 87.9405589324
36.4 87.824119453
36.2 87.707820451
36 87.591543019
35.8 87.4738895625
35.6 87.3573692156
35.4 87.241007054
35.2 87.1248572054
35 87.008892983
34.8 86.8911487925
34.6 86.7736001196
34.4 86.656237632
34.2 86.5389959642
34 86.422778301
33.8 86.3053699482
33.6 86.1879760026
33.4 86.0708267988
33.2 85.9540389598
33 85.837429851
32.8 85.7188751878
32.6 85.6005418598
32.4 85.4825792004
32.2 85.3659406008
32 85.249462008
31.8 85.1310422656
31.6 85.0126305155
31.4 84.8948644868
31.2 84.7774131176
31 84.659997344
30.8 84.540628004
30.6 84.4223058779
30.4 84.3046123832
30.2 84.1871228158
30 84.069882363
29.8 83.9505445969
29.6 83.8316566346
29.4 83.713078603
29.2 83.5947573249
29 83.476760888
28.8 83.3577355192
28.6 83.2388587236
28.4 83.12020036
28.2 83.0018062086
28 82.884279087
27.8 82.7642797382
27.6 82.6446475924
27.4 82.5253025545
27.2 82.4070341768
27 82.28918314
26.8 82.1690783976
26.6 82.0491306093
26.4 81.9298614268
26.2 81.811196506
26 81.69283843
25.8 81.5718420028
25.6 81.4517928605
25.4 81.3326505972
25.2 81.2136939522
25 81.095127225
24.8 80.9741048253
24.6 80.8539042022
24.4 80.7340815394
24.2 80.6146369923
24 80.495498439
23.8 80.3744729318
23.6 80.2540001332
23.4 80.1337459864
23.2 80.013731455
23 79.895273671
22.8 79.7737018558
22.6 79.6527183118
22.4 79.5321679298
22.2 79.4125198094
22 79.293340907
21.8 79.1713635174
21.6 79.0498182319
21.4 78.9290994352
21.2 78.8091363968
21 78.689863056
20.8 78.5670981824
20.6 78.4455572794
20.4 78.3249351592
20.2 78.2045525376
20 78.084667832
19.8 77.9619798352
19.6 77.8403100042
19.4 77.7191360262
19.2 77.5985230391
19 77.478533866
18.8 77.3554916388
18.6 77.2332150758
18.4 77.111345583
18.2 76.9899252638
18 76.870340213
17.8 76.7471410962
17.6 76.624397302
17.4 76.5023049164
17.2 76.3815947738
17 76.261102393
16.8 76.1371236474
16.6 76.0136861797
16.4 75.8916730184
16.2 75.7703444062
16 75.649791867
15.8 75.5250325211
15.6 75.4014525362
15.4 75.2787636874
15.2 75.15668872
15 75.034813792
14.8 74.9102685986
14.6 74.7862483264
14.4 74.6629653456
14.2 74.540568329
14 74.419085346
13.8 74.2940407556
13.6 74.1698158798
13.4 74.0463278909
13.2 73.9241380606
13 73.802857727
12.8 73.6777116958
12.6 73.55259425
12.4 73.4290991474
12.2 73.3070537806
12 73.185103059
11.8 73.0577333214
11.6 72.9316790527
11.4 72.8068141314
11.2 72.6827429536
11 72.55969274
10.8 72.430584183
10.6 72.3026974082
10.4 72.1758945642
10.2 72.0499774279
10 71.925090358
9.8 71.7946311804
9.6 71.664940232
9.4 71.5359430375
9.2 71.4089307902
9 71.283433095
8.8 71.1501892358
8.6 71.0186615749
8.4 70.8890861388
8.2 70.760238749
8 70.632710785
7.8 70.497976432
7.6 70.3649167138
7.4 70.2330613614
7.2 70.1025077581
7 69.973262666
6.8 69.8364530324
6.6 69.7015898588
6.4 69.5676739323
6.2 69.4352579804
6 69.305060446
5.8 69.1661455508
5.6 69.02812272
5.4 68.8933813306
5.2 68.7602983776
5 68.627460212
4.8 68.4871270058
4.6 68.3482657388
4.4 68.2108554152
4.2 68.07540123
4 67.942073945
3.8 67.7989192258
3.6 67.658129877
3.4 67.5192479928
3.2 67.382296979
3 67.246941447
2.8 67.1012023214
2.6 66.9573366636
2.4 66.8166623952
2.2 66.6783635858
2 66.542478085
1.8 66.3913416534
1.6 66.2460514604
1.4 66.102942311
1.2 65.9620273902
1 65.825760767
0.8 65.6637059302
0.6 65.5037345603
0.4 65.355168347
0.2 65.2103967486
0 65.066165119
