200 147.758663937
199.8 147.686571368
199.6 147.614441615
199.4 147.542189364
199.2 147.469799855
199 147.397351213
198.8 147.324802877
198.6 147.252228886
198.4 147.179622042
198.2 147.106990892
198 147.034359723
197.8 146.961511217
197.6 146.888856094
197.4 146.816175655
197.2 146.743480181
197 146.670756519
196.8 146.597680867
196.6 146.524598017
196.4 146.45140232
196.2 146.378083363
196 146.30472596
195.8 146.231221142
195.6 146.157597351
195.4 146.083827793
195.2 146.009947364
195 145.936648637
194.8 145.863087505
194.6 145.789492211
194.4 145.715810052
194.2 145.642021811
194 145.568141758
193.8 145.494077359
193.6 145.419996601
193.4 145.345793507
193.2 145.271477294
193 145.197127938
192.8 145.122582531
192.6 145.047857898
192.4 144.973262447
192.2 144.899017725
192 144.824704811
191.8 144.750081453
191.6 144.675425541
191.4 144.600658178
191.2 144.525769381
191 144.450849988
190.8 144.375732191
190.6 144.300546602
190.4 144.225263724
190.2 144.149893785
190 144.074486732
189.8 143.998796112
189.6 143.923708768
189.4 143.848561335
189.2 143.773352402
189 143.698066384
188.8 143.622496396
188.6 143.54691509
188.4 143.471241702
188.2 143.395476511
188 143.319672659
187.8 143.243529525
187.6 143.167252469
187.4 143.090823614
187.2 143.014279261
187 142.938279901
186.8 142.862284751
186.6 142.78622945
186.4 142.710033655
186.2 142.633659708
186 142.557112634
185.8 142.480531709
185.6 142.403950963
185.4 142.327255673
185.2 142.250454176
185 142.173611999
184.8 142.096400929
184.6 142.019163942
184.4 141.942424364
184.2 141.865786025
184 141.789001331
183.8 141.711773774
183.6 141.634488022
183.4 141.557157407
183.2 141.479837273
183 141.402618863
182.8 141.325129373
182.6 141.247503418
182.4 141.16970594
182.2 141.091769135
182 141.013792455
181.8 140.936210378
181.6 140.858732167
181.4 140.78116366
181.2 140.703453302
181 140.625569344
180.8 140.547340322
180.6 140.4691443
180.4 140.391021971
180.2 140.312880314
180 140.234731257
179.8 140.156119859
179.6 140.077401137
179.4 139.998626096
179.2 139.920387965
179 139.842090398
178.8 139.763494068
178.6 139.684813464
178.4 139.606093383
178.2 139.52735381
178 139.448709112
177.8 139.369714245
177.6 139.290654215
177.4 139.211508658
177.2 139.132283568
177 139.053011298
176.8 138.973691425
176.6 138.894605313
176.4 138.815437624
176.2 138.736195606
176 138.656852335
175.8 138.577245921
175.6 138.497614452
175.4 138.418036333
175.2 138.338358987
175 138.258613169
174.8 138.178582919
174.6 138.098449153
174.4 138.018245303
174.2 137.938541878
174 137.858953744
173.8 137.779027718
173.6 137.699040985
173.4 137.618974477
173.2 137.538811875
173 137.458636869
172.8 137.378345047
172.6 137.29797056
172.4 137.217504737
172.2 137.136965382
172 137.056396782
171.8 136.975672192
171.6 136.895249416
171.4 136.814771238
171.2 136.734230351
171 136.653588533
170.8 136.572476077
170.6 136.49132087
170.4 136.410364697
170.2 136.329405439
170 136.248436928
169.8 136.16714108
169.6 136.085632926
169.4 136.003996317
169.2 135.922901162
169 135.841831148
168.8 135.760578763
168.6 135.67926898
168.4 135.597889936
168.2 135.516427924
168 135.43505349
167.8 135.35344222
167.6 135.271682924
167.4 135.189776701
167.2 135.107741505
167 135.025612146
166.8 134.943726215
166.6 134.862060824
166.4 134.780334756
166.2 134.698482591
166 134.61644581
165.8 134.534018141
165.6 134.451716442
165.4 134.369512932
165.2 134.287303388
165 134.205098033
164.8 134.122409892
164.6 134.039608974
164.4 133.957050423
164.2 133.874745711
164 133.792433605
163.8 133.709794614
163.6 133.627024919
163.4 133.544171116
163.2 133.461369617
163 133.378618419
162.8 133.295608818
162.6 133.212516033
162.4 133.129347098
162.2 133.046123448
162 132.963145692
161.8 132.880226544
161.6 132.797126877
161.4 132.713945776
161.2 132.630700618
161 132.547327071
160.8 132.463814267
160.6 132.380425936
160.4 132.296972513
160.2 132.213447278
160 132.12984392
159.8 132.045935554
159.6 131.962200082
159.4 131.878710048
159.2 131.795129961
159 131.711393148
158.8 131.627390534
158.6 131.543335491
158.4 131.459361754
158.2 131.375459257
158 131.291450784
157.8 131.207153663
157.6 131.122767538
157.4 131.038321058
157.2 130.954171339
157 130.870254457
156.8 130.785914707
156.6 130.701567554
156.4 130.61720255
156.2 130.532783331
156 130.44844069
155.8 130.363895229
155.6 130.279225397
155.4 130.194425773
155.2 130.109501558
155 130.024468571
154.8 129.939598791
154.6 129.854933188
154.4 129.770246896
154.2 129.685499955
154 129.600661397
153.8 129.515281967
153.6 129.430161634
153.4 129.345051715
153.2 129.259877735
153 129.174634367
152.8 129.089271551
152.6 129.003792565
152.4 128.918772125
152.2 128.833720058
152 128.748518676
151.8 128.662802262
151.6 128.577026963
151.4 128.491271478
151.2 128.405897141
151 128.320551008
150.8 128.234704154
150.6 128.148762476
150.4 128.06275498
150.2 127.976847182
150 127.891300634
149.8 127.805469612
149.6 127.71944986
149.4 127.633355808
149.2 127.547208437
149 127.461132545
148.8 127.374993352
148.6 127.288794857
148.4 127.202539199
148.2 127.116229403
148 127.029869378
147.8 126.943664199
147.6 126.857368991
147.4 126.770981073
147.2 126.68454495
147 126.597998768
146.8 126.511074681
146.6 126.424574556
146.4 126.338087405
146.2 126.251527089
146 126.164885551
145.8 126.077931553
145.6 125.990919773
145.4 125.904276365
145.2 125.817600262
145 125.730870426
144.8 125.643726861
144.6 125.556538487
144.4 125.46945126
144.2 125.382509429
144 125.295326531
143.8 125.20800575
143.6 125.120595741
143.4 125.033126916
143.2 124.945943686
143 124.858925998
142.8 124.771396888
142.6 124.683901036
142.4 124.596401012
142.2 124.508849317
142 124.421627589
141.8 124.334124138
141.6 124.246473027
141.4 124.158699995
141.2 124.070815144
141 123.982911149
140.8 123.895109697
140.6 123.807325059
140.4 123.719540608
140.2 123.631716126
140 123.543787807
139.8 123.455556164
139.6 123.367562547
139.4 123.279517564
139.2 123.19141702
139 123.10326919
138.8 123.014946424
138.6 122.926877756
138.4 122.838839693
138.2 122.750732279
138 122.662445545
137.8 122.573639941
137.6 122.484889009
137.4 122.396598343
137.2 122.308325213
137 122.220093101
136.8 122.131341332
136.6 122.042492146
136.4 121.953808134
136.2 121.865287376
136 121.776714474
135.8 121.687683779
135.6 121.598601121
135.4 121.509494011
135.2 121.42087597
135 121.332234725
134.8 121.24318864
134.6 121.154095858
134.4 121.064953099
134.2 120.975874711
134 120.887058884
133.8 120.797792035
133.6 120.708454108
133.4 120.61907705
133.2 120.529659696
133 120.440583553
132.8 120.351303082
132.6 120.261981589
132.4 120.172617698
132.2 120.083205936
132 119.993762884
131.8 119.904267884
131.6 119.814689112
131.4 119.725054279
131.2 119.635337996
131 119.545461774
130.8 119.455330108
130.6 119.365523699
130.4 119.275749364
130.2 119.18600778
130 119.096285194
129.8 119.006205338
129.6 118.916337811
129.4 118.826447988
129.2 118.736521268
129 118.64652735
128.8 118.555874288
128.6 118.465436401
128.4 118.375423187
128.2 118.285370171
128 118.195257664
127.8 118.104906964
127.6 118.014518981
127.4 117.924328358
127.2 117.834137368
127 117.743907511
126.8 117.652998531
126.6 117.562038481
126.4 117.471287435
126.2 117.381013495
126 117.290680319
125.8 117.200094801
125.6 117.109392589
125.4 117.018550172
125.2 116.927789343
125 116.837057009
124.8 116.745956043
124.6 116.654886252
124.4 116.563826841
124.2 116.472978745
124 116.382613569
123.8 116.291576701
123.6 116.200518751
123.4 116.109416437
123.2 116.018263796
123 115.927283347
122.8 115.83589623
122.6 115.744442147
122.4 115.652943707
122.2 115.56140903
122 115.470094729
121.8 115.378811846
121.6 115.287513363
121.4 115.196188032
121.2 115.104824096
121 115.013409287
120.8 114.921726009
120.6 114.830018208
120.4 114.738266376
120.2 114.646470648
120 114.554619104
119.8 114.462405903
119.6 114.370676252
119.4 114.278922141
119.2 114.187136001
119 114.095306963
118.8 114.003181886
118.6 113.911229371
118.4 113.819240549
118.2 113.727190745
118 113.635057747
117.8 113.542432177
117.6 113.450268803
117.4 113.358493884
117.2 113.266691584
117 113.174856931
116.8 113.082277495
116.6 112.989714792
116.4 112.897243047
116.2 112.804722643
116 112.712184668
115.8 112.619282675
115.6 112.526343027
115.4 112.434052986
115.2 112.342007029
115 112.249926805
114.8 112.157101035
114.6 112.064275784
114.4 111.971446677
114.2 111.878659168
114 111.785867497
113.8 111.692502889
113.6 111.599095768
113.4 111.505657983
113.2 111.413114929
113 111.320606261
112.8 111.227542597
112.6 111.134466988
112.4 111.041354502
112.2 110.948262362
112 110.855203509
111.8 110.761677766
111.6 110.66803658
111.4 110.574292624
111.2 110.480723005
111 110.388067529
110.8 110.294839761
110.6 110.201582354
110.4 110.108213591
110.2 110.014719355
110 109.921183206
109.8 109.827283318
109.6 109.733337748
109.4 109.639360124
109.2 109.545347789
109 109.451822303
108.8 109.358252291
108.6 109.264674282
108.4 109.171072209
108.2 109.077439905
108 108.983787227
107.8 108.889609871
107.6 108.795384997
107.4 108.701124078
107.2 108.606829053
107 108.512492329
106.8 108.418518343
106.6 108.324683347
106.4 108.230832204
106.2 108.136957824
106 108.043055952
105.8 107.948356371
105.6 107.853647691
105.4 107.758907819
105.2 107.664142937
105 107.569383472
104.8 107.474492151
104.6 107.380397044
104.4 107.286275047
104.2 107.192115021
104 107.097916961
103.8 107.002919034
103.6 106.907943528
103.4 106.812947917
103.2 106.71792689
103 106.622881562
102.8 106.52721799
102.6 106.432319636
102.4 106.337704727
102.2 106.243056351
102 106.148371488
101.8 106.053066117
101.6 105.957783255
101.4 105.862512556
101.2 105.767212898
101 105.671908528
100.8 105.575965053
100.6 105.480253539
100.4 105.385389057
100.2 105.290438593
100 105.195388019
99.8 105.099765265
99.6 105.004116024
99.4 104.908569901
99.2 104.813008749
99 104.71742171
98.8 104.621209967
98.6 104.524972922
98.4 104.429517408
98.2 104.334284204
98 104.238934308
97.8 104.143002826
97.6 104.047045155
97.4 103.951157293
97.2 103.85533835
97 103.759499595
96.8 103.662992201
96.6 103.56646545
96.4 103.470231368
96.2 103.374658578
96 103.279068232
95.8 103.182586909
95.6 103.086085397
95.4 102.989585263
95.2 102.893256643
95 102.796928033
94.8 102.700111982
94.6 102.603290987
94.4 102.506462133
94.2 102.410497567
94 102.314568236
93.8 102.217751232
93.6 102.120910347
93.4 102.024051354
93.2 101.927368146
93 101.83073473
92.8 101.733411765
92.6 101.636082434
92.4 101.538747336
92.2 101.441945207
92 101.345481619
91.8 101.248517987
91.6 101.151528865
91.4 101.054514856
91.2 100.957614356
91 100.86088042
90.8 100.763242445
90.6 100.665598166
90.4 100.567947673
90.2 100.470545355
90 100.373714745
89.8 100.276159572
89.6 100.17858566
89.4 100.080992883
89.2 99.9834346953
89 99.886126824
88.8 99.7879584808
88.6 99.6898511528
88.4 99.5918111024
88.2 99.4938674846
88 99.396674536
87.8 99.2987523008
87.6 99.2007787764
87.4 99.1027836916
87.2 99.0047815805
87 98.907155454
86.8 98.8087931516
86.6 98.7104223016
86.4 98.612052238
86.2 98.5136774043
86 98.415958509
85.8 98.3175888386
85.6 98.2191903172
85.4 98.1207690956
85.2 98.0223277923
85 97.924216025
84.8 97.8254504426
84.6 97.7266873952
84.4 97.6279284952
84.2 97.5291645979
84 97.430908866
83.8 97.3320936692
83.6 97.2332573236
83.4 97.134398556
83.2 97.0355198692
83 96.936957233
82.8 96.8378092754
82.6 96.738653678
82.4 96.6394975248
82.2 96.5403408171
82 96.441599902
81.8 96.3423344604
81.6 96.2430461288
81.4 96.1437432112
81.2 96.0444286203
81 95.945412993
80.8 95.845841765
80.6 95.7462752938
80.4 95.6467052222
80.2 95.5471218758
80 95.447870631
79.8 95.3481348198
79.6 95.2483882368
79.4 95.1486243844
79.2 95.0488444928
79 94.94938099
78.8 94.8493913524
78.6 94.7494029286
78.4 94.649413723
78.2 94.5494209277
78 94.449736081
77.8 94.3495225234
77.6 94.2492898822
77.4 94.149038929
77.2 94.0487831958
77 93.948899928
76.8 93.8484402424
76.6 93.747998315
76.4 93.6475730182
76.2 93.5471576099
76 93.447044529
75.8 93.3463221506
75.6 93.2455774072
75.4 93.1448183956
75.2 93.0440597471
75 92.943746109
74.8 92.842853133
74.6 92.7419713974
74.4 92.641112977
74.2 92.5402708091
74 92.43973292
73.8 92.338509812
73.6 92.2372676846
73.4 92.1360142526
73.2 92.0347607179
73 91.934050314
72.8 91.8326944452
72.6 91.7313417732
72.4 91.6300124884
72.2 91.5287020021
72 91.427722357
71.8 91.3259450362
71.6 91.2241756678
71.4 91.1224088134
71.2 91.0206429933
71 90.919578567
70.8 90.8177606966
70.6 90.7159561396
70.4 90.6141745988
70.2 90.5124090623
70 90.411003359
69.8 90.3086826934
69.6 90.206361246
69.4 90.1040355028
69.2 90.0017135319
69 89.90035148
68.8 89.7980413584
68.6 89.6957461594
68.4 89.5934821246
68.2 89.4912764913
68 89.389410362
67.8 89.2865155428
67.6 89.1836493076
67.4 89.0807853044
67.2 88.9781380229
67 88.87630482
66.8 88.7734683424
66.6 88.6706571224
66.4 88.5678800545
66.2 88.4652375808
66 88.362804204
65.8 88.2593500432
65.6 88.155917573
65.4 88.0524884207
65.2 87.9495878548
65 87.847266182
64.8 87.7439230172
64.6 87.640597814
64.4 87.5373140326
64.2 87.434243843
64 87.331265643
63.8 87.227225199
63.6 87.123214161
63.4 87.0192187709
63.2 86.9161406574
63 86.813291475
62.8 86.7093991134
62.6 86.6055248022
62.4 86.5017146177
62.2 86.3981833548
62 86.294628158
61.8 86.1899879964
61.6 86.085366601
61.4 85.9809833722
61.2 85.8775932516
61 85.774241462
60.8 85.6698169972
60.6 85.5654190062
60.4 85.4611479782
60.2 85.35702838
60 85.252877012
59.8 85.1476319344
59.6 85.0424189987
59.4 84.9379623222
59.2 84.8340351288
59 84.7301673
58.8 84.6251718104
58.6 84.5201819528
58.4 84.4153923962
58.2 84.3106966374
58 84.205970407
57.8 84.1000810862
57.6 83.9942962235
57.4 83.8897710482
57.2 83.7853066504
57 83.680923432
56.8 83.5753243864
56.6 83.4697536361
56.4 83.3643763992
56.2 83.2590976122
56 83.153817117
55.8 83.0473637698
55.6 82.9416457666
55.4 82.836540459
55.2 82.7314925254
55 82.626498491
54.8 82.5202472088
54.6 82.4141618688
54.4 82.3082113832
54.2 82.2023523928
54 82.096495092
53.8 81.9895724778
53.6 81.883787425
53.4 81.7780547534
53.2 81.6723963622
53 81.566803515
52.8 81.4599473715
52.6 81.3533011374
52.4 81.2467694014
52.2 81.1403308454
52 81.033900291
51.8 80.9270666058
51.6 80.8206378132
51.4 80.7142694176
51.2 80.6079816818
51 80.501775861
50.8 80.3944606621
50.6 80.2872400464
50.4 80.180126518
50.2 80.0730960772
50 79.966445129
49.8 79.8592900594
49.6 79.752173799
49.4 79.6451342642
49.2 79.5381895439
49 79.431586258
48.8 79.323670386
48.6 79.215883112
48.4 79.108221638
48.2 79.0006481324
48 78.894137748
47.8 78.7862656968
47.6 78.6784556808
47.4 78.5707330314
47.2 78.463286904
47 78.356278196
46.8 78.2477460416
46.6 78.1393797278
46.4 78.0311415075
46.2 77.9236691116
46 77.816527322
45.8 77.7079510124
45.6 77.59944638
45.4 77.491066184
45.2 77.3833479166
45 77.275779635
44.8 77.166630107
44.6 77.0576847848
44.4 76.9492724015
44.2 76.841410971
44 76.733650923
43.8 76.6243605854
43.6 76.5151532019
43.4 76.406592371
43.2 76.2982704106
43 76.190132409
42.8 76.0803031026
42.6 75.9709677426
42.4 75.862386157
42.2 75.753864545
42 75.645506829
41.8 75.5355482754
41.6 75.4261067925
41.4 75.3170346532
41.2 75.2081511978
41 75.099444509
40.8 74.9890266545
40.6 74.879681797
40.4 74.7704231082
40.2 74.6612426104
40 74.55231896
39.8 74.4420329933
39.6 74.3322467778
39.4 74.2226380886
39.2 74.1132194278
39 74.003988147
38.8 73.8935890259
38.6 73.7835321248
38.4 73.6735795856
38.2 73.5637394087
38 73.454634331
37.8 73.3440757558
37.6 73.2337397812
37.4 73.1236316084
37.2 73.013720924
37 72.904481374
36.8 72.7934801268
36.6 72.6827533364
36.4 72.5721422426
36.2 72.462011607
36 72.352861151
35.8 72.2416980478
35.6 72.1308023694
35.4 72.0201607842
35.2 71.910211039
35 71.800486103
34.8 71.6888657358
34.6 71.5774854718
34.4 71.4665392724
34.2 71.3564932946
34 71.246819437
33.8 71.1350661394
33.6 71.0235908683
33.4 70.912852857
33.2 70.8024235366
33 70.692147851
32.8 70.579981351
32.6 70.4682819133
32.4 70.357535467
32.2 70.2470646684
32 70.136926562
31.8 70.0245782558
31.6 69.9129556826
31.4 69.8017502786
31.2 69.690792048
31 69.579983056
30.8 69.4675767093
30.6 69.3561154188
30.4 69.2449296296
30.2 69.1340923246
30 69.023566335
29.8 68.9110016632
29.6 68.7989120754
29.4 68.6871630314
29.2 68.5756627859
29 68.464701831
28.8 68.3526798006
28.6 68.2407479106
28.4 68.1292117478
28.2 68.0181117123
28 67.907499075
27.8 67.7945844174
27.6 67.6820575896
27.4 67.5698667857
27.2 67.4584042348
27 67.347908258
26.8 67.2354198932
26.6 67.122966236
26.4 67.0110090059
26.2 66.9000349674
26 66.789075181
25.8 66.6758936498
25.6 66.5631514194
25.4 66.4512010155
25.2 66.3401618364
25 66.229509234
24.8 66.1165531636
24.6 66.0036221058
24.4 65.8918472408
24.2 65.7806148354
24 65.669431657
23.8 65.556000465
23.6 65.4435232796
23.4 65.3319592358
23.2 65.220796007
23 65.110123247
22.8 64.9967093776
22.6 64.8840887414
22.4 64.7721087218
22.2 64.660701418
22 64.549423218
21.8 64.4363090632
21.6 64.324094272
21.4 64.2123077572
21.2 64.1010629095
21 63.990541125
20.8 63.877276485
20.6 63.7646479728
20.4 63.6526917876
20.2 63.5412465479
20 63.430616193
19.8 63.3176421866
19.6 63.2051786182
19.4 63.0932100354
19.2 62.981987217
19 62.872328758
18.8 62.7589485404
18.6 62.6464882668
18.4 62.5347218956
18.2 62.4240176766
18 62.314006835
17.8 62.2008604582
17.6 62.0883202074
17.4 61.9764399772
17.2 61.866050148
17 61.756702036
16.8 61.6431174456
16.6 61.5308620756
16.4 61.4199402924
16.2 61.3096731664
16 61.200264692
15.8 61.0872659448
15.6 60.9750065994
15.4 60.8639801428
15.2 60.753841579
15 60.644954503
14.8 60.5304174782
14.6 60.4185116332
14.4 60.3075412928
14.2 60.1970217946
14 60.087764025
13.8 59.9732306517
13.6 59.8599077958
13.4 59.7474989326
13.2 59.636144346
13 59.525826782
12.8 59.4096789636
12.6 59.295481342
12.4 59.1821511804
12.2 59.0695191419
12 58.958569724
11.8 58.8422155056
11.6 58.7265821158
11.4 58.6122684538
11.2 58.4992564914
11 58.387625016
10.8 58.2697505072
10.6 58.1533547044
10.4 58.0379938587
10.2 57.9239605336
10 57.811169744
9.8 57.6924826144
9.6 57.573829746
9.4 57.4576166591
9.2 57.3443161902
9 57.230931371
8.8 57.1111697854
8.6 56.9928904337
8.4 56.8761661382
8.2 56.760580772
8 56.646644384
7.8 56.5252931031
7.6 56.4056483218
7.4 56.2879970786
7.2 56.1722183584
7 56.057622492
6.8 55.9341996567
6.6 55.814525056
6.4 55.695862654
6.2 55.5783936067
6 55.464896914
5.8 55.3411627284
5.6 55.2195175526
5.4 55.100296843
5.2 54.9832858723
5 54.868120834
4.8 54.7429728596
4.6 54.6209350584
4.4 54.5008550048
4.2 54.3824252276
4 54.266076818
3.8 54.1383684188
3.6 54.0107700921
3.4 53.8905336772
3.2 53.7739648164
3 53.657843918
2.8 53.5255279416
2.6 53.398387263
2.4 53.273936793
2.2 53.1525046524
2 53.036636442
1.8 52.8924294305
1.6 52.754213518
1.4 52.6219572608
1.2 52.4944753703
1 52.370634988
0.8 52.1809119136
0.6 51.9990445937
0.4 51.8215072868
0.2 51.6514662199
0 51.490525039
