200 172.56743744
199.8 172.506949636
199.6 172.446260705
199.4 172.38544015
199.2 172.324507329
199 172.263361201
198.8 172.202085731
198.6 172.140620744
198.4 172.079069722
198.2 172.017443702
198 171.955879569
197.8 171.894502306
197.6 171.832979166
197.4 171.771274185
197.2 171.709345704
197 171.647146374
196.8 171.585066468
196.6 171.52282113
196.4 171.460559594
196.2 171.398264974
196 171.335864812
195.8 171.273398786
195.6 171.210622752
195.4 171.147700131
195.2 171.084677357
195 171.021483868
194.8 170.958411157
194.6 170.895372053
194.4 170.832226762
194.2 170.768929207
194 170.705402315
193.8 170.642187417
193.6 170.578634542
193.4 170.514794175
193.2 170.450841645
193 170.386867091
192.8 170.322924754
192.6 170.258729511
192.4 170.19439919
192.2 170.129944378
192 170.065268427
191.8 170.000717096
191.6 169.936475833
191.4 169.872106709
191.2 169.807519621
191 169.742594928
190.8 169.677708858
190.6 169.612615454
190.4 169.547311073
190.2 169.481886645
190 169.416513763
189.8 169.351168947
189.6 169.285568494
189.4 169.219819236
189.2 169.153935247
189 169.087837845
188.8 169.021658784
188.6 168.955724468
188.4 168.889839333
188.2 168.823792845
188 168.757503957
187.8 168.691270799
187.6 168.624842644
187.4 168.558199585
187.2 168.491402202
187 168.424642809
186.8 168.357891787
186.6 168.290909028
186.4 168.223762947
186.2 168.156471383
186 168.089001596
185.8 168.02120415
185.6 167.953629769
185.4 167.886118584
185.2 167.818509799
185 167.750757664
184.8 167.683122867
184.6 167.615294665
184.4 167.547242055
184.2 167.479037864
184 167.410842918
183.8 167.342581288
183.6 167.273991191
183.4 167.205180007
183.2 167.13622213
183 167.067158967
182.8 166.998080917
182.6 166.929457675
182.4 166.860737688
182.2 166.791861111
182 166.722765416
181.8 166.653687566
181.6 166.584381604
181.4 166.514774589
181.2 166.444924542
181 166.375039488
180.8 166.305321664
180.6 166.235388565
180.4 166.165306383
180.2 166.095066398
180 166.024584979
179.8 165.954171387
179.6 165.883877906
179.4 165.813503981
179.2 165.743029815
179 165.672443122
178.8 165.601966089
178.6 165.531243301
178.4 165.460191945
178.2 165.388882187
178 165.317510411
177.8 165.246190986
177.6 165.174758899
177.4 165.103237462
177.2 165.03159293
177 164.959969837
176.8 164.888305155
176.6 164.816580287
176.4 164.744758359
176.2 164.672827202
176 164.600799352
175.8 164.528694612
175.6 164.456403149
175.4 164.383874016
175.2 164.311154735
175 164.238356352
174.8 164.165496612
174.6 164.092408276
174.4 164.019169248
174.2 163.946298155
174 163.87347962
173.8 163.800451413
173.6 163.727334595
173.4 163.654022259
173.2 163.58050111
173 163.506851465
172.8 163.433463331
172.6 163.359760222
172.4 163.285739875
172.2 163.211480504
172 163.137145549
171.8 163.062588126
171.6 162.988027509
171.4 162.913961877
171.2 162.839809668
171 162.765525222
170.8 162.691079259
170.6 162.616535485
170.4 162.541749643
170.2 162.46671148
170 162.391602911
169.8 162.31638052
169.6 162.240906149
169.4 162.165165675
169.2 162.089228618
169 162.013248146
168.8 161.937769602
168.6 161.862396768
168.4 161.78688209
168.2 161.711173826
168 161.635289699
167.8 161.559409958
167.6 161.483428283
167.4 161.407108239
167.2 161.330556852
167 161.253961295
166.8 161.177064461
166.6 161.099957359
166.4 161.022668422
166.2 160.945815426
166 160.869126886
165.8 160.792357952
165.6 160.715534175
165.4 160.638502234
165.2 160.561234041
165 160.483816652
164.8 160.406366581
164.6 160.32867358
164.4 160.250640008
164.2 160.172339308
164 160.094016016
163.8 160.015548321
163.6 159.93771639
163.4 159.859905652
163.2 159.781883347
163 159.703631163
162.8 159.625138354
162.6 159.546645814
162.4 159.467951193
162.2 159.389033687
162 159.310106486
161.8 159.230940121
161.6 159.151542711
161.4 159.071908605
161.2 158.992197837
161 158.913261205
160.8 158.834191746
160.6 158.755104405
160.4 158.675741982
160.2 158.596035463
160 158.516104013
159.8 158.436150787
159.6 158.356082737
159.4 158.275837636
159.2 158.195451182
159 158.115069002
158.8 158.034149832
158.6 157.953610154
158.4 157.873296838
158.2 157.79283011
158 157.712207317
157.8 157.631407237
157.6 157.55061819
157.4 157.469607175
157.2 157.388348991
157 157.307102203
156.8 157.225538897
156.6 157.143804771
156.4 157.061894435
156.2 156.98004796
156 156.898764141
155.8 156.817130603
155.6 156.735460108
155.4 156.653571522
155.2 156.571420665
155 156.489092254
154.8 156.406771372
154.6 156.324281839
154.4 156.241534966
154.2 156.158579981
154 156.075604022
153.8 155.992411178
153.6 155.909949243
153.4 155.827360657
153.2 155.744600249
153 155.661649287
152.8 155.578597868
152.6 155.495510656
152.4 155.412062832
152.2 155.328356939
152 155.24461028
151.8 155.160592312
151.6 155.07628631
151.4 154.991867839
151.2 154.908154908
151 154.824363902
150.8 154.740483132
150.6 154.656547171
150.4 154.572371918
150.2 154.487919339
150 154.403299727
149.8 154.318642684
149.6 154.233719427
149.4 154.148503053
149.2 154.06306588
149 153.977809483
148.8 153.893132352
148.6 153.80834302
148.4 153.723320791
148.2 153.637997138
148 153.552355707
147.8 153.46671741
147.6 153.381023167
147.4 153.295165116
147.2 153.209162408
147 153.123110205
146.8 153.03670848
146.6 152.950514153
146.4 152.86451366
146.2 152.778408891
146 152.692165524
145.8 152.605916125
145.6 152.519610813
145.4 152.43295954
145.2 152.345951686
145 152.258770332
144.8 152.171596166
144.6 152.084266066
144.4 151.996863712
144.2 151.910159454
144 151.823250905
143.8 151.735978726
143.6 151.648576254
143.4 151.560932022
143.2 151.473047204
143 151.385035612
142.8 151.297040958
142.6 151.208831054
142.4 151.1204014
142.2 151.0318058
142 150.943698287
141.8 150.855830241
141.6 150.767832553
141.4 150.679623317
141.2 150.591117412
141 150.502226502
140.8 150.413475517
140.6 150.324537849
140.4 150.235367355
140.2 150.145990372
140 150.056502104
139.8 149.967201861
139.6 149.878166418
139.4 149.788965753
139.2 149.699590773
139 149.609967679
138.8 149.520246498
138.6 149.430623374
138.4 149.340818255
138.2 149.250750547
138 149.160516709
137.8 149.070127887
137.6 148.979512774
137.4 148.889247107
137.2 148.798891342
137 148.708402753
136.8 148.617916417
136.6 148.527307925
136.4 148.436650472
136.2 148.345822683
136 148.254771963
135.8 148.163648561
135.6 148.072106439
135.4 147.980471797
135.2 147.889293676
135 147.798011482
134.8 147.706735003
134.6 147.615280908
134.4 147.523609218
134.2 147.431737483
134 147.339537218
133.8 147.247471729
133.6 147.155200488
133.4 147.062775539
133.2 146.970466777
133 146.87853989
132.8 146.786308772
132.6 146.693779177
132.4 146.601077581
132.2 146.508228151
132 146.415456951
131.8 146.322809124
131.6 146.229822337
131.4 146.136528641
131.2 146.042986953
131 145.949695658
130.8 145.856644859
130.6 145.763293087
130.4 145.669771373
130.2 145.576050879
130 145.482007245
129.8 145.388575156
129.6 145.294856918
129.4 145.200831765
129.2 145.106516641
129 145.011966199
128.8 144.918046735
128.6 144.823848611
128.4 144.729466444
128.2 144.634903985
128 144.539995342
127.8 144.445341544
127.6 144.350716346
127.4 144.255878472
127.2 144.160813862
127 144.065528899
126.8 143.970651671
126.6 143.875562012
126.4 143.780268905
126.2 143.684825736
126 143.589026362
125.8 143.49318694
125.6 143.397685565
125.4 143.301985464
125.2 143.206037194
125 143.109810501
124.8 143.013710377
124.6 142.917673631
124.4 142.821556935
124.2 142.725308073
124 142.628730595
123.8 142.532036602
123.6 142.435577145
123.4 142.33906751
123.2 142.242227727
123 142.144963413
122.8 142.048046881
122.6 141.950948258
122.4 141.853946309
122.2 141.756825435
122 141.659377873
121.8 141.561801446
121.6 141.464337941
121.4 141.367029294
121.2 141.269383549
121 141.171255231
120.8 141.073310065
120.6 140.975186473
120.4 140.877328564
120.2 140.779330545
120 140.680959731
119.8 140.582349306
119.6 140.4836247
119.4 140.385348392
119.2 140.28690694
119 140.188213915
118.8 140.089694161
118.6 139.990644302
118.4 139.891609162
118.2 139.792464798
118 139.693141192
117.8 139.593614882
117.6 139.493940249
117.4 139.394834298
117.2 139.295486736
117 139.195776165
116.8 139.096369087
116.6 138.996461972
116.4 138.896525557
116.2 138.796450865
116 138.696210027
115.8 138.595739174
115.6 138.495105286
115.4 138.395126828
115.2 138.294908744
115 138.194310397
114.8 138.093827862
114.6 137.992991882
114.4 137.892176133
114.2 137.791198725
114 137.689983755
113.8 137.588597542
113.6 137.48710037
113.4 137.386131209
113.2 137.284923661
113 137.183335185
112.8 137.081853175
112.6 136.980083497
112.4 136.878303407
112.2 136.776334125
112 136.674144477
111.8 136.571705955
111.6 136.469431543
111.4 136.367585939
111.2 136.265400815
111 136.162757158
110.8 136.060367108
110.6 135.957733383
110.4 135.854995421
110.2 135.752057404
110 135.64888075
109.8 135.545443279
109.6 135.442449879
109.4 135.339670099
109.2 135.236549168
109 135.132982522
108.8 135.029461509
108.6 134.925893343
108.4 134.822204376
108.2 134.718304891
108 134.614120573
107.8 134.50950179
107.6 134.405681444
107.4 134.301799834
107.2 134.197720086
107 134.093432128
106.8 133.989251953
106.6 133.884710489
106.4 133.779805252
106.2 133.674622756
106 133.569261938
105.8 133.463972061
105.6 133.35935066
105.4 133.254495654
105.2 133.14934907
105 133.043928266
104.8 132.938802886
104.6 132.833219555
104.4 132.727257648
104.2 132.621019047
104 132.514613837
103.8 132.408945668
103.6 132.303335327
103.4 132.197465238
103.2 132.091286537
103 131.984865622
102.8 131.878524951
102.6 131.771829396
102.4 131.664833474
102.2 131.557591318
102 131.450655255
101.8 131.344059903
101.6 131.237342852
101.4 131.130313009
101.2 131.022953187
101 130.915492579
100.8 130.80791603
100.6 130.699981988
100.4 130.591776848
100.2 130.483574882
100 130.376360357
99.8 130.268838275
99.6 130.161178094
99.4 130.053070228
99.2 129.944443486
99 129.835694119
98.8 129.726878461
98.6 129.617736548
98.4 129.508357826
98.2 129.400227398
98 129.291936934
97.8 129.183388698
97.6 129.074703884
97.4 128.965474364
97.2 128.855613733
97 128.745712459
96.8 128.635571658
96.6 128.525212042
96.4 128.415908531
96.2 128.306695479
96 128.197073787
95.8 128.08711521
95.6 127.977064945
95.4 127.866574202
95.2 127.755811918
95 127.645001054
94.8 127.533466888
94.6 127.422879685
94.4 127.312524989
94.2 127.201879174
94 127.090935141
93.8 126.979839342
93.6 126.868444073
93.4 126.756737501
93.2 126.644778573
93 126.532810867
92.8 126.421163369
92.6 126.309911567
92.4 126.198351708
92.2 126.086388995
92 125.974072348
91.8 125.861605575
91.6 125.74880414
91.4 125.635640311
91.2 125.522221645
91 125.410117246
90.8 125.297787852
90.6 125.185390782
90.4 125.072611792
90.2 124.959349801
90 124.845847666
89.8 124.732124865
89.6 124.618053609
89.4 124.503706571
89.2 124.390691152
89 124.277390108
88.8 124.16368694
88.6 124.049915924
88.4 123.935639692
88.2 123.82088055
88 123.706037074
87.8 123.590770179
87.6 123.475621061
87.4 123.361533059
87.2 123.247109103
87 123.132233083
86.8 123.016969575
86.6 122.901633585
86.4 122.785997719
86.2 122.670069433
86 122.554057479
85.8 122.438267708
85.6 122.322877329
85.4 122.207176846
85.2 122.091103413
85 121.974626416
84.8 121.858370303
84.6 121.741654009
84.4 121.624468523
84.2 121.506930792
84 121.390710518
83.8 121.274248252
83.6 121.157634753
83.4 121.040637454
83.2 120.923116431
83 120.805260539
82.8 120.687331128
82.6 120.569048631
82.4 120.451167266
82.2 120.333909237
82 120.216212213
81.8 120.097978866
81.6 119.97962193
81.4 119.861024086
81.2 119.74203487
81 119.622795731
80.8 119.50329899
80.6 119.38476242
80.4 119.266001967
80.2 119.146914166
80 119.027314752
79.8 118.907922589
79.6 118.788276813
79.4 118.668215627
79.2 118.547809833
79 118.428053878
78.8 118.308391396
78.6 118.188377452
78.4 118.068025521
78.2 117.947330509
78 117.826203331
77.8 117.705086777
77.6 117.583548105
77.4 117.462184711
77.2 117.341527492
77 117.220490128
76.8 117.099024659
76.6 116.977411573
76.4 116.855722015
76.2 116.733539629
76 116.610888183
75.8 116.488327987
75.6 116.366427174
75.4 116.24426631
75.2 116.121725154
75 115.99844624
74.8 115.875635102
74.6 115.752496171
74.4 115.629023504
74.2 115.50527326
74 115.382491328
73.8 115.259213849
73.6 115.135374951
73.4 115.011260427
73.2 114.88737072
73 114.762975618
72.8 114.638628063
72.6 114.51363011
72.4 114.389206378
72.2 114.264686453
72 114.139664531
71.8 114.014193242
71.6 113.889269855
71.4 113.764062569
71.2 113.638410771
71 113.512347996
70.8 113.387105986
70.6 113.261241013
70.4 113.135099935
70.2 113.008635957
70 112.881890684
69.8 112.755519921
69.6 112.628534842
69.4 112.501122072
69.2 112.37443431
69 112.247397542
68.8 112.119858336
68.6 111.991999446
68.4 111.864899866
68.2 111.737383878
68 111.609270155
67.8 111.481369435
67.6 111.353298704
67.4 111.224936861
67.2 111.096254482
67 110.966959748
66.8 110.838260753
66.6 110.709186697
66.4 110.579733947
66.2 110.450298272
66 110.321188882
65.8 110.19138476
65.6 110.060962764
65.4 109.930923237
65.2 109.801155537
65 109.670718402
64.8 109.540469236
64.6 109.409752559
64.4 109.278767723
64.2 109.147445512
64 109.015534163
63.8 108.88470831
63.6 108.753623754
63.4 108.621969873
63.2 108.489829822
63 108.357999191
62.8 108.225627491
62.6 108.092658114
62.4 107.9598654
62.2 107.827820229
62 107.695146978
61.8 107.562491644
61.6 107.429326325
61.4 107.295793578
61.2 107.161857468
61 107.02743426
60.8 106.893803161
60.6 106.760230839
60.4 106.6261549
60.2 106.491608976
60 106.357246786
59.8 106.222258597
59.6 106.086669737
59.4 105.951396966
59.2 105.816901105
59 105.681768447
58.8 105.546176845
58.6 105.410198277
58.4 105.273798487
58.2 105.136969748
58 104.999740518
57.8 104.863841196
57.6 104.727690393
57.4 104.591007096
57.2 104.453866198
57 104.316661611
56.8 104.17847462
56.6 104.039726265
56.4 103.902139227
56.2 103.764759803
56 103.626766324
55.8 103.488403246
55.6 103.349526763
55.4 103.210114452
55.2 103.070253866
55 102.931086414
54.8 102.792164765
54.6 102.653043789
54.4 102.513395317
54.2 102.373050577
54 102.232530415
53.8 102.091003645
53.6 101.949958076
53.4 101.810080761
53.2 101.669694507
53 101.528731525
52.8 101.387263836
52.6 101.245106327
52.4 101.102380355
52.2 100.959920494
52 100.818945795
51.8 100.676997953
51.6 100.534925321
51.4 100.391892491
51.2 100.248176133
51 100.10431385
50.8 99.9597411107
50.6 99.816902849
50.4 99.673619127
50.2 99.5297770652
50 99.385352157
49.8 99.2400493426
49.6 99.0940304816
49.4 98.9486253453
49.2 98.8047683716
49 98.66033119
48.8 98.5149685941
48.6 98.3688581944
48.4 98.2220179708
48.2 98.0746091642
48 97.928531155
47.8 97.7824912038
47.6 97.6363670228
47.4 97.4895881451
47.2 97.3415461898
47 97.193455637
46.8 97.0440848946
46.6 96.8964301401
46.4 96.7491218326
46.2 96.6011893935
46 96.452534176
45.8 96.3030353856
45.6 96.1528411568
45.4 96.0020824067
45.2 95.853780681
45 95.704960465
44.8 95.554901433
44.6 95.4044702688
44.4 95.253280249
44.2 95.1014686142
44 94.950374532
43.8 94.7996820304
43.6 94.6487271488
43.4 94.4971962233
43.2 94.3447405102
43 94.192042619
42.8 94.0381578973
42.6 93.8857468152
42.4 93.7334678856
42.2 93.5805998966
42 93.427070454
41.8 93.2727868228
41.6 93.117721319
41.4 92.9627641699
41.2 92.8093693794
41 92.655300409
40.8 92.4999083724
40.6 92.3444461808
40.4 92.1882898332
40.2 92.0315076938
40 91.876430161
39.8 91.7203361522
39.6 91.5638206913
39.4 91.406885964
39.2 91.2494629324
39 91.091565818
38.8 90.9334901078
38.6 90.7760301024
38.4 90.6180606334
38.2 90.4596562066
38 90.300891221
37.8 90.1411341786
37.6 89.9807964327
37.4 89.8219119892
37.2 89.6625508484
37 89.50227651
36.8 89.3417424336
36.6 89.1804343702
36.4 89.0184601205
36.2 88.8580013868
36 88.697210878
35.8 88.5346086474
35.6 88.3724258868
35.4 88.2097680332
35.2 88.0464030327
35 87.884165436
34.8 87.7208238424
34.6 87.5567998828
34.4 87.3929254696
34.2 87.2288317804
34 87.064000726
33.8 86.8991456281
33.6 86.7340046938
33.4 86.5684221714
33.2 86.4029536788
33 86.237037838
32.8 86.0700549484
32.6 85.903026154
32.4 85.736228019
32.2 85.5690073013
32 85.40151383
31.8 85.233425358
31.6 85.0643465176
31.4 84.895764935
31.2 84.7273694812
31 84.558060378
30.8 84.388078467
30.6 84.2180119158
30.4 84.0472597535
30.2 83.877154654
30 83.70693019
29.8 83.534267626
29.6 83.3628040432
29.4 83.1910425756
29.2 83.0185355424
29 82.846969396
28.8 82.673200852
28.6 82.4986544702
28.4 82.325767939
28.2 82.152215848
28 81.978039308
27.8 81.8030853712
27.6 81.627074313
27.4 81.4512092242
27.2 81.276485121
27 81.100844085
26.8 80.9238140566
26.6 80.746276623
26.4 80.5682201844
26.2 80.3911693868
26 80.21419999
25.8 80.0351464431
25.6 79.8558747158
25.4 79.6762109698
25.2 79.4961121375
25 79.317774445
24.8 79.1370359954
24.6 78.9557888672
24.4 78.7743822214
24.2 78.592472945
24 78.41125568
23.8 78.228731768
23.6 78.0456811379
23.4 77.8623677968
23.2 77.6786148192
23 77.494362987
22.8 77.310048051
22.6 77.12529279
22.4 76.9400258625
22.2 76.754372084
22 76.568251908
21.8 76.3806572704
21.6 76.194042766
21.4 76.0068112998
21.2 75.819133711
21 75.631096363
20.8 75.4401740883
20.6 75.251641321
20.4 75.0624921937
20.2 74.8726990818
20 74.682612717
19.8 74.4882944609
19.6 74.2976494804
19.4 74.1064132083
19.2 73.914484638
19 73.722274214
18.8 73.5251571605
18.6 73.3317403424
18.4 73.138309674
18.2 72.9441746818
18 72.749605417
17.8 72.5497489022
17.6 72.3533105552
17.4 72.1575105964
17.2 71.9610341746
17 71.763961598
16.8 71.5612421604
16.6 71.361892594
16.4 71.1635820504
16.2 70.9645867189
16 70.764813021
15.8 70.5589745674
15.6 70.3568372576
15.4 70.1557116806
15.2 69.9538737856
15 69.751377702
14.8 69.5421281531
14.6 69.336884945
14.4 69.1321963243
14.2 68.9268651058
14 68.721141905
13.8 68.5083489661
13.6 68.3002300446
13.4 68.0918666443
13.2 67.8830079798
13 67.673947275
12.8 67.4582040232
12.6 67.2461504518
12.4 67.0337111518
12.2 66.8211761474
12 66.608502209
11.8 66.3898882752
11.6 66.1732798692
11.4 65.9564839015
11.2 65.739997548
11 65.52329728
10.8 65.3015485126
10.6 65.0798742932
10.4 64.8586977234
10.2 64.6377210132
10 64.418240473
9.8 64.1912251082
9.6 63.9641253897
9.4 63.7382730424
9.2 63.5121936473
9 63.290113151
8.8 63.0564773104
8.6 62.8243835604
8.4 62.592648824
8.2 62.363264781
8 62.135389537
7.8 61.8954425437
7.6 61.656955105
7.4 61.4197394902
7.2 61.1850401386
7 60.95088857
6.8 60.7043890588
6.6 60.4584564021
6.4 60.2155341568
6.2 59.9729457763
6 59.733911306
5.8 59.4780364599
5.6 59.225315833
5.4 58.9729459053
5.2 58.7248010846
5 58.477029851
4.8 58.2124032598
4.6 57.948541494
4.4 57.6891844382
4.2 57.4308490504
4 57.174686164
3.8 56.8970430815
3.6 56.6234595098
3.4 56.3515926682
3.2 56.0810395826
3 55.815527707
2.8 55.5235249739
2.6 55.2337896852
2.4 54.9457867554
2.2 54.6647096516
2 54.384830885
1.8 54.0683304213
1.6 53.7593887502
1.4 53.4529933638
1.2 53.1479862477
1 52.848138899
0.8 52.5056588172
0.6 52.1582628172
0.4 51.817630498
0.2 51.4829184535
0 51.145914853
