200 157.474308807
199.8 157.400429807
199.6 157.326330251
199.4 157.252070841
199.2 157.177681905
199 157.103163391
198.8 157.028434425
198.6 156.953959733
198.4 156.879589135
198.2 156.805078286
198 156.730362982
197.8 156.65559184
197.6 156.580681992
197.4 156.505591853
197.2 156.430448985
197 156.355263993
196.8 156.279933426
196.6 156.204433906
196.4 156.128819651
196.2 156.053099958
196 155.977417303
195.8 155.90197201
195.6 155.826470265
195.4 155.750845912
195.2 155.675071549
195 155.599158525
194.8 155.523197555
194.6 155.447122921
194.4 155.370885107
194.2 155.29448309
194 155.217970788
193.8 155.141122114
193.6 155.064090067
193.4 154.987065088
193.2 154.910522461
193 154.833872199
192.8 154.757175756
192.6 154.680384898
192.4 154.603419161
192.2 154.526279365
192 154.449102554
191.8 154.371817715
191.6 154.294260714
191.4 154.216473553
191.2 154.13852771
191 154.060524136
190.8 153.982569502
190.6 153.905107412
190.4 153.827548167
190.2 153.749851256
190 153.67198357
189.8 153.593828172
189.6 153.515559064
189.4 153.437110714
189.2 153.35851914
189 153.279895082
188.8 153.201258686
188.6 153.122484702
188.4 153.043601595
188.2 152.964868488
188 152.886269331
187.8 152.807330573
187.6 152.728356588
187.4 152.649294072
187.2 152.570133379
187 152.490917662
186.8 152.41152903
186.6 152.331957683
186.4 152.252199292
186.2 152.17230314
186 152.092372119
185.8 152.012100023
185.6 151.932403905
185.4 151.852724662
185.2 151.772907972
185 151.692923725
184.8 151.612813604
184.6 151.532609644
184.4 151.452213397
184.2 151.371642631
184 151.291014403
183.8 151.210269612
183.6 151.129311442
183.4 151.048178855
183.2 150.967253184
183 150.886722639
182.8 150.805912402
182.6 150.725057757
182.4 150.644036585
182.2 150.562826901
182 150.481512604
181.8 150.400141006
181.6 150.318608779
181.4 150.236894735
181.2 150.155027658
181 150.073086292
180.8 149.99089673
180.6 149.909383044
180.4 149.82771914
180.2 149.745839584
180 149.663753033
179.8 149.581625438
179.6 149.499441583
179.4 149.417003289
179.2 149.334382063
179 149.251706809
178.8 149.168795437
178.6 149.085741532
178.4 149.002581167
178.2 148.920243844
178 148.837815389
177.8 148.755083081
177.6 148.672328359
177.4 148.58938716
177.2 148.506241144
177 148.422993958
176.8 148.33953706
176.6 148.255847186
176.4 148.171908993
176.2 148.087791449
176 148.003647834
175.8 147.920237225
175.6 147.836837149
175.4 147.75324291
175.2 147.669401819
175 147.585372597
174.8 147.501128488
174.6 147.416847989
174.4 147.332454291
174.2 147.247950298
174 147.163413733
173.8 147.078541678
173.6 146.993621288
173.4 146.90946254
173.2 146.825152529
173 146.740632415
172.8 146.655748486
172.6 146.570846283
172.4 146.485830134
172.2 146.400653997
172 146.315446064
171.8 146.22982913
171.6 146.144073981
171.4 146.058173925
171.2 145.972476878
171 145.887401007
170.8 145.801940637
170.6 145.716474736
170.4 145.630830479
170.2 145.544969741
170 145.458956808
169.8 145.372802943
169.6 145.286507851
169.4 145.200020999
169.2 145.113386672
169 145.026743978
168.8 144.940357936
168.6 144.854265413
168.4 144.768037924
168.2 144.681627214
168 144.595076144
167.8 144.508348884
167.6 144.421499181
167.4 144.334427081
167.2 144.247158992
167 144.159883022
166.8 144.072247004
166.6 143.98469753
166.4 143.897869904
166.2 143.810915017
166 143.723829746
165.8 143.636466503
165.6 143.549097305
165.4 143.461334211
165.2 143.373153919
165 143.284973621
164.8 143.19671154
164.6 143.108308858
164.4 143.019795795
164.2 142.932028699
164 142.844388366
163.8 142.756393266
163.6 142.668365783
163.4 142.580149013
163.2 142.49171225
163 142.403151013
162.8 142.314376338
162.6 142.225388271
162.4 142.136152828
162.2 142.046734663
162 141.95777804
161.8 141.869177414
161.6 141.780520338
161.4 141.691694677
161.2 141.602671588
161 141.513505518
160.8 141.424204988
160.6 141.334717407
160.4 141.244939014
160.2 141.154914725
160 141.064838946
159.8 140.974875548
159.6 140.885581522
159.4 140.796168101
159.2 140.706597352
159 140.616872072
158.8 140.526756096
158.6 140.436593673
158.4 140.346230574
158.2 140.255671686
158 140.165081054
157.8 140.074243861
157.6 139.983348843
157.4 139.893128569
157.2 139.802806157
157 139.712325186
156.8 139.621583599
156.6 139.530779989
156.4 139.439821851
156.2 139.348691341
156 139.257475957
155.8 139.16613104
155.6 139.074501854
155.4 138.982881581
155.2 138.891963446
155 138.800914139
154.8 138.709551973
154.6 138.618114758
154.4 138.526504975
154.2 138.4347489
154 138.342918307
153.8 138.251023132
153.6 138.158862865
153.4 138.06648297
153.2 137.97423144
153 137.882631667
152.8 137.790650333
152.6 137.698585963
152.4 137.60636093
152.2 137.5139456
152 137.421475738
151.8 137.328882593
151.6 137.236133236
151.4 137.143219799
151.2 137.050175497
151 136.957441952
150.8 136.864663022
150.6 136.771720904
150.4 136.678656554
150.2 136.585486645
150 136.492221779
149.8 136.399071564
149.6 136.30575881
149.4 136.212263394
149.2 136.118621528
149 136.024925768
148.8 135.931425176
148.6 135.837916845
148.4 135.744251365
148.2 135.650434303
148 135.556415915
147.8 135.462506366
147.6 135.368620872
147.4 135.27455593
147.2 135.180320716
147 135.085987091
146.8 134.991384735
146.6 134.89724683
146.4 134.802968279
146.2 134.708561546
146 134.613951117
145.8 134.519277106
145.6 134.424711749
145.4 134.329935816
145.2 134.234869718
145 134.139625192
144.8 134.044250202
144.6 133.949230425
144.4 133.854522682
144.2 133.759659618
144 133.664514512
143.8 133.568993968
143.6 133.473474961
143.4 133.378088299
143.2 133.282608205
143 133.187025875
142.8 133.091065877
142.6 132.994893947
142.4 132.899302786
142.2 132.803625602
142 132.707771689
141.8 132.611610967
141.6 132.51537693
141.4 132.41932921
141.2 132.323229301
141 132.227036297
140.8 132.130460393
140.6 132.033641493
140.4 131.937177228
140.2 131.84087187
140 131.744385719
139.8 131.647449922
139.6 131.550327998
139.4 131.453296011
139.2 131.356394526
139 131.259386316
138.8 131.162206176
138.6 131.064778567
138.4 130.967469879
138.2 130.87058
138 130.773550928
137.8 130.676193774
137.6 130.578688687
137.4 130.481093309
137.2 130.38348828
137 130.285546899
136.8 130.187520933
136.6 130.089341259
136.4 129.991155946
136.2 129.893632489
136 129.795960367
135.8 129.697952974
135.6 129.599790246
135.4 129.5014961
135.2 129.403273564
135 129.304692149
134.8 129.206021428
134.6 129.107203686
134.4 129.008297719
134.2 128.910021827
134 128.811674014
133.8 128.71287823
133.6 128.613818937
133.4 128.514624701
133.2 128.415691945
133 128.316570267
132.8 128.217511293
132.6 128.118063319
132.4 128.018365706
132.2 127.919105587
132 127.819868818
131.8 127.720413855
131.6 127.62085079
131.4 127.521211317
131.2 127.421675795
131 127.321787447
130.8 127.221809501
130.6 127.12155577
130.4 127.021122111
130.2 126.921148109
130 126.821211323
129.8 126.721070549
129.6 126.620801645
129.4 126.520471147
129.2 126.420295042
129 126.319749057
128.8 126.219111669
128.6 126.118196368
128.4 126.01709596
128.2 125.916450167
128 125.815806046
127.8 125.714826658
127.6 125.613618451
127.4 125.512322002
127.2 125.411452892
127 125.310345724
126.8 125.209134117
126.6 125.107644785
126.4 125.005975534
126.2 124.904743245
126 124.803402349
125.8 124.70173684
125.6 124.599863952
125.4 124.497911268
125.2 124.396297237
125 124.294225886
124.8 124.192033377
124.6 124.089668626
124.4 123.987283507
124.2 123.885360301
124 123.783296347
123.8 123.680722332
123.6 123.577854472
123.4 123.475062879
123.2 123.372725323
123 123.270073935
122.8 123.167476138
122.6 123.064577943
122.4 122.961700495
122.2 122.859025308
122 122.756193057
121.8 122.652781013
121.6 122.549172431
121.4 122.445887483
121.2 122.342844832
121 122.239490032
120.8 122.135968042
120.6 122.032171215
120.4 121.92850163
120.2 121.824846077
120 121.721015215
119.8 121.616839719
119.6 121.512412918
119.4 121.408677417
119.2 121.3048931
119 121.200817406
118.8 121.096553814
118.6 120.992059341
118.4 120.88773806
118.2 120.783295393
118 120.678673923
117.8 120.573640788
117.6 120.468724403
117.4 120.364365051
117.2 120.259830857
117 120.155054271
116.8 120.050017512
116.6 119.944924934
116.4 119.839812892
116.2 119.734549463
116 119.629099905
115.8 119.523164097
115.6 119.417912696
115.4 119.312671593
115.2 119.207150251
115 119.101320177
114.8 118.995247986
114.6 118.889379075
114.4 118.783397463
114.2 118.677294302
114 118.570997119
113.8 118.464581291
113.6 118.358774718
113.4 118.252807599
113.2 118.146639919
113 118.040272236
112.8 117.933655259
112.6 117.826842457
112.4 117.719843593
112.2 117.612687772
112 117.505326718
111.8 117.398736579
111.6 117.292109388
111.4 117.18530494
111.2 117.078300234
111 116.971210796
110.8 116.863773564
110.6 116.756073344
110.4 116.648183185
110.2 116.540138166
110 116.432627015
109.8 116.325069176
109.6 116.217416918
109.4 116.109557891
109.2 116.001480874
109 115.893501803
108.8 115.785110924
108.6 115.676464975
108.4 115.567644371
108.2 115.459142242
108 115.351221725
107.8 115.242831907
107.6 115.134333879
107.4 115.025609927
107.2 114.916751444
107 114.807855681
106.8 114.698460022
106.6 114.588822347
106.4 114.479294051
106.2 114.37071259
106 114.261917144
105.8 114.152657706
105.6 114.043284779
105.4 113.933704799
105.2 113.823928869
105 113.714072764
104.8 113.60361532
104.6 113.493078613
104.4 113.38373455
104.2 113.274222815
104 113.164503276
103.8 113.054137766
103.6 112.94366501
103.4 112.832926938
103.2 112.721960121
103 112.610926062
102.8 112.499411737
102.6 112.38927707
102.4 112.27899093
102.2 112.168491643
102 112.057784289
101.8 111.946494242
101.6 111.834992021
101.4 111.723233101
101.2 111.61126093
101 111.499219861
100.8 111.388164835
100.6 111.27709291
100.4 111.165826183
100.2 111.054312756
100 110.942608256
99.8 110.83023781
99.6 110.717622453
99.4 110.60477581
99.2 110.491875795
99 110.380364612
98.8 110.268162385
98.6 110.155935615
98.4 110.04346897
98.2 109.930618894
98 109.817657784
97.8 109.704099241
97.6 109.590324968
97.4 109.476756951
97.2 109.364429528
97 109.251914591
96.8 109.138695067
96.6 109.025448317
96.4 108.911776174
96.2 108.797808522
96 108.683823198
95.8 108.569113988
95.6 108.454941434
95.4 108.341614622
95.2 108.228083086
95 108.114328444
94.8 107.999986601
94.6 107.885484702
94.4 107.770723605
94.2 107.655731833
94 107.54070133
93.8 107.425727148
93.6 107.311217594
93.4 107.196505508
93.2 107.081538945
93 106.966349978
92.8 106.850894419
92.6 106.735216677
92.4 106.619305974
92.2 106.503225375
92 106.388582796
91.8 106.272983187
91.6 106.157302541
91.4 106.041389566
91.2 105.925218838
91 105.808954835
90.8 105.69227376
90.6 105.575347996
90.4 105.45883905
90.2 105.343194294
90 105.227239251
89.8 105.110397553
89.6 104.993496251
89.4 104.876439125
89.2 104.759141743
89 104.641742527
88.8 104.523632424
88.6 104.40650798
88.4 104.28950198
88.2 104.172286105
88 104.054792166
87.8 103.936821358
87.6 103.818786454
87.4 103.700505427
87.2 103.582013298
87 103.463879697
86.8 103.345938347
86.6 103.227812422
86.4 103.109474612
86.2 102.990923352
86 102.872371539
85.8 102.753260896
85.6 102.63387267
85.4 102.514282678
85.2 102.39581491
85 102.277266428
84.8 102.157934985
84.6 102.038470597
84.4 101.919015661
84.2 101.799433297
84 101.679644853
83.8 101.55901559
83.6 101.43878085
83.4 101.31903931
83.2 101.19917885
83 101.079123676
82.8 100.958616544
82.6 100.838192311
82.4 100.717438242
82.2 100.596371574
82 100.475396695
81.8 100.354893351
81.6 100.234137809
81.4 100.11316033
81.2 99.9919379359
81 99.870694965
80.8 99.7488505066
80.6 99.6267291368
80.4 99.5044077129
80.2 99.3831882472
80 99.261801004
79.8 99.1395585056
79.6 99.0171559038
79.4 98.895049559
79.2 98.7727774858
79 98.650225401
78.8 98.5270560048
78.6 98.4044250852
78.4 98.281862196
78.2 98.159108406
78 98.035985142
77.8 97.9126599047
77.6 97.7893388894
77.4 97.6657707094
77.2 97.5419762052
77 97.418794058
76.8 97.2951406644
76.6 97.1711569966
76.4 97.0470144752
76.2 96.9231169732
76 96.799127162
75.8 96.6745238428
75.6 96.5495396819
75.4 96.4249935774
75.2 96.3007155952
75 96.176152736
74.8 96.050652844
74.6 95.9255519425
74.4 95.8006096568
74.2 95.6754093228
74 95.54992345
73.8 95.4243693197
73.6 95.2987392754
73.4 95.1729422214
73.2 95.046977145
73 94.921121962
72.8 94.7949717532
72.6 94.6685021698
72.4 94.5417830531
72.2 94.4155191778
72 94.289390489
71.8 94.1622803298
71.6 94.034881838
71.4 93.908101788
71.2 93.7814059196
71 93.654337078
70.8 93.5266050827
70.6 93.3990668466
70.4 93.2715040442
70.2 93.1437713442
70 93.015669733
69.8 92.8877060996
69.6 92.7596678142
69.4 92.6313652042
69.2 92.5028170644
69 92.374934092
68.8 92.246051076
68.6 92.1168286088
68.4 91.9875701123
68.2 91.8592260364
68 91.730503082
67.8 91.601024866
67.6 91.4713386696
67.4 91.3419135912
67.2 91.2123101412
67 91.082407326
66.8 90.9519350659
66.6 90.8221849202
66.4 90.6921963062
66.2 90.5619452628
66 90.431839921
65.8 90.3010531738
65.6 90.1698974308
65.4 90.0385474631
65.2 89.9080232532
65 89.77758117
64.8 89.6462130692
64.6 89.5145713268
64.4 89.3830958182
64.2 89.2514757214
64 89.119634479
63.8 88.9867333381
63.6 88.8551518636
63.4 88.7233389616
63.2 88.5912460318
63 88.459064957
62.8 88.3262084474
62.6 88.192980611
62.4 88.0595277528
62.2 87.9267936946
62 87.794497401
61.8 87.6611261186
61.6 87.5275521071
61.4 87.3939793966
61.2 87.2602480412
61 87.12631917
60.8 86.991143058
60.6 86.8575575116
60.4 86.7237553092
60.2 86.5896781998
60 86.455469131
59.8 86.320353043
59.6 86.1848688304
59.4 86.0491481359
59.2 85.9144644346
59 85.780216917
58.8 85.6447536202
58.6 85.5091447759
58.4 85.3733584332
58.2 85.2373300554
58 85.101157665
57.8 84.9640024592
57.6 84.82827048
57.4 84.6923196644
57.2 84.5560968933
57 84.419775866
56.8 84.2822029396
56.6 84.1442852916
56.4 84.0061167895
56.2 83.8698827266
56 83.733515561
55.8 83.5957667234
55.6 83.4579061149
55.4 83.3196961944
55.2 83.181204677
55 83.042597413
54.8 82.9039469259
54.6 82.7659542742
54.4 82.6277099074
54.2 82.4891686635
54 82.350452974
53.8 82.2102113636
53.6 82.0696300545
53.4 81.9301291132
53.2 81.7917021692
53 81.65299353
52.8 81.5128115867
52.6 81.372321771
52.4 81.2314695926
52.2 81.0903193936
52 80.950019412
51.8 80.8096505512
51.6 80.6692330304
51.4 80.5285219623
51.2 80.3872753802
51 80.245945513
50.8 80.102937305
50.6 79.9604578489
50.4 79.819631924
50.2 79.6785250904
50 79.537079096
49.8 79.3940933775
49.6 79.2508637192
49.4 79.107358545
49.2 78.9642533408
49 78.822902232
48.8 78.6796404896
48.6 78.5362966034
48.4 78.3926571062
48.2 78.248754495
48 78.104780227
47.8 77.9596325147
47.6 77.8160238384
47.4 77.6721818388
47.2 77.5280537046
47 77.383815497
46.8 77.2379339394
46.6 77.0917490782
46.4 76.9462414313
46.2 76.8020175516
46 76.65749225
45.8 76.5110736497
45.6 76.3648010434
45.4 76.218288967
45.2 76.0715292176
45 75.925797395
44.8 75.779162203
44.6 75.6323503734
44.4 75.4853331274
44.2 75.3383388582
44 75.191181779
43.8 75.0421464446
43.6 74.8944219775
43.4 74.74709481
43.2 74.599514906
43 74.451739684
42.8 74.3025058416
42.6 74.152982366
42.4 74.0032362599
42.2 73.855374241
42 73.707300633
41.8 73.5570683418
41.6 73.4071182179
41.4 73.2571746348
41.2 73.1069767416
41 72.957196873
40.8 72.8067181906
40.6 72.6559674856
40.4 72.5050114152
40.2 72.3545257154
40 72.203826249
39.8 72.0511267546
39.6 71.8993602334
39.4 71.748027617
39.2 71.5964975634
39 71.444942709
38.8 71.2918696994
38.6 71.138510245
38.4 70.9851189435
38.2 70.8332257922
38 70.681102365
37.8 70.5265026483
37.6 70.372691002
37.4 70.2188453288
37.2 70.0647608226
37 69.911522351
36.8 69.7566153454
36.6 69.6013977708
36.4 69.4464160506
36.2 69.2920292672
36 69.137371212
35.8 68.9806462983
35.6 68.8249249516
35.4 68.6690387604
35.2 68.5129907179
35 68.357798666
34.8 68.200358862
34.6 68.0426225058
34.4 67.885799927
34.2 67.7292350528
34 67.5723809
33.8 67.4136841029
33.6 67.2555223222
33.4 67.0971615388
33.2 66.9391836748
33 66.781955674
32.8 66.6218500764
32.6 66.4619409234
32.4 66.3031836124
32.2 66.1442391161
32 65.985203818
31.8 65.82460399
31.6 65.6636498152
31.4 65.5025326892
31.2 65.3430786614
31 65.183414251
30.8 65.020940454
30.6 64.8592171378
30.4 64.6974732966
30.2 64.5355729986
30 64.374984324
29.8 64.2118455768
29.6 64.0485337295
29.4 63.8858034276
29.2 63.7232353804
29 63.56046617
28.8 63.3958373328
28.6 63.2319304286
28.4 63.0678849414
28.2 62.904261476
28 62.7409181
27.8 62.574070752
27.6 62.4084456627
27.4 62.2437940302
27.2 62.0790177221
27 61.914561145
26.8 61.747004913
26.6 61.5792092749
26.4 61.4126713426
26.2 61.247274363
26 61.081725299
25.8 60.9130033488
25.6 60.7444532458
25.4 60.5757592966
25.2 60.4084641456
25 60.2422975
24.8 60.072354668
24.6 59.9027025118
24.4 59.733199221
24.2 59.563571927
24 59.395640299
23.8 59.2248491854
23.6 59.054044398
23.4 58.883539809
23.2 58.7131076932
23 58.542538226
22.8 58.3701520438
22.6 58.1985463856
22.4 58.0269318202
22.2 57.855581874
22 57.684183002
21.8 57.5083268419
21.6 57.3356736228
21.4 57.1632246732
21.2 56.9908219251
21 56.818617627
20.8 56.641760191
20.6 56.4655710726
20.4 56.2922890248
20.2 56.119078722
20 55.945937298
19.8 55.7680106924
19.6 55.5901599706
19.4 55.4141678725
19.2 55.2400924978
19 55.066114157
18.8 54.8870513171
18.6 54.708232212
18.4 54.5295481548
18.2 54.3539164544
18 54.178993464
17.8 53.9992854816
17.6 53.8201838288
17.4 53.6412946168
17.2 53.4632970402
17 53.288052797
16.8 53.106950545
16.6 52.926190662
16.4 52.7461779328
16.2 52.5664173792
16 52.388818592
15.8 52.2059972944
15.6 52.0231999985
15.4 51.8416935282
15.2 51.660658087
15 51.480079379
14.8 51.2922375614
14.6 51.1044591488
14.4 50.9176266882
14.2 50.7319987176
14 50.546636164
13.8 50.3553634614
13.6 50.1651154936
13.4 49.9753432908
13.2 49.7877201676
13 49.600580394
12.8 49.405474635
12.6 49.2124440074
12.4 49.0195743491
12.2 48.829368979
12 48.640246511
11.8 48.4416311649
11.6 48.2459079742
11.4 48.0504226873
11.2 47.8574109552
11 47.66596508
10.8 47.435705632
10.6 47.2078165624
10.4 46.9805342041
10.2 46.7572481214
10 46.535477191
9.8 46.3619811188
9.6 46.1887434902
9.4 46.0157259661
9.2 45.8478838442
9 45.680179805
8.8 45.4726675974
8.6 45.267786437
8.4 45.0642949265
8.2 44.8642232836
8 44.666245818
7.8 44.4553458253
7.6 44.2474100592
7.4 44.0412045408
7.2 43.8386656282
7 43.638129681
6.8 43.4226597155
6.6 43.2107217492
6.4 43.0008308544
6.2 42.795013118
6 42.591137946
5.8 42.353825
5.6 42.1201654256
5.4 41.8903155464
5.2 41.6639562625
5 41.440470342
4.8 41.2186976204
4.6 40.9977703913
4.4 40.7857858032
4.2 40.5759309345
4 40.36883381
3.8 40.1354805052
3.6 39.9054771387
3.4 39.6831731286
3.2 39.4648611986
3 39.250149608
2.8 39.0000061073
2.6 38.7584958794
2.4 38.522222618
2.2 38.2927810368
2 38.068918496
1.8 37.7914470556
1.6 37.523068684
1.4 37.2691305012
1.2 37.0185319133
1 36.78305459
0.8 36.4213581743
0.6 36.0727256387
0.4 35.7343475573
0.2 35.407330766
0 35.092624158
