200 162.421699643
199.8 162.354821313
199.6 162.287859628
199.4 162.220779791
199.2 162.153566903
199 162.086225957
198.8 162.018857139
198.6 161.951367861
198.4 161.883730794
198.2 161.815963566
198 161.748130798
197.8 161.680104518
197.6 161.611970091
197.4 161.543748365
197.2 161.475606735
197 161.407647021
196.8 161.339483727
196.6 161.271249002
196.4 161.202896356
196.2 161.134407783
196 161.065793753
195.8 160.997136935
195.6 160.928392772
195.4 160.859486885
195.2 160.790437233
195 160.721307218
194.8 160.651833856
194.6 160.582181179
194.4 160.5124163
194.2 160.443029428
194 160.373605102
193.8 160.30417338
193.6 160.234679717
193.4 160.165041066
193.2 160.095248741
193 160.025368422
192.8 159.955464409
192.6 159.885416127
192.4 159.815202645
192.2 159.744854522
192 159.674437404
191.8 159.603613591
191.6 159.532633893
191.4 159.461899877
191.2 159.391359249
191 159.320654616
190.8 159.249971053
190.6 159.179199487
190.4 159.108274144
190.2 159.037196577
190 158.966061894
189.8 158.894816656
189.6 158.823333579
189.4 158.751620713
189.2 158.679729712
189 158.60775584
188.8 158.53570131
188.6 158.463936525
188.4 158.392404449
188.2 158.320756876
188 158.248974621
187.8 158.176813638
187.6 158.104588908
187.4 158.032194367
187.2 157.959641432
187 157.88706471
186.8 157.814527002
186.6 157.741856319
186.4 157.669062758
186.2 157.596160019
186 157.523165405
185.8 157.450060551
185.6 157.377137968
185.4 157.304124695
185.2 157.23098377
185 157.157726705
184.8 157.084320104
184.6 157.01084999
184.4 156.937177359
184.2 156.863339478
184 156.789480418
183.8 156.715403599
183.6 156.641196943
183.4 156.5668993
183.2 156.492583654
183 156.418724999
182.8 156.344603524
182.6 156.270435619
182.4 156.196137565
182.2 156.121690494
182 156.04714039
181.8 155.972670571
181.6 155.897988458
181.4 155.823041076
181.2 155.747877276
181 155.672668755
180.8 155.597163761
180.6 155.521552992
180.4 155.446438182
180.2 155.371467066
180 155.29634431
179.8 155.220979052
179.6 155.145569163
179.4 155.069994551
179.2 154.994251345
179 154.918455206
178.8 154.84247431
178.6 154.766377932
178.4 154.690138656
178.2 154.613777911
178 154.537365973
177.8 154.460983275
177.6 154.384906084
177.4 154.308734193
177.2 154.232440186
177 154.156033516
176.8 154.079449558
176.6 154.002827813
176.4 153.92595511
176.2 153.848910439
176 153.771850169
175.8 153.694536651
175.6 153.617101628
175.4 153.539576753
175.2 153.46235068
175 153.385429054
174.8 153.307942671
174.6 153.230451906
174.4 153.152825755
174.2 153.075028189
174 152.997117253
173.8 152.919282943
173.6 152.841315901
173.4 152.763179225
173.2 152.68490482
173 152.6065934
172.8 152.527704602
172.6 152.449290957
172.4 152.37108156
172.2 152.292770004
172 152.214348018
171.8 152.135873163
171.6 152.057380283
171.4 151.978688626
171.2 151.899752217
171 151.820802391
170.8 151.741402543
170.6 151.661905188
170.4 151.582285839
170.2 151.502569228
170 151.423593491
169.8 151.344271833
169.6 151.264939981
169.4 151.185491752
169.2 151.105890137
169 151.026167303
168.8 150.946466461
168.6 150.866640466
168.4 150.786635449
168.2 150.70648523
168 150.626327544
167.8 150.545580059
167.6 150.465166328
167.4 150.385157755
167.2 150.30504213
167 150.224822909
166.8 150.144311625
166.6 150.063792902
166.4 149.983085561
166.2 149.902124223
166 149.821151003
165.8 149.739917061
165.6 149.658579951
165.4 149.577138298
165.2 149.495668668
165 149.414963908
164.8 149.333834018
164.6 149.252696675
164.4 149.171427924
164.2 149.089995325
164 149.008457959
163.8 148.926724295
163.6 148.844894299
163.4 148.76290836
163.2 148.680794001
163 148.598668456
162.8 148.516125666
162.6 148.434228703
162.4 148.352422266
162.2 148.270509934
162 148.188477695
161.8 148.106168187
161.6 148.023844894
161.4 147.941325114
161.2 147.858626783
161 147.775892526
160.8 147.692893416
160.6 147.609771532
160.4 147.526549911
160.2 147.443842032
160 147.361342758
159.8 147.278263956
159.6 147.195151949
159.4 147.111898965
159.2 147.02848587
159 146.944995463
158.8 146.861516189
158.6 146.777926731
158.4 146.694200284
158.2 146.610364664
158 146.526502311
157.8 146.442604261
157.6 146.358931309
157.4 146.275157157
157.2 146.191256326
157 146.107254475
156.8 146.023206228
156.6 145.939142718
156.4 145.854926655
156.2 145.770552749
156 145.686147183
155.8 145.601196713
155.6 145.516136215
155.4 145.431690561
155.2 145.347334802
155 145.26287061
154.8 145.17808584
154.6 145.093246424
154.4 145.008349245
154.2 144.923491893
154 144.838608727
153.8 144.753401944
153.6 144.668010366
153.4 144.582437348
153.2 144.496767506
153 144.411846548
152.8 144.326547914
152.6 144.241176128
152.4 144.155685341
152.2 144.070056291
152 143.984311171
151.8 143.898455741
151.6 143.812499383
151.4 143.726404676
151.2 143.640190381
151 143.553931445
150.8 143.467626492
150.6 143.38174217
150.4 143.295770344
150.2 143.209691936
150 143.123492032
149.8 143.037012988
149.6 142.95054105
149.4 142.863984826
149.2 142.777298665
149 142.690540612
148.8 142.603483903
148.6 142.516285091
148.4 142.429675979
148.2 142.343160268
148 142.256524786
147.8 142.169545719
147.6 142.082531595
147.4 141.995402033
147.2 141.908231077
147 141.821001336
146.8 141.73349391
146.6 141.645866669
146.4 141.558135194
146.2 141.470598288
146 141.383550532
145.8 141.295911683
145.6 141.208204245
145.4 141.12039023
145.2 141.032454059
145 140.944499101
144.8 140.856554537
144.6 140.768514502
144.4 140.680366653
144.2 140.592124015
144 140.503824979
143.8 140.415696304
143.6 140.327513075
143.4 140.239282536
143.2 140.151017535
143 140.062704861
142.8 139.974235557
142.6 139.885795631
142.4 139.797158533
142.2 139.708322734
142 139.619367808
141.8 139.530105227
141.6 139.441215368
141.4 139.352491194
141.2 139.263687164
141 139.174780279
140.8 139.085541278
140.6 138.996254981
140.4 138.907201833
140.2 138.818125439
140 138.729024351
139.8 138.639551317
139.6 138.549832505
139.4 138.460295197
139.2 138.371075755
139 138.281777024
138.8 138.192104458
138.6 138.102372312
138.4 138.01255237
138.2 137.922805932
138 137.832975596
137.8 137.742886227
137.6 137.652684474
137.4 137.562379142
137.2 137.472221295
137 137.382526234
136.8 137.292459884
136.6 137.20229575
136.4 137.112042791
136.2 137.021689312
136 136.931410976
135.8 136.840919294
135.6 136.750334686
135.4 136.659647852
135.2 136.56887368
135 136.478222173
134.8 136.387666246
134.6 136.297070825
134.4 136.206425017
134.2 136.115687031
134 136.024784178
133.8 135.933629349
133.6 135.842478636
133.4 135.751230866
133.2 135.659885198
133 135.568455845
132.8 135.477108833
132.6 135.386167653
132.4 135.295133174
132.2 135.203970045
132 135.112574548
131.8 135.020924452
131.6 134.929519999
131.4 134.838119546
131.2 134.746613813
131 134.654993951
130.8 134.562894809
130.6 134.470837206
130.4 134.379155728
130.2 134.287425256
130 134.195577204
129.8 134.103365171
129.6 134.011078863
129.4 133.919162951
129.2 133.827290482
129 133.735395104
128.8 133.643175846
128.6 133.550684148
128.4 133.458318425
128.2 133.36620062
128 133.274001956
127.8 133.181432676
127.6 133.088751745
127.4 132.996032862
127.2 132.903626635
127 132.81107448
126.8 132.718249699
126.6 132.625283342
126.4 132.532229974
126.2 132.439562619
126 132.347058818
125.8 132.254179296
125.6 132.161179119
125.4 132.068118043
125.2 131.975109566
125 131.882286876
124.8 131.789188737
124.6 131.695875717
124.4 131.602395285
124.2 131.508784908
124 131.415664256
123.8 131.322438347
123.6 131.229064703
123.4 131.135622597
123.2 131.042059557
123 130.94842764
122.8 130.854902689
122.6 130.761286878
122.4 130.667582524
122.2 130.57380017
122 130.480092812
121.8 130.386520884
121.6 130.292781508
121.4 130.198979122
121.2 130.105063766
121 130.010831088
120.8 129.916716559
120.6 129.822644052
120.4 129.728566173
120.2 129.634490538
120 129.540414929
119.8 129.446273732
119.6 129.351977709
119.4 129.257569683
119.2 129.163110721
119 129.068508923
118.8 128.973673808
118.6 128.879269814
118.4 128.784876221
118.2 128.690483629
118 128.596062839
117.8 128.501362668
117.6 128.406746795
117.4 128.312019101
117.2 128.217230285
117 128.122317255
116.8 128.026973951
116.6 127.932038536
116.4 127.837219322
116.2 127.742318923
116 127.647319585
115.8 127.551980549
115.6 127.456731805
115.4 127.361682942
115.2 127.266581607
115 127.171379447
114.8 127.075728154
114.6 126.980171273
114.4 126.885074116
114.2 126.789821756
114 126.694350898
113.8 126.598698724
113.6 126.502924066
113.4 126.407516446
113.2 126.31207816
113 126.216558248
112.8 126.120569593
112.6 126.024516887
112.4 125.928947782
112.2 125.833431202
112 125.737661034
111.8 125.641697389
111.6 125.545627679
111.4 125.449713396
111.2 125.353925222
111 125.258005232
110.8 125.16167559
110.6 125.065255433
110.4 124.969033097
110.2 124.873263767
110 124.77737774
109.8 124.680901817
109.6 124.584336782
109.4 124.487746663
109.2 124.391427096
109 124.295086458
108.8 124.19846684
108.6 124.101743126
108.4 124.004977305
108.2 123.908864346
108 123.812564954
107.8 123.715786597
107.6 123.618931734
107.4 123.522008808
107.2 123.425296885
107 123.328605264
106.8 123.231578558
106.6 123.134544682
106.4 123.037494451
106.2 122.940835702
106 122.844287187
105.8 122.747209865
105.6 122.65007559
105.4 122.552865675
105.2 122.455721719
105 122.358706281
104.8 122.261202583
104.6 122.163602602
104.4 122.065947877
104.2 121.968530323
104 121.871625885
103.8 121.774257323
103.6 121.676834714
103.4 121.579341614
103.2 121.481835326
103 121.38451869
102.8 121.286714114
102.6 121.188825643
102.4 121.090869737
102.2 120.992898923
102 120.895641543
101.8 120.79796222
101.6 120.700267202
101.4 120.602507723
101.2 120.504667787
101 120.406978413
100.8 120.308725414
100.6 120.210477036
100.4 120.112216669
100.2 120.01392532
100 119.916350439
99.8 119.818200365
99.6 119.720027053
99.4 119.621783555
99.2 119.523464639
99 119.425259322
98.8 119.326799482
98.6 119.228254348
98.4 119.12964279
98.2 119.030956666
98 118.932851575
97.8 118.834423534
97.6 118.735977858
97.4 118.637476087
97.2 118.538907138
97 118.440379657
96.8 118.341386755
96.6 118.242309582
96.4 118.14315722
96.2 118.043947639
96 117.945356332
95.8 117.846724157
95.6 117.748075223
95.4 117.649362892
95.2 117.550584476
95 117.4518237
94.8 117.352568004
94.6 117.253244495
94.4 117.153852665
94.2 117.054402071
94 116.955382142
93.8 116.856372053
93.6 116.757341385
93.4 116.658253455
93.2 116.559101764
93 116.459932074
92.8 116.36005511
92.6 116.260111511
92.4 116.16009196
92.2 116.060017465
92 115.960453514
91.8 115.861230422
91.6 115.762004203
91.4 115.662646765
91.2 115.563121828
91 115.463471666
90.8 115.363467482
90.6 115.263389295
90.4 115.163235885
90.2 115.063026095
90 114.963258069
89.8 114.863466426
89.6 114.763674807
89.4 114.663903767
89.2 114.564152641
89 114.46441872
88.8 114.36411859
88.6 114.2636958
88.4 114.163125563
88.2 114.062444934
88 113.962213047
87.8 113.862093557
87.6 113.761954063
87.4 113.661756277
87.2 113.561489248
87 113.461188331
86.8 113.360337511
86.6 113.259450901
86.4 113.158521039
86.2 113.057553546
86 112.957108382
85.8 112.856730844
85.6 112.756333476
85.4 112.655878037
85.2 112.555349688
85 112.454808578
84.8 112.353714046
84.6 112.252490741
84.4 112.151131701
84.2 112.049672765
84 111.948813088
83.8 111.848083653
83.6 111.747319049
83.4 111.646438289
83.2 111.545408342
83 111.444304623
82.8 111.342842956
82.6 111.2413468
82.4 111.139806229
82.2 111.038227766
82 110.937306702
81.8 110.836129499
81.6 110.734916711
81.4 110.633653932
81.2 110.532333344
81 110.431101769
80.8 110.329123455
80.6 110.227110559
80.4 110.125061739
80.2 110.022981209
80 109.921675235
79.8 109.819970113
79.6 109.718178767
79.4 109.616318721
79.2 109.514405948
79 109.41271086
78.8 109.310619488
78.6 109.208492988
78.4 109.106335265
78.2 109.00415536
78 108.902906097
77.8 108.800768562
77.6 108.698591405
77.4 108.596371686
77.2 108.494128484
77 108.392160147
76.8 108.289522665
76.6 108.186844808
76.4 108.084139997
76.2 107.981583428
76 107.879769169
75.8 107.777100293
75.6 107.674326968
75.4 107.571485543
75.2 107.468730274
75 107.366243228
74.8 107.263251134
74.6 107.160235911
74.4 107.057197252
74.2 106.954532589
74 106.852341279
73.8 106.749393579
73.6 106.646413147
73.4 106.543402576
73.2 106.440618867
73 106.337986425
72.8 106.234454719
72.6 106.130893964
72.4 106.027309893
72.2 105.924314916
72 105.821509689
71.8 105.718148083
71.6 105.614744133
71.4 105.511292351
71.2 105.408127549
71 105.304874107
70.8 105.200898037
70.6 105.097011775
70.4 104.993241942
70.2 104.890228426
70 104.787120968
69.8 104.68306008
69.6 104.578971047
69.4 104.474990019
69.2 104.371397781
69 104.267781585
68.8 104.163415021
68.6 104.05916633
68.4 103.955309119
68.2 103.85187115
68 103.748325616
67.8 103.643818218
67.6 103.539287274
67.4 103.435113814
67.2 103.331148505
67 103.227159858
66.8 103.122206497
66.6 103.017376738
66.4 102.913207922
66.2 102.809117806
66 102.704925418
65.8 102.599960637
65.6 102.495003699
65.4 102.390669872
65.2 102.286328262
65 102.181972057
64.8 102.076598316
64.6 101.971544529
64.4 101.867043381
64.2 101.76249991
64 101.657835692
63.8 101.5522026
63.6 101.446896365
63.4 101.341964353
63.2 101.237036186
63 101.132096499
62.8 101.026496118
62.6 100.921336334
62.4 100.816304431
62.2 100.71122194
62 100.606046706
61.8 100.499836991
61.6 100.39451419
61.4 100.289206767
61.2 100.183913916
61 100.078637213
60.8 99.9725602616
60.6 99.8668552266
60.4 99.7611463638
60.2 99.6554191766
60 99.549658507
59.8 99.4434577677
59.6 99.3377010522
59.4 99.2319457978
59.2 99.126186496
59 99.020421892
58.8 98.9140717557
58.6 98.8077962246
58.4 98.7015014138
58.2 98.5951852143
58 98.488962716
57.8 98.3826651944
57.6 98.2763688566
57.4 98.1700941802
57.2 98.0638457209
57 97.957755543
56.8 97.8508801294
56.6 97.7439870176
56.4 97.6370770452
56.2 97.530154178
56 97.424019516
55.8 97.3171916488
55.6 97.2103821992
55.4 97.1035893856
55.2 96.9968190589
55 96.890337341
54.8 96.7828101738
54.6 96.675273955
54.4 96.5677308138
54.2 96.4606238144
54 96.354272172
53.8 96.2469130608
53.6 96.1395520806
53.4 96.0322151983
53.2 95.9250556288
53 95.8179456
52.8 95.7097721816
52.6 95.6015958844
52.4 95.4934995946
52.2 95.3865940836
52 95.279706046
51.8 95.1717549172
51.6 95.0638035832
51.4 94.9559653486
51.2 94.8482618216
51 94.740531176
50.8 94.6316765008
50.6 94.5228375412
50.4 94.4150548408
50.2 94.3075733304
50 94.200132668
49.8 94.0915768024
49.6 93.9830438142
49.4 93.8746355488
49.2 93.7662489474
49 93.657827705
48.8 93.5482827842
48.6 93.4395420119
48.4 93.3314703626
48.2 93.22344321
48 93.115425646
47.8 93.0061895421
47.6 92.8970603564
47.4 92.7880117416
47.2 92.6790184976
47 92.570001364
46.8 92.4603388561
46.6 92.3515589116
46.4 92.242812696
46.2 92.1341116728
46 92.025438696
45.8 91.9155934387
45.6 91.8058308008
45.4 91.6961448908
45.2 91.5865171549
45 91.477156341
44.8 91.3676363826
44.6 91.2581231832
44.4 91.1486556052
44.2 91.0392429154
44 90.930026382
43.8 90.8195511284
43.6 90.7091629924
43.4 90.598861474
43.2 90.4887382471
43 90.379696518
42.8 90.2693880852
42.6 90.1590957282
42.4 90.0488651359
42.2 89.938910288
42 89.82914722
41.8 89.7179950712
41.6 89.6069705244
41.4 89.4960758169
41.2 89.3863147852
41 89.27658987
40.8 89.1654651644
40.6 89.0543522772
40.4 88.943567617
40.2 88.8331198456
40 88.722739756
39.8 88.6108890888
39.6 88.4991864989
39.4 88.3886034782
39.2 88.2780747294
39 88.167663991
38.8 88.0557095166
38.6 87.9440504239
38.4 87.832781689
38.2 87.7216608464
38 87.610658616
37.8 87.4980458289
37.6 87.3866074358
37.4 87.2752322702
37.2 87.163937551
37 87.052832991
36.8 86.9403640098
36.6 86.8283030152
36.4 86.7163865416
36.2 86.6046041614
36 86.492972386
35.8 86.3805096292
35.6 86.2682277682
35.4 86.1560188354
35.2 86.0439044807
35 85.932511084
34.8 85.8195307
34.6 85.7067661762
34.4 85.5941854358
34.2 85.481872829
34 85.370308787
33.8 85.2569896278
33.6 85.1438681122
33.4 85.0307985458
33.2 84.9184846224
33 84.80674772
32.8 84.6929568384
32.6 84.5794894396
32.4 84.4664194988
32.2 84.35397951
32 84.241693646
31.8 84.127562314
31.6 84.013587349
31.4 83.9005192502
31.2 83.7877498268
31 83.675284982
30.8 83.5606914756
30.6 83.4467839877
30.4 83.3334393666
30.2 83.220206124
30 83.107192308
29.8 82.9922757942
29.6 82.8783890914
29.4 82.7647151378
29.2 82.6513012646
29 82.538151383
28.8 82.4231488187
28.6 82.30873687
28.4 82.194509262
28.2 82.0804298817
28 81.966953859
27.8 81.8521267502
27.6 81.737491858
27.4 81.6231676876
27.2 81.5091404767
27 81.395722613
26.8 81.2801093314
26.6 81.1648240212
26.4 81.0497221301
26.2 80.9354784488
26 80.82207334
25.8 80.706397176
25.6 80.590940273
25.4 80.4759643293
25.2 80.3617491956
25 80.247597694
24.8 80.1311964508
24.6 80.0150676953
24.4 79.9001884452
24.2 79.7857406614
24 79.671671867
23.8 79.5551006318
23.6 79.4390181369
23.4 79.3236076504
23.2 79.2085334954
23 79.093513101
22.8 78.9765242917
22.6 78.8607366828
22.4 78.7452833888
22.2 78.6302678346
22 78.515610337
21.8 78.398391789
21.6 78.2816377578
21.4 78.1653487798
21.2 78.0493721837
21 77.934257239
20.8 77.817526811
20.6 77.7007870674
20.4 77.5845708777
20.2 77.4690402268
20 77.353935674
19.8 77.2359741364
19.6 77.1185232822
19.4 77.0014746426
19.2 76.8859369666
19 76.770802841
18.8 76.6528517458
18.6 76.5349638179
18.4 76.4181555434
18.2 76.3021582428
18 76.18634221
17.8 76.0674580756
17.6 75.9496011293
17.4 75.8328249008
17.2 75.7164922118
17 75.600790799
16.8 75.4816657937
16.6 75.3634270458
16.4 75.2458570006
16.2 75.12890178
16 75.012194216
15.8 74.8930806574
15.6 74.7746165158
15.4 74.6566280006
15.2 74.5392143975
15 74.423193537
14.8 74.3029878186
14.6 74.183602977
14.4 74.064931026
14.2 73.947227268
14 73.830400988
13.8 73.710308036
13.6 73.5907725272
13.4 73.471958704
13.2 73.3546715916
13 73.238329858
12.8 73.1172459068
12.6 72.9974129519
12.4 72.8792945672
12.2 72.7615510168
12 72.644742936
11.8 72.5226419471
11.6 72.4016662978
11.4 72.281611639
11.2 72.162485218
11 72.044300914
10.8 71.9202786544
10.6 71.7983271806
10.4 71.6769202946
10.2 71.5559991823
10 71.437239282
9.8 71.3123030764
9.6 71.1884065808
9.4 71.0656116764
9.2 70.9441374178
9 70.823546737
8.8 70.6968657674
8.6 70.5713615178
8.4 70.446962982
8.2 70.3239328678
8 70.202317923
7.8 70.0734860118
7.6 69.9461980439
7.4 69.8210103976
7.2 69.696776736
7 69.572948396
6.8 69.4434532586
6.6 69.3149769726
6.4 69.1877334358
6.2 69.0620003251
6 68.93773878
5.8 68.8059602272
5.6 68.6757710456
5.4 68.5469897617
5.2 68.4197546482
5 68.293650165
4.8 68.1601548698
4.6 68.0271313221
4.4 67.8971743388
4.2 67.769277525
4 67.642309189
3.8 67.5054204695
3.6 67.3725363806
3.4 67.2407872826
3.2 67.1103961834
3 66.983124813
2.8 66.8447869698
2.6 66.7091949342
2.4 66.5760806477
2.2 66.4453127268
2 66.316195786
1.8 66.1748662356
1.6 66.0367023653
1.4 65.9010451616
1.2 65.7678588688
1 65.638026804
0.8 65.4841105697
0.6 65.3379948466
0.4 65.1964533866
0.2 65.058203077
0 64.921580441
