200 160.177134395
199.8 160.106652689
199.6 160.035980976
199.4 159.965491828
199.2 159.895215925
199 159.824814007
198.8 159.754171762
198.6 159.683466995
198.4 159.61261853
198.2 159.541553765
198 159.470235422
197.8 159.398910424
197.6 159.327552024
197.4 159.256129598
197.2 159.18464449
197 159.113130003
196.8 159.041334635
196.6 158.969456335
196.4 158.897709721
196.2 158.825925294
196 158.754075304
195.8 158.681965116
195.6 158.60977
195.4 158.537465618
195.2 158.465096643
195 158.392656453
194.8 158.320269312
194.6 158.247679865
194.4 158.174889749
194.2 158.101933915
194 158.028880626
193.8 157.956054438
193.6 157.883331215
193.4 157.810526809
193.2 157.737594264
193 157.664425462
192.8 157.590982932
192.6 157.517471451
192.4 157.443950102
192.2 157.370306927
192 157.296516806
191.8 157.222610789
191.6 157.148543536
191.4 157.074353933
191.2 157.000082935
191 156.926304787
190.8 156.852409154
190.6 156.778422666
190.4 156.704338867
190.2 156.630090296
190 156.555548489
189.8 156.480835972
189.6 156.406206375
189.4 156.331451634
189.2 156.256547201
189 156.181518376
188.8 156.106345546
188.6 156.030966882
188.4 155.955807121
188.2 155.880809129
188 155.805709779
187.8 155.730384385
187.6 155.654943192
187.4 155.579403698
187.2 155.503738792
187 155.428076588
186.8 155.352307193
186.6 155.27635181
186.4 155.200195646
186.2 155.123864865
186 155.047426581
185.8 154.971197288
185.6 154.895080318
185.4 154.818877262
185.2 154.742596686
185 154.66615355
184.8 154.589511371
184.6 154.51280649
184.4 154.436118622
184.2 154.359244385
184 154.282101169
183.8 154.205045464
183.6 154.127805948
183.4 154.050439802
183.2 153.973183419
183 153.89623525
182.8 153.818942277
182.6 153.741582674
182.4 153.664136958
182.2 153.586518222
182 153.508572131
181.8 153.430664174
181.6 153.3527497
181.4 153.274786812
181.2 153.196773786
181 153.11872074
180.8 153.040448278
180.6 152.962038761
180.4 152.883709772
180.2 152.805359858
180 152.726973265
179.8 152.648422307
179.6 152.569830167
179.4 152.491175925
179.2 152.412487328
179 152.333488464
178.8 152.254410243
178.6 152.175257975
178.4 152.096067947
178.2 152.016851903
178 151.937936146
177.8 151.858779124
177.6 151.779354841
177.4 151.699815285
177.2 151.620228082
177 151.540576488
176.8 151.460758713
176.6 151.381042066
176.4 151.301218188
176.2 151.22127043
176 151.14119643
175.8 151.060978448
175.6 150.980641992
175.4 150.900534496
175.2 150.820407623
175 150.740221053
174.8 150.659761911
174.6 150.579135829
174.4 150.498432234
174.2 150.417949659
174 150.337283358
173.8 150.256455824
173.6 150.175480276
173.4 150.094389278
173.2 150.013212294
173 149.932336792
172.8 149.851286015
172.6 149.77005359
172.4 149.688734335
172.2 149.607326216
172 149.525730342
171.8 149.443940594
171.6 149.362241417
171.4 149.280514073
171.2 149.198745513
171 149.116923451
170.8 149.03493228
170.6 148.952993214
170.4 148.871144672
170.2 148.789204878
170 148.707069188
169.8 148.624726922
169.6 148.542294175
169.4 148.459960062
169.2 148.377693272
169 148.295219362
168.8 148.212411487
168.6 148.129543799
168.4 148.046637609
168.2 147.963919136
168 147.881433986
167.8 147.798675041
167.6 147.715743143
167.4 147.632738239
167.2 147.549599285
167 147.466218244
166.8 147.38285326
166.6 147.299454567
166.4 147.216032925
166.2 147.132584268
166 147.0490897
165.8 146.965557284
165.6 146.881863044
165.4 146.798042506
165.2 146.714195168
165 146.630299389
164.8 146.546209633
164.6 146.462277197
164.4 146.378461878
164.2 146.294452256
164 146.210146219
163.8 146.125681883
163.6 146.041002685
163.4 145.956487242
163.2 145.872156671
163 145.787717625
162.8 145.703121266
162.6 145.618476313
162.4 145.533810847
162.2 145.449221388
162 145.364408791
161.8 145.279442632
161.6 145.194327432
161.4 145.109096212
161.2 145.023782985
161 144.9387713
160.8 144.853673934
160.6 144.768530464
160.4 144.683367735
160.2 144.598080337
160 144.512430608
159.8 144.426889866
159.6 144.341337466
159.4 144.255703669
159.2 144.169970989
159 144.084107757
158.8 143.998080075
158.6 143.912258346
158.4 143.826360095
158.2 143.74040392
158 143.654305786
157.8 143.567889947
157.6 143.481544465
157.4 143.395581171
157.2 143.309512538
157 143.223280877
156.8 143.136847323
156.6 143.050120783
156.4 142.963391405
156.2 142.876790837
156 142.790109828
155.8 142.703294674
155.6 142.616358364
155.4 142.529369001
155.2 142.442682951
155 142.356024265
154.8 142.269124412
154.6 142.182116753
154.4 142.095005399
154.2 142.007810239
154 141.920887351
153.8 141.833615029
153.6 141.74606204
153.4 141.658400386
153.2 141.57070975
153 141.483097462
152.8 141.395754307
152.6 141.308281636
152.4 141.220661634
152.2 141.132881832
152 141.044935107
151.8 140.956958333
151.6 140.869154432
151.4 140.781332082
151.2 140.693428796
151 140.605297774
150.8 140.516688596
150.6 140.428538246
150.4 140.340485558
150.2 140.252413988
150 140.164316177
149.8 140.075786185
149.6 139.987160589
149.4 139.898703754
149.2 139.810211623
149 139.721693039
148.8 139.632776141
148.6 139.543759218
148.4 139.455012911
148.2 139.366512635
148 139.277871713
147.8 139.188952777
147.6 139.099913525
147.4 139.010781549
147.2 138.921868885
147 138.832939923
146.8 138.743653381
146.6 138.654263699
146.4 138.564819711
146.2 138.475489076
146 138.386493132
145.8 138.297172389
145.6 138.207706458
145.4 138.118081814
145.2 138.028308431
145 137.938653212
144.8 137.848975619
144.6 137.759165228
144.4 137.669283682
144.2 137.579333808
144 137.489345215
143.8 137.399662267
143.6 137.309940958
143.4 137.220145604
143.2 137.130264348
143 137.040309161
142.8 136.950187909
142.6 136.859921014
142.4 136.769511268
142.2 136.679006022
142 136.588394731
141.8 136.497609124
141.6 136.407562247
141.4 136.31745472
141.2 136.227264279
141 136.136979908
140.8 136.04619059
140.6 135.955417468
140.4 135.864693056
140.2 135.773908031
140 135.683053076
139.8 135.591984093
139.6 135.500838493
139.4 135.410357963
139.2 135.319761729
139 135.228950083
138.8 135.137734282
138.6 135.046527297
138.4 134.955473581
138.2 134.864543873
138 134.773516804
137.8 134.68191784
137.6 134.59023841
137.4 134.498524341
137.2 134.407572168
137 134.316619992
136.8 134.225193882
136.6 134.133714521
136.4 134.042146094
136.2 133.950622335
136 133.859189376
135.8 133.767309281
135.6 133.675354469
135.4 133.583343506
135.2 133.491349332
135 133.399999999
134.8 133.308266668
134.6 133.216448986
134.4 133.124469042
134.2 133.032327498
134 132.940237664
133.8 132.848017674
133.6 132.755706358
133.4 132.663323295
133.2 132.570873117
133 132.478559358
132.8 132.386544152
132.6 132.29450503
132.4 132.202404612
132.2 132.110230809
132 132.017996818
131.8 131.925494852
131.6 131.832833698
131.4 131.740015217
131.2 131.647083795
131 131.5541026
130.8 131.46124647
130.6 131.368946707
130.4 131.276596609
130.2 131.18417952
130 131.091705918
129.8 130.998855261
129.6 130.905953895
129.4 130.812882856
129.2 130.719674677
129 130.626412719
128.8 130.532879465
128.6 130.439990684
128.4 130.347407891
128.2 130.254762405
128 130.162056476
127.8 130.068754202
127.6 129.975430787
127.4 129.882113825
127.2 129.788734526
127 129.695315748
126.8 129.601411038
126.6 129.507451713
126.4 129.414363957
126.2 129.321315927
126 129.228209585
125.8 129.134665245
125.6 129.041081774
125.4 128.947479601
125.2 128.853850603
125 128.760184467
124.8 128.666053093
124.6 128.571855772
124.4 128.477857253
124.2 128.38460151
124 128.291292429
123.8 128.197518659
123.6 128.10373137
123.4 128.009875166
123.2 127.915991744
123 127.822097093
122.8 127.727628356
122.6 127.633009523
122.4 127.538284468
122.2 127.4441692
122 127.350464478
121.8 127.256475714
121.6 127.162485904
121.4 127.068430824
121.2 126.974312371
121 126.880196825
120.8 126.785623446
120.6 126.690988708
120.4 126.596297676
120.2 126.50155787
120 126.407743573
119.8 126.313269007
119.6 126.218794441
119.4 126.124354344
119.2 126.029957242
119 125.93561773
118.8 125.840752003
118.6 125.745756823
118.4 125.650616396
118.2 125.555366919
118 125.460602634
117.8 125.366259049
117.6 125.271915138
117.4 125.177435923
117.2 125.08278391
117 124.988012603
116.8 124.892789052
116.6 124.79760065
116.4 124.702453011
116.2 124.607331956
116 124.512203515
115.8 124.41730713
115.6 124.322537706
115.4 124.227730996
115.2 124.132870352
115 124.037946641
114.8 123.94257421
114.6 123.847187278
114.4 123.75174982
114.2 123.656267321
114 123.560772002
113.8 123.465123338
113.6 123.370070684
113.4 123.274977776
113.2 123.179834276
113 123.084635049
112.8 122.98876529
112.6 122.893020198
112.4 122.797328129
112.2 122.701680141
112 122.606032163
111.8 122.509864241
111.6 122.414603317
111.4 122.319417796
111.2 122.224189163
111 122.128901601
110.8 122.033119941
110.6 121.937324884
110.4 121.841409667
110.2 121.745365298
110 121.649287522
109.8 121.552823007
109.6 121.45687697
109.4 121.361511755
109.2 121.26611079
109 121.170650065
108.8 121.07449404
108.6 120.978330663
108.4 120.882253274
108.2 120.786144722
108 120.690009892
107.8 120.593430364
107.6 120.496774042
107.4 120.401026839
107.2 120.305250591
107 120.20942542
106.8 120.113063782
106.6 120.016670554
106.4 119.920421675
106.2 119.824186564
106 119.727924407
105.8 119.631217993
105.6 119.534405994
105.4 119.438153
105.2 119.342205381
105 119.24621737
104.8 119.149677181
104.6 119.053123832
104.4 118.9566478
104.2 118.860274288
104 118.763886973
103.8 118.666957911
103.6 118.570016056
103.4 118.473295015
103.2 118.377153713
103 118.280914783
102.8 118.18416543
102.6 118.087386358
102.4 117.990600666
102.2 117.894014272
102 117.797408685
101.8 117.700136467
101.6 117.602933979
101.4 117.505789452
101.2 117.409497494
101 117.31321606
100.8 117.216217226
100.6 117.119137406
100.4 117.022014625
100.2 116.925135332
100 116.828311905
99.8 116.73108904
99.6 116.633750725
99.4 116.536320262
99.2 116.439370754
99 116.342725202
98.8 116.245632824
98.6 116.14858405
98.4 116.05149231
98.2 115.954433419
98 115.85740979
97.8 115.759880534
97.6 115.662432647
97.4 115.56504958
97.2 115.467953242
97 115.371342838
96.8 115.273915493
96.6 115.176465404
96.4 115.078999138
96.2 114.981586353
96 114.884453043
95.8 114.786756941
95.6 114.689041859
95.4 114.59132002
95.2 114.493645044
95 114.396693856
94.8 114.299143344
94.6 114.201560593
94.4 114.103953779
94.2 114.00633099
94 113.909179688
93.8 113.811431802
93.6 113.713590503
93.4 113.615668517
93.2 113.517679771
93 113.420252673
92.8 113.322535955
92.6 113.224797792
92.4 113.127044034
92.2 113.029274493
92 112.931876659
91.8 112.834022975
91.6 112.736087287
91.4 112.638072681
91.2 112.539984538
91 112.442247037
90.8 112.34418068
90.6 112.246090472
90.4 112.14797796
90.2 112.049848636
90 111.952018812
89.8 111.854070559
89.6 111.75603754
89.4 111.657929069
89.2 111.559748087
89 111.461747482
88.8 111.36352165
88.6 111.265277195
88.4 111.167012542
88.2 111.068730252
88 110.970639937
87.8 110.872385215
87.6 110.774130505
87.4 110.675882453
87.2 110.577638747
87 110.479495399
86.8 110.381251525
86.6 110.282857889
86.4 110.184400171
86.2 110.085924404
86 109.987523277
85.8 109.889062349
85.6 109.790608138
85.4 109.692164606
85.2 109.593723096
85 109.495286708
84.8 109.396539236
84.6 109.297920066
84.4 109.199349898
84.2 109.100785983
84 109.002222121
83.8 108.903425161
83.6 108.804655183
83.4 108.705903295
83.2 108.607163579
83 108.508418113
82.8 108.409649088
82.6 108.310916555
82.4 108.212176108
82.2 108.113393772
82 108.014504254
81.8 107.915499495
81.6 107.816620761
81.4 107.71775952
81.2 107.618914282
81 107.520075858
80.8 107.421075889
80.6 107.322177789
80.4 107.223278514
80.2 107.12434442
80 107.025322556
79.8 106.926106021
79.6 106.827106434
79.4 106.728133491
79.2 106.629186505
79 106.53024146
78.8 106.430832141
78.6 106.331556225
78.4 106.23228088
78.2 106.133005088
78 106.033751577
77.8 105.934317083
77.6 105.835201901
77.4 105.736116663
77.2 105.637060469
77 105.538016766
76.8 105.438200002
76.6 105.338528365
76.4 105.23886807
76.2 105.139210064
76 105.039555222
75.8 104.939933187
75.6 104.840700412
75.4 104.74149411
75.2 104.642320996
75 104.543177754
74.8 104.443186925
74.6 104.34333798
74.4 104.24350588
74.2 104.143678677
74 104.043850482
73.8 103.944033742
73.6 103.844659931
73.4 103.745250979
73.2 103.645792127
73 103.546286345
72.8 103.446066428
72.6 103.346082625
72.4 103.246209675
72.2 103.146395987
72 103.046543211
71.8 102.946289632
71.6 102.84651396
71.4 102.74676964
71.2 102.647061127
71 102.547381967
70.8 102.446977432
70.6 102.346654812
70.4 102.246358737
70.2 102.146083528
70 102.045805126
69.8 101.945414147
69.6 101.845590508
69.4 101.745806515
69.2 101.64607181
69 101.546370596
68.8 101.445856496
68.6 101.345304879
68.4 101.244694621
68.2 101.144032318
68 101.043341905
67.8 100.942822402
67.6 100.842879567
67.4 100.742936164
67.2 100.642978346
67 100.542991936
66.8 100.442237695
66.6 100.341505498
66.4 100.240780991
66.2 100.140055263
66 100.039307415
65.8 99.9385113743
65.6 99.8381735534
65.4 99.7378667206
65.2 99.6376007202
65 99.537350357
64.8 99.4362513153
64.6 99.3352433708
64.4 99.2343009528
64.2 99.133404779
64 99.032492995
63.8 98.9315142779
63.6 98.8309001236
63.4 98.7303123024
63.2 98.6297585486
63 98.529235363
62.8 98.4279139786
62.6 98.326706415
62.4 98.2255623726
62.2 98.1244625928
62 98.02335912
61.8 97.9221899176
61.6 97.8212675514
61.4 97.7203769862
61.2 97.6195282218
61 97.518716097
60.8 97.4171745725
60.6 97.3157219086
60.4 97.2143369586
60.2 97.1130035336
60 97.011660784
59.8 96.910283775
59.6 96.809068379
59.4 96.7078873486
59.2 96.6067456304
59 96.505666524
58.8 96.403869485
58.6 96.3021592288
58.4 96.2005296796
58.2 96.0989653257
58 95.997445192
57.8 95.8958472184
57.6 95.794300276
57.4 95.6927933752
57.2 95.591335265
57 95.489996218
56.8 95.3879597236
56.6 95.2860039412
56.4 95.184136444
56.2 95.0823414238
56 94.980738444
55.8 94.8787698592
55.6 94.7768740592
55.4 94.6750262676
55.2 94.5732393503
55 94.471706424
54.8 94.3693827816
54.6 94.2671587764
54.4 94.1650269148
54.2 94.0629729938
54 93.961265832
53.8 93.8589153584
53.6 93.7566803272
53.4 93.654484826
53.2 93.5523393715
53 93.450632744
52.8 93.348027788
52.6 93.245527202
52.4 93.1431280912
52.2 93.040814358
52 92.938965816
51.8 92.8362567344
51.6 92.7336631774
51.4 92.6311038554
51.2 92.5285908275
51 92.42671974
50.8 92.3237938432
50.6 92.2210132958
50.4 92.1183575574
50.2 92.0157972504
50 91.913803801
49.8 91.810699925
49.6 91.707734889
49.4 91.6048064114
49.2 91.5019261553
49 91.39998056
48.8 91.2967535048
48.6 91.1936655758
48.4 91.0907094238
48.2 90.9879176053
48 90.885645315
47.8 90.7821599454
47.6 90.6788060844
47.4 90.5754993666
47.2 90.4724819654
47 90.370258719
46.8 90.2667275014
46.6 90.1633446098
46.4 90.0601013846
46.2 89.9571635198
46 89.854544595
45.8 89.750645891
45.6 89.6468931976
45.4 89.54320342
45.2 89.4401176244
45 89.337598518
44.8 89.2337394388
44.6 89.130023402
44.4 89.0264647682
44.2 88.9233476998
44 88.820369855
43.8 88.7160762102
43.6 88.611934477
43.4 88.507865592
43.2 88.4047706068
43 88.301927894
42.8 88.1977230012
42.6 88.0936540426
42.4 87.9898077215
42.2 87.886456764
42 87.783122152
41.8 87.6784496008
41.6 87.5739220144
41.4 87.4697716169
41.2 87.3664336088
41 87.263272256
40.8 87.1587262808
40.6 87.054284465
40.4 86.9502164769
40.2 86.8465049388
40 86.742803514
39.8 86.6377197388
39.6 86.532776923
39.4 86.4286732918
39.2 86.3250410736
39 86.221623152
38.8 86.116744512
38.6 86.0119156472
38.4 85.907602419
38.2 85.8035275932
38 85.699452102
37.8 85.593978894
37.6 85.4887584242
37.4 85.384682678
37.2 85.2807722988
37 85.177057654
36.8 85.071846682
36.6 84.966723259
36.4 84.8620597896
36.2 84.7576568422
36 84.653255075
35.8 84.5474652942
35.6 84.4424252958
35.4 84.3380407528
35.2 84.2338410196
35 84.12985459
34.8 84.0241935505
34.6 83.918840266
34.4 83.8138648596
34.2 83.7091839074
34 83.604540229
33.8 83.498374585
33.6 83.3934619238
33.4 83.2887061802
33.2 83.18416332
33 83.07987982
32.8 82.9738555447
32.6 82.868270382
32.4 82.7630095628
32.2 82.65804224
32 82.553173184
31.8 82.4471138013
31.6 82.3417959988
31.4 82.236677614
31.2 82.1318104326
31 82.027285367
30.8 81.9210715988
30.6 81.8152300182
30.4 81.7097145202
30.2 81.6044806222
30 81.499383612
29.8 81.3934041824
29.6 81.2877353968
29.4 81.1822834436
29.2 81.0770876005
29 80.972481305
28.8 80.8660502066
28.6 80.7599710106
28.4 80.654252243
28.2 80.5488263078
28 80.443984739
27.8 80.3375534878
27.6 80.2315176786
27.4 80.1256927966
27.2 80.020122298
27 79.915679172
26.8 79.8089330104
26.6 79.702650827
26.4 79.5967750846
26.2 79.4912601668
26 79.38654013
25.8 79.2796933564
25.6 79.173327601
25.4 79.067137826
25.2 78.9615250956
25 78.85716705
24.8 78.7500956388
24.6 78.6436363518
24.4 78.5376091236
24.2 78.4322737484
24 78.327368066
23.8 78.2202038852
23.6 78.1135421276
23.4 78.0070637527
23.2 77.9017212866
23 77.797143877
22.8 77.689785421
22.6 77.5830759166
22.4 77.4769790183
22.2 77.3717070132
22 77.266685978
21.8 77.1592963964
21.6 77.0523615721
21.4 76.946121559
21.2 76.8406441924
21 76.735867798
20.8 76.6282291292
20.6 76.5211832835
20.4 76.4152783394
20.2 76.3098777888
20 76.204733908
19.8 76.0971380832
19.6 75.9900187506
19.4 75.8839856652
19.2 75.7784426924
19 75.673585534
18.8 75.5656704188
18.6 75.4585068812
18.4 75.3524639752
18.2 75.2469453214
18 75.141664267
17.8 75.0338696718
17.6 74.9269242585
17.4 74.8207264036
17.2 74.715144253
17 74.610215425
16.8 74.5019610624
16.6 74.3947624512
16.4 74.288362354
16.2 74.1826115668
16 74.076950938
15.8 73.9689732456
15.6 73.8618721398
15.4 73.7553323182
15.2 73.6495656312
15 73.544454128
14.8 73.4357072866
14.6 73.3277774748
14.4 73.2207611232
14.2 73.1144672098
14 73.008212537
13.8 72.9006931166
13.6 72.7934610664
13.4 72.6869091032
13.2 72.581248178
13 72.476565795
12.8 72.3687184486
12.6 72.261710894
12.4 72.1556216596
12.2 72.0502240961
12 71.945496496
11.8 71.8369347328
11.6 71.7289203166
11.4 71.621643275
11.2 71.5152568403
11 71.410630301
10.8 71.3002050786
10.6 71.1908983468
10.4 71.0825887204
10.2 70.9751674167
10 70.868592843
9.8 70.7569138494
9.6 70.6461739776
9.4 70.5359984087
9.2 70.4274581668
9 70.320773274
8.8 70.207201606
8.6 70.0953766646
8.4 69.9846781647
8.2 69.8752239944
8 69.766621292
7.8 69.6521681904
7.6 69.538847973
7.4 69.426706274
7.2 69.31575827
7 69.206500322
6.8 69.0899759356
6.6 68.97512741
6.4 68.8627229286
6.2 68.7512079712
6 68.640316784
5.8 68.5238135229
5.6 68.4082873474
5.4 68.2940028278
5.2 68.1811362502
5 68.069594979
4.8 67.9510409993
4.6 67.8344269428
4.4 67.7197183612
4.2 67.6065157447
4 67.493415706
3.8 67.3750106436
3.6 67.2576529442
3.4 67.1416391014
3.2 67.0273418642
3 66.91641888
2.8 66.7964303312
2.6 66.6790986538
2.4 66.5639608397
2.2 66.4506554412
2 66.338659018
1.8 66.2187372148
1.6 66.1021190344
1.4 65.9870851127
1.2 65.8746045204
1 65.765367582
0.8 65.6420660404
0.6 65.5207700664
0.4 65.4082271282
0.2 65.3002284824
0 65.192646176
