200 161.045137912
199.8 160.990445771
199.6 160.935770101
199.4 160.881047178
199.2 160.82627877
199 160.771427572
198.8 160.71651305
198.6 160.661483729
198.4 160.606393313
198.2 160.551188637
198 160.495724099
197.8 160.440319643
197.6 160.384912193
197.4 160.329468217
197.2 160.273973739
197 160.218434334
196.8 160.162915206
196.6 160.107262969
196.4 160.051484144
196.2 159.99560979
196 159.939757347
195.8 159.883697641
195.6 159.827481258
195.4 159.771160728
195.2 159.714773887
195 159.658343881
194.8 159.601934499
194.6 159.545428217
194.4 159.488935573
194.2 159.432542114
194 159.375875838
193.8 159.319065298
193.6 159.262211364
193.4 159.205320632
193.2 159.148399466
193 159.091453999
192.8 159.034528607
192.6 158.977364843
192.4 158.920005612
192.2 158.862525985
192 158.805021748
191.8 158.747519466
191.6 158.689959079
191.4 158.632367176
191.2 158.574695313
191 158.516820014
190.8 158.45886629
190.6 158.400997393
190.4 158.343106776
190.2 158.285173154
190 158.227180541
189.8 158.16901449
189.6 158.110722089
189.4 158.0522807
189.2 157.993734702
189 157.935249284
188.8 157.876861492
188.6 157.818229342
188.4 157.759428215
188.2 157.700502408
188 157.641465127
187.8 157.582292473
187.6 157.523042384
187.4 157.46398962
187.2 157.405015346
187 157.345880136
186.8 157.286868223
186.6 157.227723515
186.4 157.168398565
186.2 157.108891893
186 157.04924798
185.8 156.989581006
185.6 156.929962314
185.4 156.87029198
185.2 156.810544235
185 156.75068149
184.8 156.690558856
184.6 156.630324662
184.4 156.570011187
184.2 156.509624809
184 156.449397508
183.8 156.389057661
183.6 156.328686068
183.4 156.26822454
183.2 156.207648814
183 156.146968544
182.8 156.086241543
182.6 156.025409894
182.4 155.964465519
182.2 155.903426704
182 155.842354909
181.8 155.781191781
181.6 155.719905639
181.4 155.658519041
181.2 155.59704104
181 155.535467178
180.8 155.473905501
180.6 155.412554336
180.4 155.351142718
180.2 155.289644295
180 155.228021413
179.8 155.166307599
179.6 155.104504877
179.4 155.042554221
179.2 154.980489085
179 154.918427639
178.8 154.85627998
178.6 154.794013897
178.4 154.731632438
178.2 154.669147694
178 154.606580794
177.8 154.543841946
177.6 154.481161326
177.4 154.418695106
177.2 154.356091738
177 154.293279231
176.8 154.230453026
176.6 154.167554044
176.4 154.104527282
176.2 154.041369263
176 153.978147762
175.8 153.914791188
175.6 153.851362589
175.4 153.787880623
175.2 153.724348247
175 153.660752714
174.8 153.596954548
174.6 153.533069605
174.4 153.469344478
174.2 153.405753198
174 153.341952428
173.8 153.2778761
173.6 153.21377337
173.4 153.149619895
173.2 153.08541308
173 153.021172076
172.8 152.956954147
172.6 152.892624843
172.4 152.828147274
172.2 152.763536483
172 152.698850662
171.8 152.633842093
171.6 152.568690616
171.4 152.503442532
171.2 152.438652739
171 152.373855576
170.8 152.308999393
170.6 152.244092042
170.4 152.179062528
170.2 152.113898945
170 152.048648477
169.8 151.983168999
169.6 151.917583163
169.4 151.851840266
169.2 151.785970747
169 151.720082819
168.8 151.654177511
168.6 151.588194937
168.4 151.522138515
168.2 151.456312787
168 151.390502676
167.8 151.324313542
167.6 151.258117837
167.4 151.191877443
167.2 151.125585442
167 151.05926612
166.8 150.992722151
166.6 150.92608014
166.4 150.859277856
166.2 150.792337703
166 150.725374877
165.8 150.658258617
165.6 150.590996337
165.4 150.523619055
165.2 150.456565761
165 150.389652111
164.8 150.322698386
164.6 150.255699086
164.4 150.188517731
164.2 150.121117336
164 150.053560406
163.8 149.985907098
163.6 149.918232567
163.4 149.850487931
163.2 149.782676238
163 149.714834124
162.8 149.646568877
162.6 149.578229207
162.4 149.509811865
162.2 149.441789099
162 149.373773172
161.8 149.30550709
161.6 149.237228858
161.4 149.168900221
161.2 149.100506753
161 149.032057852
160.8 148.963395661
160.6 148.894634746
160.4 148.825705764
160.2 148.756629896
160 148.687534153
159.8 148.618179547
159.6 148.548751789
159.4 148.479430125
159.2 148.410446593
159 148.341378137
158.8 148.272064075
158.6 148.202736092
158.4 148.133269155
158.2 148.063638211
158 147.993914463
157.8 147.924112959
157.6 147.854185262
157.4 147.784102479
157.2 147.713897467
157 147.643664837
156.8 147.573131967
156.6 147.502543125
156.4 147.432647464
156.2 147.362713629
156 147.292677164
155.8 147.222378158
155.6 147.152072036
155.4 147.081605137
155.2 147.010960854
155 146.940223273
154.8 146.869374644
154.6 146.798442015
154.4 146.727366993
154.2 146.656177574
154 146.584988147
153.8 146.513256524
153.6 146.441985063
153.4 146.370793083
153.2 146.299564689
153 146.228300363
152.8 146.156938678
152.6 146.08556056
152.4 146.014025169
152.2 145.942265194
152 145.870468944
151.8 145.798542577
151.6 145.726511067
151.4 145.654362261
151.2 145.582122016
151 145.509854198
150.8 145.437614679
150.6 145.36539208
150.4 145.293120822
150.2 145.220811171
150 145.148472041
149.8 145.076045197
149.6 145.003592254
149.4 144.930785579
149.2 144.857728982
149 144.784615904
148.8 144.711420399
148.6 144.63818391
148.4 144.564900082
148.2 144.491660561
148 144.419003531
147.8 144.345839342
147.6 144.272623789
147.4 144.199292159
147.2 144.12581985
147 144.052222371
146.8 143.978736322
146.6 143.90518624
146.4 143.831476316
146.2 143.757618475
146 143.683718443
145.8 143.609398055
145.6 143.534943863
145.4 143.460773459
145.2 143.386878514
145 143.312939376
144.8 143.238690847
144.6 143.164404982
144.4 143.089977187
144.2 143.015389726
144 142.940739267
143.8 142.866125665
143.6 142.791353702
143.4 142.716365331
143.2 142.641202218
143 142.566005737
142.8 142.490584822
142.6 142.415724928
142.4 142.340789342
142.2 142.265755844
142 142.190616131
141.8 142.115476108
141.6 142.04030127
141.4 141.964894884
141.2 141.889227998
141 141.813454539
140.8 141.737499053
140.6 141.661435723
140.4 141.585263443
140.2 141.509013249
140 141.433366142
139.8 141.357671456
139.6 141.281945258
139.4 141.206070376
139.2 141.12998389
139 141.053677142
138.8 140.977208203
138.6 140.900723567
138.4 140.824094519
138.2 140.747323239
138 140.670493424
137.8 140.593449605
137.6 140.516246459
137.4 140.439537494
137.2 140.362927893
137 140.286218151
136.8 140.209242579
136.6 140.132228642
136.4 140.055105499
136.2 139.977861054
136 139.900535353
135.8 139.823117258
135.6 139.745576751
135.4 139.667904222
135.2 139.590130633
135 139.512327522
134.8 139.434600143
134.6 139.356791449
134.4 139.278901556
134.2 139.200964874
134 139.122968405
133.8 139.044885033
133.6 138.966807349
133.4 138.888682033
133.2 138.81041897
133 138.732055873
132.8 138.653507608
132.6 138.574796998
132.4 138.496031746
132.2 138.417778125
132 138.339374557
131.8 138.260594895
131.6 138.181689107
131.4 138.102699613
131.2 138.023650003
131 137.944680989
130.8 137.86566267
130.6 137.786522383
130.4 137.707260919
130.2 137.627896595
130 137.548465252
129.8 137.468823832
129.6 137.389375307
129.4 137.309868398
129.2 137.230316007
129 137.150680959
128.8 137.070771444
128.6 136.99080939
128.4 136.910904497
128.2 136.830858577
128 136.750673771
127.8 136.670535326
127.6 136.590229189
127.4 136.509816895
127.2 136.429850122
127 136.349837199
126.8 136.269379738
126.6 136.188820756
126.4 136.108193254
126.2 136.027506223
126 135.946897298
125.8 135.866065246
125.6 135.785128194
125.4 135.704070383
125.2 135.62289871
125 135.541642725
124.8 135.460587228
124.6 135.379542357
124.4 135.298374549
124.2 135.217115837
124 135.135699779
123.8 135.054079396
123.6 134.972503326
123.4 134.890987727
123.2 134.809324199
123 134.727523297
122.8 134.64573285
122.6 134.563633609
122.4 134.481503183
122.2 134.399745664
122 134.317886636
121.8 134.235791835
121.6 134.153568924
121.4 134.071248591
121.2 133.988848353
121 133.906503551
120.8 133.824058985
120.6 133.741466033
120.4 133.658758771
120.2 133.575957662
120 133.493115965
119.8 133.41055807
119.6 133.327825413
119.4 133.244997535
119.2 133.162072224
119 133.078965515
118.8 132.995672537
118.6 132.912627525
118.4 132.829473013
118.2 132.746178866
118 132.6627267
117.8 132.579158222
117.6 132.495411589
117.4 132.41203922
117.2 132.32857182
117 132.244924009
116.8 132.160918963
116.6 132.076731562
116.4 131.992514434
116.2 131.908615231
116 131.824622929
115.8 131.740514362
115.6 131.656238496
115.4 131.571826064
115.2 131.487394956
115 131.403361343
114.8 131.318989615
114.6 131.234329116
114.4 131.149539256
114.2 131.064641092
114 130.979610693
113.8 130.894985714
113.6 130.810232201
113.4 130.725355479
113.2 130.640361595
113 130.55525732
112.8 130.470148611
112.6 130.384942936
112.4 130.299593932
112.2 130.214162147
112 130.128550351
111.8 130.042882097
111.6 129.957405936
111.4 129.872071075
111.2 129.78659687
111 129.700924575
110.8 129.614938461
110.6 129.528724516
110.4 129.442700621
110.2 129.356761604
110 129.270706266
109.8 129.184461301
109.6 129.097996574
109.4 129.011446372
109.2 128.925197899
109 128.838760629
108.8 128.752429202
108.6 128.665782589
108.4 128.578926843
108.2 128.491975531
108 128.405371852
107.8 128.318602397
107.6 128.231736618
107.4 128.144835412
107.2 128.05779906
107 127.970494177
106.8 127.883292096
106.6 127.796054348
106.4 127.708761016
106.2 127.621411741
106 127.534025729
105.8 127.446534
105.6 127.358953121
105.4 127.271267721
105.2 127.183490729
105 127.095516086
104.8 127.0072585
104.6 126.919465979
104.4 126.831627044
104.2 126.743654901
104 126.655504972
103.8 126.567209774
103.6 126.478624314
103.4 126.3900961
103.2 126.301484036
103 126.212740541
102.8 126.123897552
102.6 126.034932408
102.4 125.946282444
102.2 125.8577748
102 125.76905936
101.8 125.680165183
101.6 125.591076994
101.4 125.50184337
101.2 125.412875533
101 125.323851854
100.8 125.234507615
100.6 125.144996774
100.4 125.055405238
100.2 124.965951758
100 124.876665093
99.8 124.786967368
99.6 124.697135377
99.4 124.607161426
99.2 124.517059209
99 124.42715621
98.8 124.337267399
98.6 124.247157842
98.4 124.156951528
98.2 124.06664901
98 123.976296254
97.8 123.885994043
97.6 123.795595518
97.4 123.705084398
97.2 123.614444339
97 123.523658931
96.8 123.433095919
96.6 123.342398706
96.4 123.251557842
96.2 123.160595351
96 123.069491535
95.8 122.978004522
95.6 122.887022383
95.4 122.795932144
95.2 122.704704559
95 122.613334119
94.8 122.521923459
94.6 122.430382331
94.4 122.338685449
94.2 122.246834612
94 122.154850304
93.8 122.062662661
93.6 121.970683305
93.4 121.879199541
93.2 121.787598533
93 121.695807427
92.8 121.603566903
92.6 121.511177658
92.4 121.418813711
92.2 121.326357484
92 121.233810663
91.8 121.140873003
91.6 121.047798389
91.4 120.955051372
91.2 120.862641445
91 120.770056531
90.8 120.677142701
90.6 120.584119248
90.4 120.490957808
90.2 120.397824877
90 120.304631799
89.8 120.211037701
89.6 120.117286014
89.4 120.023446068
89.2 119.930179894
89 119.836956516
88.8 119.743387678
88.6 119.64970743
88.4 119.555864535
88.2 119.461944525
88 119.368077159
87.8 119.27381928
87.6 119.179398197
87.4 119.084849626
87.2 118.990290716
87 118.896453023
86.8 118.802188801
86.6 118.707844579
86.4 118.613343108
86.2 118.518683971
86 118.424067318
85.8 118.328919708
85.6 118.233590067
85.4 118.138118935
85.2 118.042536805
85 117.947399165
84.8 117.852422815
84.6 117.757398039
84.4 117.662230438
84.2 117.566898745
84 117.471489765
83.8 117.3757621
83.6 117.279763805
83.4 117.183523285
83.2 117.08710326
83 116.990708575
82.8 116.895009825
82.6 116.799286184
82.4 116.703427348
82.2 116.607398683
82 116.511241227
81.8 116.414609905
81.6 116.31781033
81.4 116.220835453
81.2 116.123724932
81 116.026560158
80.8 115.929815835
80.6 115.83334522
80.4 115.736755994
80.2 115.640013784
80 115.543140262
79.8 115.445719292
79.6 115.348148328
79.4 115.250392872
79.2 115.15248658
79 115.054526538
78.8 114.956471353
78.6 114.859063816
78.4 114.761552495
78.2 114.663888293
78 114.566080719
77.8 114.467853267
77.6 114.369479422
77.4 114.270912978
77.2 114.172185993
77 114.073423147
76.8 113.97432389
76.6 113.876121283
76.4 113.777816245
76.2 113.679362935
76 113.580766529
75.8 113.481737492
75.6 113.382538757
75.4 113.283129626
75.2 113.183541572
75 113.083934724
74.8 112.983885374
74.6 112.88490098
74.4 112.78580434
74.2 112.686546057
74 112.587129086
73.8 112.487244137
73.6 112.387203577
73.4 112.28696498
73.2 112.186559594
73 112.086143434
72.8 111.985231044
72.6 111.885368172
72.4 111.785394439
72.2 111.685269302
72 111.584996313
71.8 111.484201911
71.6 111.38330403
71.4 111.282209337
71.2 111.180946088
71 111.079677582
70.8 110.977792283
70.6 110.876825838
70.4 110.775746995
70.2 110.674513322
70 110.573110133
69.8 110.471399436
69.6 110.369603103
69.4 110.267629036
69.2 110.165503461
69 110.063344151
68.8 109.960798921
68.6 109.858882826
68.4 109.756845453
68.2 109.654663563
68 109.55230689
67.8 109.449632314
67.6 109.346919447
67.4 109.244033253
67.2 109.140989226
67 109.037899226
66.8 108.934683204
66.6 108.831804207
66.4 108.728798741
66.2 108.625635135
66 108.522286117
65.8 108.418494591
65.6 108.314620149
65.4 108.21057556
65.2 108.106386023
65 108.002156049
64.8 107.898405276
64.6 107.794509453
64.4 107.690462691
64.2 107.586261066
64 107.481913652
63.8 107.377321082
63.6 107.272522873
63.4 107.167481279
63.2 107.06223737
63 106.957411505
62.8 106.852561827
62.6 106.74759047
62.4 106.642483652
62.2 106.537223117
62 106.431953996
61.8 106.326173741
61.6 106.220243478
61.4 106.114166277
61.2 106.007973643
61 105.902752884
60.8 105.796827103
60.6 105.690789193
60.4 105.584614545
60.2 105.478341037
60 105.372123659
59.8 105.265275967
59.6 105.158250338
59.4 105.051089874
59.2 104.944409189
59 104.83816354
58.8 104.730951581
58.6 104.62356087
58.4 104.516039273
58.2 104.408682427
58 104.301219627
57.8 104.193255839
57.6 104.085103625
57.4 103.977055812
57.2 103.869756001
57 103.762331069
56.8 103.654047931
56.6 103.545664907
56.4 103.437312096
56.2 103.32888447
56 103.220206499
55.8 103.110831356
55.6 103.001378471
55.4 102.892942967
55.2 102.784438086
55 102.675760508
54.8 102.566029906
54.6 102.456391884
54.4 102.346949357
54.2 102.237366432
54 102.127640635
53.8 102.017270584
53.6 101.907358146
53.4 101.797446454
53.2 101.687433148
53 101.577239275
52.8 101.466522504
52.6 101.356094927
52.4 101.245465815
52.2 101.134623963
52 101.023600847
51.8 100.912487601
51.6 100.801359981
51.4 100.690138084
51.2 100.578824529
51 100.467499532
50.8 100.355976422
50.6 100.244228566
50.4 100.132266164
50.2 100.020118646
50 99.908617713
49.8 99.7963002522
49.6 99.683784777
49.4 99.571178914
49.2 99.4587377522
49 99.346537873
48.8 99.2334539506
48.6 99.120181477
48.4 99.0067813146
48.2 98.8941088648
48 98.781372592
47.8 98.667559108
47.6 98.5535913916
47.4 98.4399701988
47.2 98.3266218188
47 98.21304667
46.8 98.0985406876
46.6 97.9839214075
46.4 97.8698726954
46.2 97.7557605864
46 97.641481876
45.8 97.5260151452
45.6 97.4112149918
45.4 97.2965289534
45.2 97.1817174374
45 97.066763371
44.8 96.9510676637
44.6 96.8355587574
44.4 96.719952527
44.2 96.604262978
44 96.488489563
43.8 96.3724464766
43.6 96.256298155
43.4 96.1400391642
43.2 96.0236707894
43 95.907782964
42.8 95.7907963976
42.6 95.6736400606
42.4 95.5564038574
42.2 95.4396308658
42 95.323198453
41.8 95.205551389
41.6 95.0877663436
41.4 94.9700645339
41.2 94.8527774632
41 94.735374212
40.8 94.6165544512
40.6 94.4976589374
40.4 94.379855788
40.2 94.2619700968
40 94.143945664
39.8 94.0245918061
39.6 93.9055821032
39.4 93.7866110596
39.2 93.6675632538
39 93.548408777
38.8 93.4284752005
38.6 93.309022537
38.4 93.1895030142
38.2 93.0699081299
38 92.950499915
37.8 92.8298503086
37.6 92.7090862036
37.4 92.5882531617
37.2 92.4677159754
37 92.348054141
36.8 92.226802033
36.6 92.1055025754
36.4 91.9842174036
36.2 91.8633174358
36 91.742371887
35.8 91.6196836886
35.6 91.496958587
35.4 91.375617413
35.2 91.2542381522
35 91.132798493
34.8 91.0096395073
34.6 90.8868315018
34.4 90.7639990894
34.2 90.641111493
34 90.518176913
33.8 90.3946912821
33.6 90.2714266956
33.4 90.1481473804
33.2 90.024844077
33 89.901820041
32.8 89.7769356202
32.6 89.651995343
32.4 89.5270123148
32.2 89.4033046898
32 89.279949129
31.8 89.154592741
31.6 89.0292416991
31.4 88.90414529
31.2 88.7791081366
31 88.654047519
30.8 88.5268465558
30.6 88.4010404328
30.4 88.2756227972
30.2 88.1502199832
30 88.024816364
29.8 87.8974129394
29.6 87.7700883508
29.4 87.6427660108
29.2 87.5154330779
29 87.389745489
28.8 87.2620071922
28.6 87.1342789352
28.4 87.0066044749
28.2 86.8792064516
28 86.751792118
27.8 86.6219383564
27.6 86.4922277194
27.4 86.36441931
27.2 86.2366709054
27 86.108962327
26.8 85.9787215321
26.6 85.8486904608
26.4 85.7187366756
26.2 85.5888289307
26 85.459550519
25.8 85.3291272798
25.6 85.1987102212
25.4 85.0684170869
25.2 84.9383207426
25 84.808273509
24.8 84.6754316002
24.6 84.5427320847
24.4 84.4115736366
24.2 84.2811844948
24 84.150898814
23.8 84.0175851754
23.6 83.8845202394
23.4 83.751678881
23.2 83.6189871007
23 83.486470822
22.8 83.352934242
22.6 83.2193894924
22.4 83.0860263768
22.2 82.9529919482
22 82.820212349
21.8 82.6841045114
21.6 82.5482232371
21.4 82.4138056126
21.2 82.2802464366
21 82.146856487
20.8 82.0099109952
20.6 81.8734993302
20.4 81.7374152394
20.2 81.6015706522
20 81.466240399
19.8 81.3288789854
19.6 81.1915958526
19.4 81.0545656689
19.2 80.9182599692
19 80.782384858
18.8 80.6423549388
18.6 80.5027056894
18.4 80.3652206152
18.2 80.2280116678
18 80.091186643
17.8 79.9500827222
17.6 79.809743929
17.4 79.6698489966
17.2 79.530315777
17 79.392430477
16.8 79.250486885
16.6 79.1087237478
16.4 78.9675384108
16.2 78.8275831462
16 78.687933803
15.8 78.5431322814
15.6 78.4002009359
15.4 78.2582003978
15.2 78.116594922
15 77.97581733
14.8 77.830057634
14.6 77.6849547622
14.4 77.5404163475
14.2 77.3975673708
14 77.255616114
13.8 77.1079892964
13.6 76.9609654169
13.4 76.8154446974
13.2 76.6705644488
13 76.526137292
12.8 76.3766316177
12.6 76.2282048404
12.4 76.0802189105
12.2 75.9334969264
12 75.788481936
11.8 75.6357498856
11.6 75.4843446834
11.4 75.3352570742
11.2 75.186621147
11 75.039061099
10.8 74.8843944049
10.6 74.7310392442
10.4 74.5786517815
10.2 74.4278342042
10 74.278390229
9.8 74.1206932666
9.6 73.9640776963
9.4 73.8096258982
9.2 73.656208277
9 73.503848433
8.8 73.3430824119
8.6 73.1839841186
8.4 73.0254095663
8.2 72.8695578932
8 72.715790778
7.8 72.549822074
7.6 72.3875158414
7.4 72.2266889752
7.2 72.066507604
7 71.909681775
6.8 71.740462275
6.6 71.5731077706
6.4 71.4082114862
6.2 71.2452646434
6 71.083704025
5.8 70.9091853468
5.6 70.7370903372
5.4 70.5668154594
5.2 70.3994230838
5 70.233617991
4.8 70.051935571
4.6 69.8730243154
4.4 69.6968623934
4.2 69.52287839
4 69.351821765
3.8 69.1609594794
3.6 68.9725377411
3.4 68.7883185256
3.2 68.6064101566
3 68.427497655
2.8 68.223759419
2.6 68.0227977401
2.4 67.8265617384
2.2 67.6331048392
2 67.442998018
1.8 67.2207261492
1.6 67.0011292126
1.4 66.7874087246
1.2 66.5763184277
1 66.369110763
0.8 66.1215960142
0.6 65.87793958
0.4 65.6390141592
0.2 65.4035617204
0 65.170511514
