200 161.292400315
199.8 161.223731223
199.6 161.154860401
199.4 161.085854387
199.2 161.016758552
199 160.94783058
198.8 160.878739242
198.6 160.809519699
198.4 160.740260997
198.2 160.670928615
198 160.601364464
197.8 160.531665963
197.6 160.462078742
197.4 160.392533726
197.2 160.322783333
197 160.252662152
196.8 160.182531923
196.6 160.112293655
196.4 160.041993805
196.2 159.971767553
196 159.90165358
195.8 159.831428801
195.6 159.760978049
195.4 159.690440601
195.2 159.619776142
195 159.548764765
194.8 159.477655065
194.6 159.406718659
194.4 159.335738558
194.2 159.264701027
194 159.193573266
193.8 159.122442156
193.6 159.050937111
193.4 158.979291765
193.2 158.907706961
193 158.836071357
192.8 158.764376399
192.6 158.692589932
192.4 158.620760292
192.2 158.548795983
192 158.476548502
191.8 158.40439014
191.6 158.332174322
191.4 158.259921497
191.2 158.187623144
191 158.115241766
190.8 158.042849827
190.6 157.970142573
190.4 157.897329904
190.2 157.824450243
190 157.751535118
189.8 157.678381812
189.6 157.605094075
189.4 157.531745121
189.2 157.458541212
189 157.385293931
188.8 157.312152093
188.6 157.238805335
188.4 157.165266091
188.2 157.091546786
188 157.017659843
187.8 156.943900417
187.6 156.869960466
187.4 156.795904738
187.2 156.721758133
187 156.647450596
186.8 156.573132521
186.6 156.498776391
186.4 156.424754253
186.2 156.350550496
186 156.276020825
185.8 156.201349223
185.6 156.126513898
185.4 156.051534792
185.2 155.976536477
185 155.901679344
184.8 155.826653661
184.6 155.751431215
184.4 155.676102269
184.2 155.600670058
184 155.525050789
183.8 155.449602676
183.6 155.374238214
183.4 155.298772845
183.2 155.223187942
183 155.147460192
182.8 155.071645182
182.6 154.995631895
182.4 154.919675077
182.2 154.843645268
182 154.767520338
181.8 154.691172964
181.6 154.614704102
181.4 154.538164715
181.2 154.461687848
181 154.385096483
180.8 154.308299158
180.6 154.231459844
180.4 154.154566926
180.2 154.077619845
180 154.000629097
179.8 153.92377008
179.6 153.846688271
179.4 153.769486195
179.2 153.692165083
179 153.614623278
178.8 153.536718624
178.6 153.459010246
178.4 153.381495042
178.2 153.303924656
178 153.226292431
177.8 153.148552859
177.6 153.070656377
177.4 152.992645497
177.2 152.914713827
177 152.836684361
176.8 152.75834544
176.6 152.679776055
176.4 152.601064616
176.2 152.522273671
176 152.443854418
175.8 152.365474194
175.6 152.286962343
175.4 152.208264613
175.2 152.129371369
175 152.050317585
174.8 151.971192649
174.6 151.892148425
174.4 151.81305275
174.2 151.733865279
174 151.654484421
173.8 151.574716479
173.6 151.494885416
173.4 151.415529804
173.2 151.336137793
173 151.256689951
172.8 151.176909622
172.6 151.097007406
172.4 151.016959316
172.2 150.936938736
172 150.856922418
171.8 150.776660317
171.6 150.696253484
171.4 150.615754008
171.2 150.535160689
171 150.454735164
170.8 150.374349929
170.6 150.293884435
170.4 150.213306394
170.2 150.132605845
170 150.051795155
169.8 149.970898269
169.6 149.889940968
169.4 149.808857054
169.2 149.727667677
169 149.64637965
168.8 149.564781224
168.6 149.483237802
168.4 149.402142569
168.2 149.320950413
168 149.239606857
167.8 149.158048963
167.6 149.076371962
167.4 148.994568728
167.2 148.912788433
167 148.830933928
166.8 148.748715806
166.6 148.666292012
166.4 148.583732724
166.2 148.50108815
166 148.419090912
165.8 148.336957571
165.6 148.254743576
165.4 148.172418767
165.2 148.089970893
165 148.007405609
164.8 147.9248288
164.6 147.842104301
164.4 147.759255344
164.2 147.6762797
164 147.593137562
163.8 147.509526122
163.6 147.426441547
163.4 147.343405545
163.2 147.260336846
163 147.177211374
162.8 147.093958872
162.6 147.01058625
162.4 146.927163836
162.2 146.8436391
162 146.760027707
161.8 146.675935614
161.6 146.591728026
161.4 146.507460346
161.2 146.423806271
161 146.340150699
160.8 146.256332967
160.6 146.172391218
160.4 146.088232022
160.2 146.003863898
160 145.919517882
159.8 145.834989561
159.6 145.750415808
159.4 145.665799319
159.2 145.581104863
159 145.496287496
158.8 145.411654294
158.6 145.326995593
158.4 145.242304709
158.2 145.157580906
158 145.072829396
157.8 144.987718152
157.6 144.902572952
157.4 144.817295324
157.2 144.731902897
157 144.646447241
156.8 144.560614884
156.6 144.474966138
156.4 144.389833609
156.2 144.304611397
156 144.219267726
155.8 144.133617688
155.6 144.047907371
155.4 143.962099243
155.2 143.876207581
155 143.790278837
154.8 143.704014477
154.6 143.617642874
154.4 143.531180639
154.2 143.445177233
154 143.359398767
153.8 143.27326003
153.6 143.187046325
153.4 143.100625169
153.2 143.013987819
153 142.927296139
152.8 142.8405266
152.6 142.753635687
152.4 142.666631931
152.2 142.579535739
152 142.492458959
151.8 142.405841408
151.6 142.319200453
151.4 142.232467121
151.2 142.145616907
151 142.058669776
150.8 141.971506531
150.6 141.884264044
150.4 141.796885824
150.2 141.709389526
150 141.621832877
149.8 141.533671599
149.6 141.445985946
149.4 141.358593482
149.2 141.271180689
149 141.183755755
148.8 141.096105981
148.6 141.008387094
148.4 140.920365726
148.2 140.832138318
148 140.743885547
147.8 140.655377609
147.6 140.566856348
147.4 140.478553486
147.2 140.390926233
147 140.303186938
146.8 140.214889488
146.6 140.126563418
146.4 140.038116183
146.2 139.949535257
146 139.860926956
145.8 139.77207095
145.6 139.68304509
145.4 139.593860174
145.2 139.504559774
145 139.416199535
144.8 139.327665478
144.6 139.239110679
144.4 139.150380516
144.2 139.061432053
144 138.972323049
143.8 138.882960186
143.6 138.793575448
143.4 138.704161978
143.2 138.614713752
143 138.52522558
142.8 138.435797273
142.6 138.346646458
142.4 138.257423482
142.2 138.168101198
142 138.078697473
141.8 137.988981381
141.6 137.89907471
141.4 137.808924851
141.2 137.718563527
141 137.628182024
140.8 137.537539023
140.6 137.447543811
140.4 137.357968251
140.2 137.268310428
140 137.178559482
139.8 137.088433182
139.6 136.99829932
139.4 136.907960523
139.2 136.817502099
139 136.727042109
138.8 136.636169415
138.6 136.545213123
138.4 136.454734153
138.2 136.36472407
138 136.274624556
137.8 136.183914417
137.6 136.093172681
137.4 136.002313891
137.2 135.911298966
137 135.820266306
136.8 135.729081738
136.6 135.63780796
136.4 135.546454249
136.2 135.455550267
136 135.365131035
135.8 135.274033097
135.6 135.182920128
135.4 135.091692775
135.2 135.0003395
135 134.908961512
134.8 134.817364902
134.6 134.725608563
134.4 134.633683574
134.2 134.541639234
134 134.450168096
133.8 134.358883946
133.6 134.267586773
133.4 134.176210981
133.2 134.084725981
133 133.993139913
132.8 133.901096652
132.6 133.808978212
132.4 133.71675902
132.2 133.624458432
132 133.532140732
131.8 133.440013968
131.6 133.348164061
131.4 133.256247941
131.2 133.164247012
131 133.072135568
130.8 132.979696904
130.6 132.887276782
130.4 132.794751063
130.2 132.702129495
130 132.609485924
129.8 132.516390623
129.6 132.42404735
129.4 132.331806074
129.2 132.239483047
129 132.147082329
128.8 132.054255223
128.6 131.961429413
128.4 131.86843773
128.2 131.775253218
128 131.682002336
127.8 131.588452918
127.6 131.494962589
127.4 131.402451859
127.2 131.30983975
127 131.217060804
126.8 131.123923278
126.6 131.03075136
126.4 130.937581928
126.2 130.844365039
126 130.751094237
125.8 130.65723019
125.6 130.563275546
125.4 130.469570442
125.2 130.376445782
125 130.283253163
124.8 130.189802665
124.6 130.096309287
124.4 130.002735353
124.2 129.909226671
124 129.815675423
123.8 129.721526298
123.6 129.627306604
123.4 129.53301981
123.2 129.439260507
123 129.345769465
122.8 129.251849997
122.6 129.157842016
122.4 129.063737631
122.2 128.969618486
122 128.875594497
121.8 128.781386351
121.6 128.68709647
121.4 128.592738491
121.2 128.498343758
121 128.404753357
120.8 128.310515707
120.6 128.216208517
120.4 128.12182725
120.2 128.027364152
120 127.932987049
119.8 127.838317314
119.6 127.743583214
119.4 127.648772228
119.2 127.553897768
119 127.459355168
118.8 127.364701758
118.6 127.269892651
118.4 127.175038105
118.2 127.08018494
118 126.985375974
117.8 126.890539474
117.6 126.795554024
117.4 126.700421375
117.2 126.605160958
117 126.509809881
116.8 126.4149301
116.6 126.320032358
116.4 126.225079587
116.2 126.130068553
116 126.034950435
115.8 125.939623873
115.6 125.844308102
115.4 125.748854509
115.2 125.653262013
115 125.557556123
114.8 125.461852643
114.6 125.366712252
114.4 125.271528941
114.2 125.176230472
114 125.080734342
113.8 124.98476233
113.6 124.889095862
113.4 124.793366149
113.2 124.69756332
113 124.601707965
112.8 124.505625342
112.6 124.410195753
112.4 124.314749843
112.2 124.219207007
112 124.123477489
111.8 124.027162081
111.6 123.93113796
111.4 123.835176385
111.2 123.739143253
111 123.643053651
110.8 123.546533489
110.6 123.450287801
110.4 123.354329349
110.2 123.258326477
110 123.16224131
109.8 123.065670913
109.6 122.96921283
109.4 122.873032154
109.2 122.776792222
109 122.680461735
108.8 122.58372528
108.6 122.486970165
108.4 122.390741029
108.2 122.294484663
108 122.198159695
107.8 122.101330972
107.6 122.004450565
107.4 121.908022768
107.2 121.811568421
107 121.715020686
106.8 121.618018561
106.6 121.520802077
106.4 121.423955887
106.2 121.327198649
106 121.230381131
105.8 121.133207393
105.6 121.036048009
105.4 120.939220246
105.2 120.842547327
105 120.745790929
104.8 120.648582691
104.6 120.551154494
104.4 120.453893091
104.2 120.356906149
104 120.259932831
103.8 120.162542763
103.6 120.065154636
103.4 119.967947692
103.2 119.871021908
103 119.773849845
102.8 119.676230121
102.6 119.578530753
102.4 119.480899141
102.2 119.383690041
102 119.286432981
101.8 119.188702583
101.6 119.090822768
101.4 118.99293357
101.2 118.89564105
101 118.798264787
100.8 118.700423345
100.6 118.602519578
100.4 118.504569356
100.2 118.407075745
100 118.309574515
99.8 118.211597473
99.6 118.113469333
99.4 118.015276943
99.2 117.917664918
99 117.820084646
98.8 117.722025934
98.6 117.623908562
98.4 117.52575346
98.2 117.427921072
98 117.33017312
97.8 117.231873533
97.6 117.133522028
97.4 117.035141821
97.2 116.937199485
97 116.839458719
96.8 116.741173533
96.6 116.642757768
96.4 116.544210812
96.2 116.445798667
96 116.347552136
95.8 116.24885141
95.6 116.150179034
95.4 116.051507048
95.2 115.953185633
95 115.855234757
94.8 115.756529954
94.6 115.657793456
94.4 115.559024878
94.2 115.460383906
94 115.361949995
93.8 115.263129989
93.6 115.164257294
93.4 115.065354617
93.2 114.966638558
93 114.868252411
92.8 114.769235709
92.6 114.670259804
92.4 114.571345944
92.2 114.472587574
92 114.374102637
91.8 114.274829396
91.6 114.175499892
91.4 114.076133955
91.2 113.976945725
91 113.878400348
90.8 113.779265933
90.6 113.680108839
90.4 113.580926901
90.2 113.481769167
90 113.382808045
89.8 113.283141711
89.6 113.183339202
89.4 113.08344627
89.2 112.983690226
89 112.884832561
88.8 112.785479367
88.6 112.68611725
88.4 112.586726373
88.2 112.48733426
88 112.388140216
87.8 112.288342324
87.6 112.188488883
87.4 112.088602996
87.2 111.9887724
87 111.889636062
86.8 111.789768748
86.6 111.689930039
86.4 111.590159148
86.2 111.490476397
86 111.391033329
85.8 111.290863152
85.6 111.190558869
85.4 111.090159666
85.2 110.989815918
85 110.89046064
84.8 110.790664238
84.6 110.690831286
84.4 110.590887022
84.2 110.490835101
84 110.390843578
83.8 110.290306367
83.6 110.189811039
83.4 110.089344382
83.2 109.988987709
83 109.889478542
82.8 109.789163907
82.6 109.688840174
82.4 109.58850103
82.2 109.488157399
82 109.387901776
81.8 109.286978017
81.6 109.186021942
81.4 109.085029614
81.2 108.984204205
81 108.884419508
80.8 108.783972336
80.6 108.683525169
80.4 108.583061701
80.2 108.482589081
80 108.382154532
79.8 108.281025471
79.6 108.179868072
79.4 108.078688663
79.2 107.977735923
79 107.877625383
78.8 107.776663251
78.6 107.675701123
78.4 107.574829068
78.2 107.474073694
78 107.373394683
77.8 107.271871486
77.6 107.170273447
77.4 107.068597982
77.2 106.967295988
77 106.866882205
76.8 106.765939689
76.6 106.664976055
76.4 106.563900574
76.2 106.462703709
76 106.361478433
75.8 106.259516642
75.6 106.157558221
75.4 106.055592843
75.2 105.954190691
75 105.853494406
74.8 105.752037764
74.6 105.650563991
74.4 105.54907726
74.2 105.447650203
74 105.346285805
73.8 105.244273135
73.6 105.142191738
73.4 105.040037529
73.2 104.938510919
73 104.837414593
72.8 104.735550541
72.6 104.633668393
72.4 104.531778141
72.2 104.430017179
72 104.328312308
71.8 104.225839096
71.6 104.123369604
71.4 104.020909234
71.2 103.919298452
71 103.817882091
70.8 103.715500241
70.6 103.613088709
70.4 103.510736445
70.2 103.408792877
70 103.306933969
69.8 103.204211706
69.6 103.101405453
69.4 102.998554693
69.2 102.896646881
69 102.794727504
68.8 102.69219147
68.6 102.589649195
68.4 102.487145984
68.2 102.384928715
68 102.282711446
67.8 102.17949034
67.6 102.076285559
67.4 101.973341199
67.2 101.871104577
67 101.768861815
66.8 101.665771756
66.6 101.562681598
66.4 101.459748929
66.2 101.357063755
66 101.254389957
65.8 101.150862828
65.6 101.04737561
65.4 100.944383555
65.2 100.841796988
65 100.739210516
64.8 100.635755187
64.6 100.53228317
64.4 100.429128833
64.2 100.326135129
64 100.223151773
63.8 100.119300026
63.6 100.015459482
63.4 99.9123396376
63.2 99.8093358098
63 99.706315905
62.8 99.6024017394
62.6 99.4984816564
62.4 99.3951074976
62.2 99.2917610164
62 99.188434958
61.8 99.0841948508
61.6 98.980123904
61.4 98.8766831356
61.2 98.7732386946
61 98.669800937
60.8 98.5654422882
60.6 98.4613049016
60.4 98.357555695
60.2 98.2538327278
60 98.150140315
59.8 98.045479399
59.6 97.9412667385
59.4 97.8373654558
59.2 97.7334613622
59 97.629591435
58.8 97.5247457758
58.6 97.4204212256
58.4 97.3162805976
58.2 97.212181115
58 97.108137727
57.8 97.0030660284
57.6 96.8986865178
57.4 96.7943298846
57.2 96.6899771986
57 96.585669905
56.8 96.4804660909
56.6 96.3758742494
56.4 96.271322885
56.2 96.1668221952
56 96.062371492
55.8 95.9571106322
55.6 95.8522672896
55.4 95.7474400852
55.2 95.642624432
55 95.537854224
54.8 95.4325242206
54.6 95.3275229962
54.4 95.2225666942
54.2 95.117654079
54 95.012776583
53.8 94.9072822146
53.6 94.8019109546
53.4 94.696560067
53.2 94.5912313151
53 94.486088126
52.8 94.3806130228
52.6 94.2751780986
52.4 94.1697989286
52.2 94.0644740031
52 93.959358379
51.8 93.8534064382
51.6 93.7475072206
51.4 93.6416274726
51.2 93.5357703967
51 93.430644281
50.8 93.3247179522
50.6 93.2188494922
50.4 93.1130503774
50.2 93.0073114422
50 92.901949175
49.8 92.7954309358
49.6 92.6889826176
49.4 92.5825649796
49.2 92.4764130747
49 92.371149212
48.8 92.2647334632
48.6 92.1583732366
48.4 92.0521140934
48.2 91.9461108432
48 91.840267584
47.8 91.733192596
47.6 91.6261784318
47.4 91.5191983171
47.2 91.4131932828
47 91.307486802
46.8 91.2005738796
46.6 91.0937064288
46.4 90.9869786848
46.2 90.880581185
46 90.774172857
45.8 90.6665242578
45.6 90.5589601932
45.4 90.4519805039
45.2 90.3457085726
45 90.239542067
44.8 90.1321045758
44.6 90.0247060713
44.4 89.9176199642
44.2 89.8106882992
44 89.703733116
43.8 89.5954964216
43.6 89.4874699876
43.4 89.380626017
43.2 89.2738736574
43 89.167231411
42.8 89.0592750014
42.6 88.9514136213
42.4 88.843794151
42.2 88.7363000454
42 88.628777951
41.8 88.5200108491
41.6 88.41234907
41.4 88.305012098
41.2 88.1977847274
41 88.090655893
40.8 87.9821030132
40.6 87.873775877
40.4 87.7656329574
40.2 87.6576399448
40 87.549635828
39.8 87.4409877768
39.6 87.3329487356
39.4 87.2250136288
39.2 87.1172288598
39 87.009604067
38.8 86.9005841842
38.6 86.7917375742
38.4 86.683068025
38.2 86.5745369247
38 86.466418367
37.8 86.3576875534
37.6 86.2490222634
37.4 86.1404893638
37.2 86.0321200908
37 85.924173787
36.8 85.814633623
36.6 85.7052881956
36.4 85.5961340784
36.2 85.487246249
36 85.379354358
35.8 85.2699212316
35.6 85.160584575
35.4 85.0513945156
35.2 84.9426689772
35 84.83436875
34.8 84.724270758
34.6 84.6144230068
34.4 84.5047585001
34.2 84.396146977
34 84.287713289
33.8 84.1776193618
33.6 84.0676332948
33.4 83.9580293247
33.2 83.8490058662
33 83.740219951
32.8 83.6295213462
32.6 83.5191763164
32.4 83.4097838212
32.2 83.3006573914
32 83.191754401
31.8 83.0810027002
31.6 82.9705326554
31.4 82.8607303514
31.2 82.7511846606
31 82.641922027
30.8 82.5305590686
30.6 82.4203028736
30.4 82.3104559184
30.2 82.2007291318
30 82.091334939
29.8 81.980039055
29.6 81.8694939212
29.4 81.7592126312
29.2 81.6492243588
29 81.539516002
28.8 81.4280299864
28.6 81.317389345
28.4 81.2069098174
28.2 81.0965754516
28 80.986824221
27.8 80.8754819522
27.6 80.7644628044
27.4 80.6537688132
27.2 80.5433648404
27 80.433565952
26.8 80.3217614608
26.6 80.2104228018
26.4 80.099265897
26.2 79.9884025311
26 79.878961086
25.8 79.7670432092
25.6 79.6555099966
25.4 79.544366421
25.2 79.4339040728
25 79.323814392
24.8 79.211475372
24.6 79.0995331764
24.4 78.987885794
24.2 78.8774033396
24 78.767429814
23.8 78.654880354
23.6 78.5427531831
23.4 78.431466038
23.2 78.320744866
23 78.21019569
22.8 78.0973126708
22.6 77.9848604833
22.4 77.8735579264
22.2 77.7626461208
22 77.652228624
21.8 77.539038736
21.6 77.426683157
21.4 77.3150261014
21.2 77.20374589
21 77.092631698
20.8 76.9793913167
20.6 76.8672498362
20.4 76.7555119486
20.2 76.6442917348
20 76.533514738
19.8 76.4199838765
19.6 76.3071459534
19.4 76.1948770314
19.2 76.0830325322
19 75.97164846
18.8 75.8587586888
18.6 75.7459123552
18.4 75.6336701572
18.2 75.5221392246
18 75.411282569
17.8 75.2972911538
17.6 75.1838980496
17.4 75.0710781444
17.2 74.9591060794
17 74.848081529
16.8 74.7343443754
16.6 74.6206554294
16.4 74.5076389388
16.2 74.3961708162
16 74.284887061
15.8 74.1701692794
15.6 74.0562159508
15.4 73.9431997758
15.2 73.8310674962
15 73.719573289
14.8 73.604466325
14.6 73.4895986775
14.4 73.3763073342
14.2 73.26382463
14 73.15171963
13.8 73.0363873604
13.6 72.9225592828
13.4 72.8095942408
13.2 72.6972083866
13 72.585748225
12.8 72.4706130788
12.6 72.356542939
12.4 72.243344003
12.2 72.1309772252
12 72.019073486
11.8 71.9027540248
11.6 71.7876497512
11.4 71.6731269124
11.2 71.5592837149
11 71.447260123
10.8 71.3294115862
10.6 71.212678909
10.4 71.096962875
10.2 70.9821395406
10 70.868347704
9.8 70.7489128712
9.6 70.6307127118
9.4 70.5129240916
9.2 70.3969855128
9 70.282877564
8.8 70.1614952088
8.6 70.0417485182
8.4 69.9237415762
8.2 69.8067439554
8 69.690572441
7.8 69.5683812738
7.6 69.447257044
7.4 69.3274955392
7.2 69.2089103046
7 69.091648847
6.8 68.9670301533
6.6 68.8448032884
6.4 68.723918992
6.2 68.6040346496
6 68.484754588
5.8 68.3603493264
5.6 68.2360372244
5.4 68.1133329568
5.2 67.9925272714
5 67.873500302
4.8 67.7466300156
4.6 67.621559554
4.4 67.4978784222
4.2 67.3757106068
4 67.254832566
3.8 67.12631861
3.6 66.9986218376
3.4 66.8742445828
3.2 66.7517487586
3 66.630857557
2.8 66.4986870141
2.6 66.3721567052
2.4 66.2468025716
2.2 66.12272588
2 66.002189696
1.8 65.8704791845
1.6 65.7410879198
1.4 65.614768285
1.2 65.4912809632
1 65.370303854
0.8 65.23197107
0.6 65.0987054348
0.4 64.9684081998
0.2 64.8403365318
0 64.716240019
