200 148.311043605
199.8 148.239071652
199.6 148.166919249
199.4 148.094595438
199.2 148.022146351
199 147.950076345
198.8 147.878089643
198.6 147.806049139
198.4 147.733893389
198.2 147.661570823
198 147.589039743
197.8 147.516264061
197.6 147.443579945
197.4 147.370872859
197.2 147.298109209
197 147.225324035
196.8 147.152249479
196.6 147.078970343
196.4 147.005541864
196.2 146.932589027
196 146.859616652
195.8 146.786404589
195.6 146.71311248
195.4 146.639719028
195.2 146.566199151
195 146.492535835
194.8 146.419073041
194.6 146.345457336
194.4 146.27163797
194.2 146.197629129
194 146.123509943
193.8 146.049289644
193.6 145.975220077
193.4 145.901501882
193.2 145.827686697
193 145.753686637
192.8 145.679337925
192.6 145.604924679
192.4 145.530455112
192.2 145.456024453
192 145.381614409
191.8 145.306889765
191.6 145.232053214
191.4 145.157104248
191.2 145.08206479
191 145.006979197
190.8 144.93210313
190.6 144.857152209
190.4 144.782117695
190.2 144.70699333
190 144.631732404
189.8 144.556288802
189.6 144.480842987
189.4 144.405369257
189.2 144.329758403
189 144.254043087
188.8 144.178168293
188.6 144.102145916
188.4 144.026024256
188.2 143.950248587
188 143.874625891
187.8 143.798735637
187.6 143.722762483
187.4 143.646686894
187.2 143.570487099
187 143.494152427
186.8 143.41787377
186.6 143.341504213
186.4 143.265017647
186.2 143.188416737
186 143.11173293
185.8 143.034871
185.6 142.958144796
185.4 142.881564085
185.2 142.80487789
185 142.728011668
184.8 142.650813639
184.6 142.573530013
184.4 142.49618715
184.2 142.419016954
184 142.341821238
183.8 142.264459404
183.6 142.186983907
183.4 142.10940367
183.2 142.031736677
183 141.954329241
182.8 141.876815412
182.6 141.799073598
182.4 141.721216592
182.2 141.643265307
182 141.565148771
181.8 141.487101951
181.6 141.409204276
181.4 141.331191424
181.2 141.253050071
181 141.17480877
180.8 141.096341902
180.6 141.017589554
180.4 140.939079554
180.2 140.860646004
180 140.782191515
179.8 140.703591204
179.6 140.624961692
179.4 140.546215366
179.2 140.467339637
179 140.388320982
178.8 140.309178579
178.6 140.229997248
178.4 140.150780362
178.2 140.071533593
178 139.992312091
177.8 139.913096873
177.6 139.833723861
177.4 139.754285442
177.2 139.674813717
177 139.595280498
176.8 139.515443328
176.6 139.435764134
176.4 139.356025861
176.2 139.276162982
176 139.196198523
175.8 139.116212594
175.6 139.03591518
175.4 138.955770281
175.2 138.875802865
175 138.795754626
174.8 138.715434113
174.6 138.635016245
174.4 138.554510405
174.2 138.473987273
174 138.393498391
173.8 138.312877375
173.6 138.232128578
173.4 138.151271427
173.2 138.070330633
173 137.989405053
172.8 137.908794096
172.6 137.827917942
172.4 137.746924672
172.2 137.6658445
172 137.584589779
171.8 137.503122252
171.6 137.421944318
171.4 137.340685715
171.2 137.259306109
171 137.177793086
170.8 137.096116078
170.6 137.014249919
170.4 136.93269667
170.2 136.851154158
170 136.769444272
169.8 136.687538442
169.6 136.60553025
169.4 136.523450476
169.2 136.441457191
169 136.359351665
168.8 136.27694748
168.6 136.194491529
168.4 136.111997771
168.2 136.029475838
168 135.947252814
167.8 135.864975298
167.6 135.782523978
167.4 135.699982715
167.2 135.617300701
167 135.534292459
166.8 135.451256563
166.6 135.36832901
166.4 135.285366654
166.2 135.202370643
166 135.119340301
165.8 135.036150289
165.6 134.953014195
165.4 134.869986625
165.2 134.786867964
165 134.703532755
164.8 134.619868601
164.6 134.536050525
164.4 134.452428223
164.2 134.368967935
164 134.285442844
163.8 134.201758459
163.6 134.11778056
163.4 134.033623863
163.2 133.949653867
163 133.865801528
162.8 133.781785837
162.6 133.697721445
162.4 133.613620079
162.2 133.52942506
162 133.445268791
161.8 133.360934075
161.6 133.276481849
161.4 133.191921193
161.2 133.107259888
161 133.022504419
160.8 132.937925809
160.6 132.853211689
160.4 132.768416309
160.2 132.683560872
160 132.598525763
159.8 132.513225748
159.6 132.428276196
159.4 132.343321974
159.2 132.258244217
159 132.172980487
158.8 132.08762008
158.6 132.002024046
158.4 131.916728279
158.2 131.831401938
158 131.745966762
157.8 131.660296434
157.6 131.574432665
157.4 131.488577248
157.2 131.403086418
157 131.317361861
156.8 131.23150354
156.6 131.145480227
156.4 131.05934145
156.2 130.973256341
156 130.887405947
155.8 130.801267949
155.6 130.714965701
155.4 130.628596854
155.2 130.542142378
155 130.455715388
154.8 130.369373971
154.6 130.282839775
154.4 130.196134502
154.2 130.109266115
154 130.022228837
153.8 129.9355164
153.6 129.848695874
153.4 129.761783284
153.2 129.674793368
153 129.58763805
152.8 129.500166251
152.6 129.413279143
152.4 129.326308349
152.2 129.239220774
152 129.15200448
151.8 129.064574599
151.6 128.97693485
151.4 128.889343153
151.2 128.80165807
151 128.71388185
150.8 128.625943756
150.6 128.537960291
150.4 128.450280825
150.2 128.362772086
150 128.275074646
149.8 128.187169489
149.6 128.098992526
149.4 128.010620091
149.2 127.922426018
149 127.834209606
148.8 127.745780668
148.6 127.657302922
148.4 127.568792111
148.2 127.480281281
148 127.391875401
147.8 127.303190568
147.6 127.214477152
147.4 127.12572195
147.2 127.036926572
147 126.948323779
146.8 126.859398781
146.6 126.770294785
146.4 126.681106281
146.2 126.591832626
146 126.502378047
145.8 126.413251206
145.6 126.324091026
145.4 126.234844542
145.2 126.145487642
145 126.056007147
144.8 125.966601508
144.6 125.877053648
144.4 125.78733249
144.2 125.697486907
144 125.607494384
143.8 125.517147297
143.6 125.4273905
143.4 125.337701608
143.2 125.247895914
143 125.157941371
142.8 125.067754465
142.6 124.977472499
142.4 124.887267165
142.2 124.796979433
142 124.706593663
141.8 124.615886098
141.6 124.524998572
141.4 124.434613021
141.2 124.344364062
141 124.253937677
140.8 124.163240782
140.6 124.072415257
140.4 123.981516026
140.2 123.890715036
140 123.799852952
139.8 123.708631942
139.6 123.617275184
139.4 123.525843715
139.2 123.434797141
139 123.343686759
138.8 123.252197182
138.6 123.160670036
138.4 123.069097597
138.2 122.977552852
138 122.886194132
137.8 122.794490079
137.6 122.702629327
137.4 122.610669434
137.2 122.518619801
137 122.427076377
136.8 122.335173114
136.6 122.243194896
136.4 122.151095742
136.2 122.058872057
136 121.966644429
135.8 121.874461691
135.6 121.782091588
135.4 121.689601791
135.2 121.59701643
135 121.504316092
134.8 121.411828966
134.6 121.319337002
134.4 121.22674638
134.2 121.134036559
134 121.041220039
133.8 120.948369295
133.6 120.855343476
133.4 120.7621052
133.2 120.668699539
133 120.57520169
132.8 120.481639237
132.6 120.388815627
132.4 120.295846799
132.2 120.202683043
132 120.109323621
131.8 120.01559417
131.6 119.921986461
131.4 119.828359041
131.2 119.734668052
131 119.640898645
130.8 119.546474087
130.6 119.452468701
130.4 119.35886406
130.2 119.265155798
130 119.171315402
129.8 119.077130312
129.6 118.982880539
129.4 118.888550198
129.2 118.794096184
129 118.699587703
128.8 118.604593397
128.6 118.509501573
128.4 118.415271838
128.2 118.3210572
128 118.22670573
127.8 118.131969464
127.6 118.037120277
127.4 117.942013569
127.2 117.846688631
127 117.751332
126.8 117.655706445
126.6 117.559947968
126.4 117.464545842
126.2 117.369795805
126 117.274918765
125.8 117.17960152
125.6 117.084239823
125.4 116.988737348
125.2 116.893105883
125 116.797442049
124.8 116.701319975
124.6 116.6050551
124.4 116.508700298
124.2 116.413218808
124 116.317651093
123.8 116.22145499
123.6 116.125261318
123.4 116.029011461
123.2 115.932742158
123 115.836466864
122.8 115.73974289
122.6 115.642879432
122.4 115.545916206
122.2 115.449487822
122 115.35351634
121.8 115.256816411
121.6 115.160103214
121.4 115.063250366
121.2 114.96622823
121 114.869131729
120.8 114.771584329
120.6 114.673910445
120.4 114.576111454
120.2 114.478485601
120 114.381758854
119.8 114.284659204
119.6 114.187537122
119.4 114.09017731
119.2 113.992545681
119 113.894725911
118.8 113.796539698
118.6 113.698298549
118.4 113.599995893
118.2 113.501652122
118 113.404520035
117.8 113.306631339
117.6 113.208722651
117.4 113.110660487
117.2 113.012423605
117 112.914067715
116.8 112.815248757
116.6 112.716315377
116.4 112.617254156
116.2 112.518098083
116 112.419915624
115.8 112.321339502
115.6 112.222740835
115.4 112.123999554
115.2 112.025086513
115 111.926059745
114.8 111.826532583
114.6 111.726807344
114.4 111.62686131
114.2 111.526760201
114 111.427600101
113.8 111.328316715
113.6 111.2290151
113.4 111.12957682
113.2 111.029975796
113 110.930299364
112.8 110.830166988
112.6 110.72991668
112.4 110.629537946
112.2 110.529064657
112 110.429401785
111.8 110.329433256
111.6 110.229427302
111.4 110.129285967
111.2 110.028976669
111 109.928585686
110.8 109.827574821
110.6 109.726436359
110.4 109.625162601
110.2 109.523794049
110 109.42329742
109.8 109.322606888
109.6 109.221860933
109.4 109.120974607
109.2 109.019927774
109 108.918857485
108.8 108.817129559
108.6 108.715273583
108.4 108.61328544
108.2 108.511201306
108 108.410098881
107.8 108.308472938
107.6 108.206757122
107.4 108.104909545
107.2 108.002915806
107 107.900939472
106.8 107.798478307
106.6 107.695882106
106.4 107.593157214
106.2 107.490451504
106 107.38879469
105.8 107.286656874
105.6 107.184440237
105.4 107.082028818
105.2 106.979407062
105 106.876689434
104.8 106.773476696
104.6 106.670111322
104.4 106.566618169
104.2 106.463426532
104 106.360888362
103.8 106.257669592
103.6 106.154363149
103.4 106.050932073
103.2 105.947463074
103 105.843971804
102.8 105.739767829
102.6 105.635412318
102.4 105.530931006
102.2 105.427152663
102 105.323678955
101.8 105.219703933
101.6 105.115625942
101.4 105.011382653
101.2 104.907089462
101 104.802620336
100.8 104.697808585
100.6 104.592823625
100.4 104.487857411
100.2 104.383750233
100 104.279454693
99.8 104.174511358
99.6 104.069488335
99.4 103.964459896
99.2 103.85950759
99 103.754428416
98.8 103.648573214
98.6 103.542526788
98.4 103.436988414
98.2 103.331778014
98 103.226418614
97.8 103.120584655
97.6 103.014668287
97.4 102.908977489
97.2 102.80320406
97 102.697288871
96.8 102.590585733
96.6 102.483829767
96.4 102.37776901
96.2 102.271624923
96 102.165320158
95.8 102.058323884
95.6 101.951462605
95.4 101.844741525
95.2 101.737883109
95 101.630878955
94.8 101.523488262
94.6 101.416647019
94.4 101.309900511
94.2 101.203006613
94 101.095818102
93.8 100.987890501
93.6 100.880379771
93.4 100.772743922
93.2 100.664967602
93 100.557078451
92.8 100.448978948
92.6 100.3411185
92.4 100.23315554
92.2 100.125078893
92 100.016761661
91.8 99.9083224642
91.6 99.7998335242
91.4 99.6912067414
91.2 99.5824502026
91 99.473790051
90.8 99.3651220798
90.6 99.2562153578
90.4 99.1471988678
90.2 99.0380715827
90 98.929108463
89.8 98.8197601126
89.6 98.7102407934
89.4 98.6005799594
89.2 98.4908769328
89 98.381859995
88.8 98.2720786286
88.6 98.1620896994
88.4 98.0520097358
88.2 97.942180762
88 97.832438618
87.8 97.722087294
87.6 97.6115060152
87.4 97.5007795618
87.2 97.3907332364
87 97.28057161
86.8 97.1695989428
86.6 97.0584642528
86.4 96.9476082723
86.2 96.8370446148
86 96.72624591
85.8 96.61482349
85.6 96.5031600929
85.4 96.3920508162
85.2 96.2808817922
85 96.169532269
84.8 96.057333869
84.6 95.9454607986
84.4 95.8339268748
84.2 95.7222485188
84 95.610381782
83.8 95.4978811746
83.6 95.3857242034
83.4 95.273444855
83.2 95.1610611972
83 95.048465878
82.8 94.9355883225
82.6 94.823022163
82.4 94.710325569
82.2 94.5974803122
82 94.484579261
81.8 94.3714648474
81.6 94.2581030604
81.4 94.1446296152
81.2 94.0310455863
81 93.917902611
80.8 93.804293935
80.6 93.6905341208
80.4 93.5766207004
80.2 93.462774225
80 93.349250853
79.8 93.2347670194
79.6 93.120090443
79.4 93.005318523
79.2 92.8914551108
79 92.777431682
78.8 92.6626214892
78.6 92.547624391
78.4 92.4327755502
78.2 92.3180178524
78 92.203137934
77.8 92.0872563956
77.6 91.971543414
77.4 91.8566118986
77.2 91.741551465
77 91.626319021
76.8 91.5102196666
76.6 91.3943492492
76.4 91.2783777088
76.2 91.1622775142
76 91.046022207
75.8 90.9294956467
75.6 90.8133861988
75.4 90.6971521644
75.2 90.5807739186
75 90.464406915
74.8 90.347415067
74.6 90.2301843284
74.4 90.1128086148
74.2 89.9953721149
74 89.879018374
73.8 89.761679234
73.6 89.6442314328
73.4 89.5266220753
73.2 89.4091366502
73 89.291669995
72.8 89.1731270374
72.6 89.0544091169
72.4 88.9363500398
72.2 88.8188296438
72 88.701131463
71.8 88.5824290038
71.6 88.4636887628
71.4 88.3449887264
71.2 88.2261553232
71 88.107204944
70.8 87.9872019991
70.6 87.8684798194
70.4 87.7496508714
70.2 87.6306783732
70 87.511567026
69.8 87.3916734874
69.6 87.2716063144
69.4 87.1513814272
69.2 87.031030446
69 86.911701225
68.8 86.791598289
68.6 86.6714319054
68.4 86.5511199346
68.2 86.4307611496
68 86.310417876
67.8 86.188842508
67.6 86.06709488
67.4 85.9459958165
67.2 85.8257231834
67 85.705294609
66.8 85.583706713
66.6 85.462088647
66.4 85.3403613568
66.2 85.2184724156
66 85.096509606
65.8 84.973573788
65.6 84.8519619258
65.4 84.730241379
65.2 84.6083768539
65 84.486394686
64.8 84.3633195124
64.6 84.2400696812
64.4 84.1166530608
64.2 83.9932080945
64 83.87140581
63.8 83.7482612308
63.6 83.625100094
63.4 83.5017935861
63.2 83.3782811848
63 83.254718736
62.8 83.1297678384
62.6 83.0046694647
62.4 82.8813678882
62.2 82.758034784
62 82.634564728
61.8 82.5098098023
61.6 82.3849053996
61.4 82.2598163636
61.2 82.1345666292
61 82.00926739
60.8 81.8843657633
60.6 81.7595786814
60.4 81.634642667
60.2 81.5095279325
60 81.384268284
59.8 81.2576419112
59.6 81.1308619738
59.4 81.0039661556
59.2 80.8789358646
59 80.753826991
58.8 80.6272359878
58.6 80.5006017646
58.4 80.3737982764
58.2 80.2468645694
58 80.119910955
57.8 79.9915113856
57.6 79.8648561116
57.4 79.7380858956
57.2 79.6111583202
57 79.484086603
56.8 79.3556846318
56.6 79.2271534146
56.4 79.0984928314
56.2 78.9701724603
56 78.843243524
55.8 78.7146802272
55.6 78.5860407112
55.4 78.457320362
55.2 78.3285753842
55 78.199778497
54.8 78.0693790794
54.6 77.9397296276
54.4 77.8109607012
54.2 77.6820689738
54 77.553016573
53.8 77.4225852643
53.6 77.292143896
53.4 77.1615542528
53.2 77.030844602
53 76.901467964
52.8 76.7708223912
52.6 76.6400865256
52.4 76.5092271955
52.2 76.3785258112
52 76.247764856
51.8 76.1153229776
51.6 75.982978297
51.4 75.8520678684
51.2 75.7210615932
51 75.589904994
50.8 75.4571300885
50.6 75.3245941668
50.4 75.1919468312
50.2 75.0591916516
50 74.92730514
49.8 74.7943689664
49.6 74.6612999024
49.4 74.5281201947
49.2 74.39523918
49 74.262366712
48.8 74.12773186
48.6 73.9930329975
48.4 73.8597978664
48.2 73.726478195
48 73.592997015
47.8 73.4578518213
47.6 73.3230727132
47.4 73.188184872
47.2 73.053190464
47 72.919079825
46.8 72.783663449
46.6 72.648104495
46.4 72.5124439914
46.2 72.3773376762
46 72.242191941
45.8 72.1051620786
45.6 71.9683356269
45.4 71.8325751466
45.2 71.6967311022
45 71.560737431
44.8 71.4232006209
44.6 71.2859644236
44.4 71.1486298084
44.2 71.0112006994
44 70.875053898
43.8 70.7369140652
43.6 70.5986324248
43.4 70.4605375965
43.2 70.3230387274
43 70.185423881
42.8 70.045767909
42.6 69.9068888104
42.4 69.7683765262
42.2 69.6297758796
42 69.491073041
41.8 69.3512119234
41.6 69.2112757746
41.4 69.0712650671
41.2 68.931838018
41 68.793004662
40.8 68.6518725452
40.6 68.5106196796
40.4 68.3703841312
40.2 68.2301631628
40 68.08982107
39.8 67.9477331429
39.6 67.8062893238
39.4 67.6647673722
39.2 67.523180193
39 67.382533625
38.8 67.2397280602
38.6 67.0968395886
38.4 66.954278702
38.2 66.8124729276
38 66.670595706
37.8 66.5261339329
37.6 66.3827937536
37.4 66.23966586
37.2 66.0964879689
37 65.953631666
36.8 65.8089825324
36.6 65.6642005564
36.4 65.5193464047
36.2 65.3757528368
36 65.23229754
35.8 65.0862345456
35.6 64.9405355596
35.4 64.7953926442
35.2 64.6501915874
35 64.504916877
34.8 64.3584992713
34.6 64.2121139286
34.4 64.0656953421
34.2 63.9197725146
34 63.774245337
33.8 63.625840369
33.6 63.4776439928
33.4 63.330954772
33.2 63.1842496872
33 63.037506104
32.8 62.888542004
32.6 62.739706421
32.4 62.5908039091
32.2 62.4426182314
32 62.295608193
31.8 62.1455972018
31.6 61.9956052079
31.4 61.8463663562
31.2 61.697087926
31 61.547774166
30.8 61.3967169034
30.6 61.246323615
30.4 61.0959545639
30.2 60.9458597558
30 60.796197623
29.8 60.6432448326
29.6 60.490392255
29.4 60.3396193894
29.2 60.1888847828
29 60.038173914
28.8 59.8845669283
28.6 59.7310998558
28.4 59.5776088562
28.2 59.4252832232
28 59.27419962
27.8 59.1196434288
27.6 58.9652583947
27.4 58.8113513782
27.2 58.6574370502
27 58.503477871
26.8 58.3483928188
26.6 58.1934002576
26.4 58.0385037558
26.2 57.8840512152
26 57.729665428
25.8 57.57149778
25.6 57.4148079334
25.4 57.2594187798
25.2 57.1041471977
25 56.949070845
24.8 56.7902707762
24.6 56.6315538404
24.4 56.4733685774
24.2 56.3175788048
24 56.1619187
23.8 56.0022073396
23.6 55.8428702772
23.4 55.6836456596
23.2 55.5244722144
23 55.367813036
22.8 55.2075637672
22.6 55.0473214111
22.4 54.8874644964
22.2 54.7278289076
22 54.56811583
21.8 54.4059983692
21.6 54.2451626358
21.4 54.0844978815
21.2 53.9242272678
21 53.764147967
20.8 53.5995325742
20.6 53.4362389957
20.4 53.2748923422
20.2 53.1137549405
20 52.95294299
19.8 52.7875623036
19.6 52.6225358788
19.4 52.4584568187
19.2 52.2966331542
19 52.135129303
18.8 51.9685429496
18.6 51.8027730648
18.4 51.6373849872
18.2 51.4727709522
18 51.310538843
17.8 51.1430650622
17.6 50.9758095275
17.4 50.8098467202
17.2 50.644286887
17 50.479227968
16.8 50.3108783976
16.6 50.1427023532
16.4 49.9750438469
16.2 49.8089522418
16 49.643154293
15.8 49.4715793069
15.6 49.3026473222
15.4 49.1340382038
15.2 48.9661202463
15 48.79988277
14.8 48.6235154868
14.6 48.4486113302
14.4 48.275835499
14.2 48.1034123614
14 47.93243923
13.8 47.7539525316
13.6 47.5764110277
13.4 47.4006096848
13.2 47.2261641624
13 47.052529156
12.8 46.8712590695
12.6 46.691415495
12.4 46.5123721587
12.2 46.3356534542
12 46.159726083
11.8 45.9754470896
11.6 45.7936885622
11.4 45.6129265884
11.2 45.433701147
11 45.255909055
10.8 45.0692500766
10.6 44.884734327
10.4 44.702205661
10.2 44.5208343658
10 44.34138082
9.8 44.151755092
9.6 43.9636619194
9.4 43.778749305
9.2 43.5950944751
9 43.413197324
8.8 43.2207060192
8.6 43.0298361291
8.4 42.8423244952
8.2 42.6564598118
8 42.472458389
7.8 42.2770979698
7.6 42.0839281359
7.4 41.9024146768
7.2 41.7295386734
7 41.557284087
6.8 41.3760292822
6.6 41.1994056222
6.4 41.0246880996
6.2 40.8635598482
6 40.704867393
5.8 40.5306776696
5.6 40.368287304
5.4 40.2102466288
5.2 40.0544177069
5 39.901196785
4.8 39.7332204002
4.6 39.5681061388
4.4 39.4058068634
4.2 39.2460263554
4 39.088926345
3.8 38.9135870921
3.6 38.7423544764
3.4 38.5739760485
3.2 38.4086856754
3 38.245639205
2.8 38.0599002602
2.6 37.8777239303
2.4 37.6997729
2.2 37.524875083
2 37.353101283
1.8 37.1483568014
1.6 36.9469753206
1.4 36.7505138424
1.2 36.5570853809
1 36.367322683
0.8 36.1133955478
0.6 35.8598415554
0.4 35.6073630932
0.2 35.3510840832
0 35.092633516
