200 152.028960526
199.8 151.961789331
199.6 151.894545293
199.4 151.82719115
199.2 151.759738797
199 151.69222191
198.8 151.624465877
198.6 151.556630504
198.4 151.48883143
198.2 151.421393809
198 151.353846148
197.8 151.286087695
197.6 151.218264073
197.4 151.150335843
197.2 151.082301081
197 151.014195383
196.8 150.946020434
196.6 150.877732113
196.4 150.809334853
196.2 150.740848225
196 150.672295481
195.8 150.603504473
195.6 150.534623718
195.4 150.465960434
195.2 150.39751775
195 150.328986958
194.8 150.260180917
194.6 150.191333008
194.4 150.122383785
194.2 150.053326199
194 149.984221434
193.8 149.915008468
193.6 149.845701012
193.4 149.776276859
193.2 149.70675478
193 149.637194514
192.8 149.567320967
192.6 149.497427545
192.4 149.427988291
192.2 149.358423847
192 149.288692057
191.8 149.218617523
191.6 149.148531455
191.4 149.078416973
191.2 149.008280044
191 148.938223552
190.8 148.867964282
190.6 148.797603336
190.4 148.727147785
190.2 148.656612629
190 148.586020797
189.8 148.515098615
189.6 148.444628376
189.4 148.374225255
189.2 148.303739506
189 148.233172268
188.8 148.162160606
188.6 148.091105241
188.4 148.0199444
188.2 147.94869136
188 147.877407826
187.8 147.806123419
187.6 147.734732425
187.4 147.66325801
187.2 147.591716624
187 147.520117998
186.8 147.448422088
186.6 147.376864207
186.4 147.305247283
186.2 147.233556581
186 147.161795676
185.8 147.089998519
185.6 147.018175232
185.4 146.946235066
185.2 146.874179149
185 146.80210048
184.8 146.729559648
184.6 146.656949472
184.4 146.584259188
184.2 146.511503726
184 146.439236451
183.8 146.366725502
183.6 146.294205678
183.4 146.221612048
183.2 146.148922003
183 146.076155245
182.8 146.003397041
182.6 145.930589024
182.4 145.857664236
182.2 145.784633017
182 145.711563647
181.8 145.637995088
181.6 145.564341771
181.4 145.490730157
181.2 145.417661577
181 145.344511598
180.8 145.271060127
180.6 145.197581995
180.4 145.12400049
180.2 145.050312176
180 144.976592978
179.8 144.902650587
179.6 144.828643209
179.4 144.754524142
179.2 144.680311304
179 144.606087238
178.8 144.531484538
178.6 144.457249789
178.4 144.383272891
178.2 144.309237873
178 144.235109806
177.8 144.160709715
177.6 144.086281854
177.4 144.011750643
177.2 143.93709561
177 143.862420008
176.8 143.78747463
176.6 143.712458432
176.4 143.637358123
176.2 143.562188574
176 143.48711208
175.8 143.412246729
175.6 143.337392923
175.4 143.262472582
175.2 143.18746261
175 143.112394899
174.8 143.03706271
174.6 142.961686685
174.4 142.886177662
174.2 142.810565484
174 142.734952152
173.8 142.658984268
173.6 142.582969714
173.4 142.506894335
173.2 142.431398845
173 142.355885729
172.8 142.279824003
172.6 142.203781402
172.4 142.127732426
172.2 142.051670702
172 141.975613644
171.8 141.899313579
171.6 141.822965988
171.4 141.746515188
171.2 141.669973022
171 141.593418866
170.8 141.516258138
170.6 141.439690264
170.4 141.363249126
170.2 141.286758351
170 141.210213244
169.8 141.133544266
169.6 141.056857693
169.4 140.980055733
169.2 140.903107557
169 140.826133773
168.8 140.748767195
168.6 140.671282786
168.4 140.593665904
168.2 140.515955824
168 140.438908771
167.8 140.361824205
167.6 140.284732371
167.4 140.207571673
167.2 140.130325115
167 140.053020298
166.8 139.975223185
166.6 139.897378693
166.4 139.819441477
166.2 139.741423989
166 139.663406491
165.8 139.585013985
165.6 139.506541585
165.4 139.42877554
165.2 139.351027331
165 139.273211941
164.8 139.195251009
164.6 139.117264086
164.4 139.039189274
164.2 138.961012949
164 138.882798851
163.8 138.804096901
163.6 138.72534594
163.4 138.646521801
163.2 138.567634577
163 138.488836663
162.8 138.410305217
162.6 138.331766898
162.4 138.253163654
162.2 138.17448073
162 138.095746666
161.8 138.016697624
161.6 137.937633674
161.4 137.858485238
161.2 137.77925064
161 137.699993819
160.8 137.620390314
160.6 137.540716446
160.4 137.461396833
160.2 137.382446632
160 137.303420112
159.8 137.224024519
159.6 137.144621605
159.4 137.065126342
159.2 136.985538839
159 136.905956402
158.8 136.826071182
158.6 136.746130949
158.4 136.666122317
158.2 136.58606109
158 136.505992264
157.8 136.426039827
157.6 136.346098515
157.4 136.266094825
157.2 136.186024928
157 136.10589993
156.8 136.025641775
156.6 135.945421311
156.4 135.865138726
156.2 135.78477084
156 135.704380661
155.8 135.623621303
155.6 135.542799413
155.4 135.462312012
155.2 135.382198608
155 135.302005917
154.8 135.221242363
154.6 135.140467721
154.4 135.059624095
154.2 134.978717185
154 134.897813745
153.8 134.816802956
153.6 134.73572998
153.4 134.654597789
153.2 134.573422391
153 134.492303546
152.8 134.411262481
152.6 134.33017874
152.4 134.249046027
152.2 134.167857528
152 134.086605906
151.8 134.005018286
151.6 133.923506252
151.4 133.841929458
151.2 133.760279143
151 133.678597093
150.8 133.596765614
150.6 133.514866079
150.4 133.433533952
150.2 133.352300146
150 133.271004155
149.8 133.18915061
149.6 133.107254982
149.4 133.025301637
149.2 132.94336341
149 132.861421108
148.8 132.779148018
148.6 132.696815526
148.4 132.614435011
148.2 132.532016635
148 132.450005889
147.8 132.367897403
147.6 132.285749864
147.4 132.203547364
147.2 132.121282822
147 132.038957983
146.8 131.956362139
146.6 131.873821822
146.4 131.791224823
146.2 131.708563364
146 131.625860751
145.8 131.542808139
145.6 131.460032682
145.4 131.377582884
145.2 131.295099533
145 131.212567151
144.8 131.129657877
144.6 131.046726429
144.4 130.96381552
144.2 130.880934057
144 130.798000112
143.8 130.714720157
143.6 130.631389624
143.4 130.548019605
143.2 130.464913743
143 130.382174268
142.8 130.298880878
142.6 130.215517992
142.4 130.132085621
142.2 130.048587305
142 129.965118963
141.8 129.881639281
141.6 129.798121014
141.4 129.714555207
141.2 129.6309488
141 129.547324628
140.8 129.463474771
140.6 129.379879747
140.4 129.296225327
140.2 129.212533915
140 129.128800929
139.8 129.044852603
139.6 128.96102655
139.4 128.877280357
139.2 128.793476021
139 128.709625721
138.8 128.625212693
138.6 128.540733747
138.4 128.456579925
138.2 128.372731805
138 128.288830817
137.8 128.204729068
137.6 128.120586068
137.4 128.036409611
137.2 127.952329141
137 127.868298769
136.8 127.783702827
136.6 127.699074483
136.4 127.614418065
136.2 127.529736929
136 127.445450965
135.8 127.360964132
135.6 127.276431114
135.4 127.191861928
135.2 127.107256711
135 127.022605717
134.8 126.937753213
134.6 126.852961766
134.4 126.768138951
134.2 126.683277196
134 126.598377675
133.8 126.51309644
133.6 126.428284194
133.4 126.343539205
133.2 126.258772594
133 126.173970014
132.8 126.088731104
132.6 126.003479812
132.4 125.918498957
132.2 125.833491743
132 125.748430133
131.8 125.662996769
131.6 125.577501446
131.4 125.492041501
131.2 125.407122782
131 125.322163954
130.8 125.236782625
130.6 125.151359892
130.4 125.065913892
130.2 124.980514907
130 124.895313017
129.8 124.809517001
129.6 124.723695338
129.4 124.637854004
129.2 124.551992069
129 124.466333278
128.8 124.380798771
128.6 124.295225555
128.4 124.209630185
128.2 124.124007606
128 124.038331151
127.8 123.95222694
127.6 123.86628455
127.4 123.780316886
127.2 123.694317984
127 123.608300209
126.8 123.52207396
126.6 123.436208667
126.4 123.350463468
126.2 123.264700889
126 123.178900063
125.8 123.092455709
125.6 123.006004332
125.4 122.919894485
125.2 122.833779758
125 122.747641891
124.8 122.661257571
124.6 122.574715734
124.4 122.488161209
124.2 122.40203796
124 122.315886796
123.8 122.22941891
123.6 122.142992151
123.4 122.056570197
123.2 121.970193797
123 121.883855641
122.8 121.797099971
122.6 121.710425895
122.4 121.623807836
122.2 121.537229284
122 121.450978313
121.8 121.364294095
121.6 121.277590191
121.4 121.19085657
121.2 121.104043961
121 121.017063856
120.8 120.930102471
120.6 120.843226272
120.4 120.756341937
120.2 120.6694368
120 120.582496822
119.8 120.495164085
119.6 120.408302383
119.4 120.321419078
119.2 120.234516275
119 120.147584021
118.8 120.060179412
118.6 119.972941788
118.4 119.886053601
118.2 119.799157191
118 119.712227225
117.8 119.624855519
117.6 119.537477161
117.4 119.450348171
117.2 119.363379449
117 119.276334256
116.8 119.188704198
116.6 119.100979424
116.4 119.013209215
116.2 118.925980383
116 118.838971227
115.8 118.751505441
115.6 118.663933724
115.4 118.576265687
115.2 118.488584944
115 118.401275195
114.8 118.313572951
114.6 118.225957328
114.4 118.138372088
114.2 118.050781335
114 117.96340093
113.8 117.875644892
113.6 117.787904179
113.4 117.700161099
113.2 117.612408054
113 117.524647534
112.8 117.436862187
112.6 117.34903847
112.4 117.261136571
112.2 117.173201764
112 117.085262835
111.8 116.997044709
111.6 116.909399073
111.4 116.821697131
111.2 116.733920902
111 116.646042973
110.8 116.557647115
110.6 116.469384468
110.4 116.381390727
110.2 116.293393123
110 116.205376029
109.8 116.116830349
109.6 116.028287357
109.4 115.940208811
109.2 115.852345243
109 115.764473751
108.8 115.676097718
108.6 115.58773666
108.4 115.499373101
108.2 115.411347065
108 115.323315755
107.8 115.234778097
107.6 115.146221942
107.4 115.057651157
107.2 114.96924394
107 114.881118365
106.8 114.792409958
106.6 114.703768736
106.4 114.615217191
106.2 114.526748673
106 114.438561093
105.8 114.349943414
105.6 114.261317372
105.4 114.172686273
105.2 114.084019099
105 113.995283249
104.8 113.906539911
104.6 113.817828405
104.4 113.729193965
104.2 113.640652305
104 113.552189618
103.8 113.463288365
103.6 113.374425948
103.4 113.285496542
103.2 113.19654547
103 113.107642114
102.8 113.018352737
102.6 112.929669094
102.4 112.841105585
102.2 112.752479279
102 112.663768113
101.8 112.574473441
101.6 112.485225138
101.4 112.396222659
101.2 112.307224387
101 112.218200654
100.8 112.128637475
100.6 112.039074312
100.4 111.949980433
100.2 111.861260637
100 111.772575483
99.8 111.683523342
99.6 111.594432551
99.4 111.505271944
99.2 111.416201291
99 111.327101693
98.8 111.2374531
98.6 111.147813869
98.4 111.058177751
98.2 110.96882896
98 110.880014159
97.8 110.790670129
97.6 110.701321668
97.4 110.612002558
97.2 110.522713984
97 110.433571868
96.8 110.343884133
96.6 110.254200434
96.4 110.164523274
96.2 110.074835212
96 109.985239939
95.8 109.895863393
95.6 109.806486607
95.4 109.717133921
95.2 109.627807004
95 109.538484842
94.8 109.448459319
94.6 109.358505112
94.4 109.268572161
94.2 109.178664374
94 109.088778734
93.8 108.998485406
93.6 108.909166684
93.4 108.819819888
93.2 108.730421346
93 108.640961856
92.8 108.550838393
92.6 108.460836396
92.4 108.371068156
92.2 108.281396037
92 108.191703051
91.8 108.101267117
91.6 108.01078359
91.4 107.921076001
91.2 107.831491548
91 107.741944283
90.8 107.651811403
90.6 107.561664844
90.4 107.471586414
90.2 107.38160854
90 107.291619301
89.8 107.200999141
89.6 107.110411149
89.4 107.019834523
89.2 106.930026063
89 106.840452313
88.8 106.750294495
88.6 106.660150176
88.4 106.57004618
88.2 106.479989214
88 106.389969893
87.8 106.299299635
87.6 106.208676374
87.4 106.118084633
87.2 106.027508754
87 105.937627722
86.8 105.847468672
86.6 105.757291949
86.4 105.66714269
86.2 105.577032436
86 105.486949574
85.8 105.396262732
85.6 105.305619026
85.4 105.215020234
85.2 105.124449855
85 105.033873111
84.8 104.943103602
84.6 104.852693984
84.4 104.762300852
84.2 104.671935516
84 104.581607133
83.8 104.490808678
83.6 104.400140688
83.4 104.309526047
83.2 104.218954569
83 104.128379256
82.8 104.03697775
82.6 103.946108096
82.4 103.855632883
82.2 103.765235174
82 103.674926281
81.8 103.583881664
81.6 103.492825927
81.4 103.402000471
81.2 103.311233687
81 103.220469892
80.8 103.129053104
80.6 103.037690879
80.4 102.946860934
80.2 102.856397793
80 102.765944228
79.8 102.674869868
79.6 102.583757269
79.4 102.492699074
79.2 102.401930961
79 102.311175659
78.8 102.219737377
78.6 102.128373259
78.4 102.037052221
78.2 101.946192379
78 101.855654821
77.8 101.764261863
77.6 101.672839213
77.4 101.581489683
77.2 101.490307884
77 101.399578236
76.8 101.308108775
76.6 101.216693205
76.4 101.125337708
76.2 101.034027313
76 100.94316661
75.8 100.851730906
75.6 100.760272598
75.4 100.66885429
75.2 100.577517575
75 100.486337318
74.8 100.394789222
74.6 100.303258631
74.4 100.211747691
74.2 100.120254857
74 100.028774887
73.8 99.9370189952
73.6 99.8456094084
73.4 99.7542447744
73.2 99.6629083336
73 99.571623176
72.8 99.4796265828
72.6 99.3879314972
72.4 99.2963029892
72.2 99.2047464552
72 99.113236636
71.8 99.0209377849
71.6 98.92926309
71.4 98.8377703964
71.2 98.7462949518
71 98.654884219
70.8 98.5626742126
70.6 98.4706292871
70.4 98.3789298218
70.2 98.2872996746
70 98.195745617
69.8 98.103355461
69.6 98.0110674015
69.4 97.9193798436
69.2 97.8277828034
69 97.736231893
68.8 97.6439019146
68.6 97.5516001884
68.4 97.4595444909
68.2 97.3678199086
68 97.276196763
67.8 97.183732447
67.6 97.0913708864
67.4 96.9990855239
67.2 96.907404542
67 96.815739274
66.8 96.7232464076
66.6 96.630810261
66.4 96.5383946009
66.2 96.4463607294
66 96.354705587
65.8 96.2621266398
65.6 96.1696631788
65.4 96.0772819756
65.2 95.9850349219
65 95.893235505
64.8 95.8006043434
64.6 95.7080523254
64.4 95.6155194346
64.2 95.5230238173
64 95.431123838
63.8 95.3384420484
63.6 95.2458585976
63.4 95.1533648432
63.2 95.0609435235
63 94.968727004
62.8 94.8759225512
62.6 94.783243346
62.4 94.6906041916
62.2 94.5980056522
62 94.505534053
61.8 94.4127416722
61.6 94.3200547756
61.4 94.2274472508
61.2 94.1349193576
61 94.042460084
60.8 93.9493084741
60.6 93.856468788
60.4 93.7636850148
60.2 93.6709461866
60 93.578281969
59.8 93.4848635341
59.6 93.3920777486
59.4 93.2993645402
59.2 93.2067398548
59 93.114205122
58.8 93.0206905682
58.6 92.927612821
58.4 92.834703253
58.2 92.7418519796
58 92.64906165
57.8 92.5553631484
57.6 92.4620072489
57.4 92.369161266
57.2 92.2764140842
57 92.183788121
56.8 92.0901676058
56.6 91.9966608407
56.4 91.903595753
56.2 91.810600662
56 91.717637002
55.8 91.6237503172
55.6 91.5299349775
55.4 91.4367290614
55.2 91.3438667772
55 91.251140714
54.8 91.1574148892
54.6 91.0637688518
54.4 90.9703293481
54.2 90.87718254
54 90.784064248
53.8 90.689989844
53.6 90.5960159958
53.4 90.5021098107
53.2 90.4091214684
53 90.31625621
52.8 90.222409758
52.6 90.1286201236
52.4 90.0349784235
52.2 89.9416216284
52 89.848351166
51.8 89.7540821644
51.6 89.6599199418
51.4 89.5658432647
51.2 89.4721178514
51 89.379114397
50.8 89.2851649298
50.6 89.1912567018
50.4 89.0974968434
50.2 89.0038917452
50 88.910481282
49.8 88.8159888876
49.6 88.7216099022
49.4 88.627356553
49.2 88.533184991
49 88.439678237
48.8 88.3456558434
48.6 88.2516397
48.4 88.1577625456
48.2 88.0640568435
48 87.970483854
47.8 87.8757748516
47.6 87.7812059222
47.4 87.6868174966
47.2 87.5925575147
47 87.49830044
46.8 87.4041207208
46.6 87.3099470406
46.4 87.2158984154
46.2 87.1220112802
46 87.028239489
45.8 86.9333759682
45.6 86.8386910708
45.4 86.7442027244
45.2 86.6498687986
45 86.555538297
44.8 86.4605816203
44.6 86.366236347
44.4 86.2720050098
44.2 86.1779258132
44 86.084001362
43.8 85.9888552371
43.6 85.894022483
43.4 85.7994009466
43.2 85.7049682256
43 85.610578716
42.8 85.5150609979
42.6 85.4204168494
42.4 85.3260215994
42.2 85.231751549
42 85.137638569
41.8 85.0422898058
41.6 84.9471853369
41.4 84.8524408308
41.2 84.7579107106
41 84.663479537
40.8 84.567802137
40.6 84.4725842222
40.4 84.3780622524
40.2 84.2836435318
40 84.189388931
39.8 84.093861139
39.6 83.9984043441
39.4 83.9035556356
39.2 83.8089390754
39 83.714518189
38.8 83.618650365
38.6 83.5230867816
38.4 83.428228678
38.2 83.3336485804
38 83.239271194
37.8 83.143546826
37.6 83.047953582
37.4 82.9527645831
37.2 82.8580416854
37 82.763629019
36.8 82.6676335694
36.6 82.5720073166
36.4 82.4767401607
36.2 82.3820809512
36 82.287599996
35.8 82.191692916
35.6 82.095973009
35.4 82.0003580472
35.2 81.9055627882
35 81.811160505
34.8 81.7150526402
34.6 81.6193475542
34.4 81.5238963031
34.2 81.4290388494
34 81.334476247
33.8 81.2383884222
33.6 81.1425990998
33.4 81.0469074858
33.2 80.9517489714
33 80.857447937
32.8 80.761288825
32.6 80.6655230046
32.4 80.5700569546
32.2 80.4749317104
32 80.380292356
31.8 80.2840732816
31.6 80.1882357958
31.4 80.0925450146
31.2 79.9970475736
31 79.902753554
30.8 79.80661159
30.6 79.7108067216
30.4 79.615329552
30.2 79.5201262058
30 79.425448313
29.8 79.3291235834
29.6 79.2332410874
29.4 79.1375606302
29.2 79.0420718068
29 78.947467897
28.8 78.8514040538
28.6 78.7555874946
28.4 78.6601061046
28.2 78.564959652
28 78.470184579
27.8 78.3737897662
27.6 78.2778921008
27.4 78.1822873116
27.2 78.0869167732
27 77.991943783
26.8 77.8959748278
26.6 77.8001893844
26.4 77.704759362
26.2 77.6097362934
26 77.515051335
25.8 77.4185844079
25.6 77.3226747154
25.4 77.2271507978
25.2 77.1319224954
25 77.036909521
24.8 76.9407990543
24.6 76.8451411308
24.4 76.7498325676
24.2 76.6549573536
24 76.560447752
23.8 76.4639030665
23.6 76.368018645
23.4 76.272629979
23.2 76.177629721
23 76.082719505
22.8 75.9863747699
22.6 75.8909054056
22.4 75.7957624256
22.2 75.7010556162
22 75.606729001
21.8 75.5102614354
21.6 75.414368977
21.4 75.3191600114
21.2 75.2244951366
21 75.129790843
20.8 75.0335660102
20.6 74.9380479357
20.4 74.8431520254
20.2 74.7486822906
20 74.654617041
19.8 74.5583919706
19.6 74.4624433152
19.4 74.3675038232
19.2 74.2732130768
19 74.179038644
18.8 74.0828238968
18.6 73.9872132353
18.4 73.8925804892
18.2 73.7983180282
18 73.704586089
17.8 73.608543885
17.6 73.5126293345
17.4 73.4179050596
17.2 73.3239525558
17 73.230341971
16.8 73.1341481806
16.6 73.0387525729
16.4 72.9441622408
16.2 72.8501618712
16 72.756713852
15.8 72.6606480568
15.6 72.5648830176
15.4 72.4698908962
15.2 72.3761063102
15 72.282981247
14.8 72.1864875974
14.6 72.0909692526
14.4 71.9960821197
14.2 71.9021160096
14 71.808644012
13.8 71.7128735696
13.6 71.6177155196
13.4 71.5229786733
13.2 71.4295246658
13 71.337356925
12.8 71.2421031002
12.6 71.1479687392
12.4 71.0546506963
12.2 70.9620827738
12 70.870138973
11.8 70.7746935426
11.6 70.6803407014
11.4 70.5863662842
11.2 70.4930015736
11 70.402094685
10.8 70.3058118386
10.6 70.2106323418
10.4 70.1163767934
10.2 70.0228451639
10 69.930158012
9.8 69.8328808416
9.6 69.737007964
9.4 69.641756624
9.2 69.5470745501
9 69.454137996
8.8 69.3565767912
8.6 69.2597236992
8.4 69.163887346
8.2 69.0690830858
8 68.975169873
7.8 68.8763514474
7.6 68.778949428
7.4 68.6825934172
7.2 68.58700434
7 68.492077267
6.8 68.3937406966
6.6 68.295603025
6.4 68.1985804978
6.2 68.1029330256
6 68.008264184
5.8 67.9084816245
5.6 67.8099278332
5.4 67.71295341
5.2 67.617182571
5 67.521442443
4.8 67.4221932183
4.6 67.3238615812
4.4 67.2265581668
4.2 67.1306336876
4 67.036454558
3.8 66.9367909207
3.6 66.8386676342
3.4 66.7421351822
3.2 66.6471562446
3 66.553361923
2.8 66.453128376
2.6 66.3571357818
2.4 66.2623421698
2.2 66.1685107348
2 66.077334106
1.8 65.9814929863
1.6 65.8869544342
1.4 65.7941810906
1.2 65.7036089836
1 65.615317434
0.8 65.5198967688
0.6 65.4292814212
0.4 65.3435608092
0.2 65.2613571406
0 65.179418027
