200 159.662797451
199.8 159.591997957
199.6 159.52116056
199.4 159.450280255
199.2 159.379210291
199 159.307838961
198.8 159.23646439
198.6 159.165009093
198.4 159.093474889
198.2 159.021885115
198 158.950569242
197.8 158.879121512
197.6 158.807379741
197.4 158.73550362
197.2 158.663518143
197 158.591313601
196.8 158.519217491
196.6 158.447244195
196.4 158.375222936
196.2 158.303041375
196 158.230660319
195.8 158.158074379
195.6 158.085242284
195.4 158.012283304
195.2 157.939592791
195 157.866927475
194.8 157.794053012
194.6 157.721014112
194.4 157.647878611
194.2 157.574615038
194 157.501092613
193.8 157.427779199
193.6 157.354376891
193.4 157.280845061
193.2 157.207167477
193 157.133348316
192.8 157.059654326
192.6 156.98564037
192.4 156.911748807
192.2 156.837793499
192 156.763718337
191.8 156.689499515
191.6 156.615138895
191.4 156.540692607
191.2 156.466234155
191 156.391660817
190.8 156.317106892
190.6 156.242376822
190.4 156.167510623
190.2 156.092533153
190 156.017454118
189.8 155.942738905
189.6 155.867727646
189.4 155.792575034
189.2 155.717337709
189 155.641900927
188.8 155.566307693
188.6 155.490675221
188.4 155.415251757
188.2 155.339687664
188 155.263890654
187.8 155.18806141
187.6 155.112015372
187.4 155.03581976
187.2 154.959749857
187 154.883823343
186.8 154.807713427
186.6 154.731406391
186.4 154.654998183
186.2 154.578418255
186 154.501429558
185.8 154.424658317
185.6 154.347823307
185.4 154.270931003
185.2 154.193977189
185 154.116941094
184.8 154.039880705
184.6 153.962712824
184.4 153.88561567
184.2 153.80845409
184 153.731138319
183.8 153.653529924
183.6 153.575711065
183.4 153.497815412
183.2 153.420146057
183 153.342231169
182.8 153.264479735
182.6 153.186540109
182.4 153.108456498
182.2 153.030265572
182 152.952240493
181.8 152.87417634
181.6 152.795729613
181.4 152.717141831
181.2 152.63846358
181 152.559554517
180.8 152.480782227
180.6 152.402234578
180.4 152.323533672
180.2 152.244608289
180 152.16536966
179.8 152.086142832
179.6 152.006765407
179.4 151.927697475
179.2 151.848617262
179 151.769408673
178.8 151.689911288
178.6 151.610147399
178.4 151.530298671
178.2 151.450607437
178 151.370786861
177.8 151.290954879
177.6 151.210936797
177.4 151.130777747
177.2 151.050511865
177 150.970303182
176.8 150.890333892
176.6 150.809980941
176.4 150.729481673
176.2 150.648884189
176 150.568047345
175.8 150.487352195
175.6 150.406942408
175.4 150.326380247
175.2 150.245605922
175 150.164524734
174.8 150.083395445
174.6 150.001999255
174.4 149.920841349
174.2 149.839634851
174 149.758278146
173.8 149.676728418
173.6 149.595031124
173.4 149.51327302
173.2 149.431816169
173 149.350184843
172.8 149.268484292
172.6 149.186600322
172.4 149.104573125
172.2 149.022436881
172 148.940484237
171.8 148.858478835
171.6 148.776239354
171.4 148.693891084
171.2 148.611437386
171 148.528759688
170.8 148.446251297
170.6 148.363836
170.4 148.28130075
170.2 148.198623407
170 148.115794957
169.8 148.032896555
169.6 147.949779843
169.4 147.866580336
169.2 147.783282954
169 147.699853092
168.8 147.616350061
168.6 147.532788288
168.4 147.449505631
168.2 147.366318386
168 147.28288272
167.8 147.199369318
167.6 147.115549535
167.4 147.031508349
167.2 146.947510633
167 146.863547936
166.8 146.779461006
166.6 146.695297354
166.4 146.61108573
166.2 146.526781049
166 146.442613535
165.8 146.358277212
165.6 146.27383036
165.4 146.189258963
165.2 146.104561549
165 146.019749194
164.8 145.935253972
164.6 145.85057315
164.4 145.765775436
164.2 145.680852068
164 145.59565717
163.8 145.510107059
163.6 145.424998341
163.4 145.339922002
163.2 145.254791176
163 145.169553697
162.8 145.084073127
162.6 144.998380323
162.4 144.912785806
162.2 144.827108956
162 144.741339982
161.8 144.655304825
161.6 144.569136095
161.4 144.483022922
161.2 144.397298777
161 144.311350614
160.8 144.225274664
160.6 144.139039463
160.4 144.052649817
160.2 143.966245885
160 143.879954703
159.8 143.793424262
159.6 143.706711292
159.4 143.619899851
159.2 143.532989141
159 143.446275115
158.8 143.359627807
158.6 143.272866523
158.4 143.18597973
158.2 143.0989622
158 143.011815012
157.8 142.924769013
157.6 142.837530086
157.4 142.750156877
157.2 142.662676895
157 142.575057805
156.8 142.487247808
156.6 142.399953339
156.4 142.312508586
156.2 142.22485683
156 142.136958838
155.8 142.048861623
155.6 141.960822255
155.4 141.87285613
155.2 141.784813154
155 141.696680784
154.8 141.608233428
154.6 141.519674837
154.4 141.431639471
154.2 141.343670449
154 141.255496427
153.8 141.166938624
153.6 141.078242588
153.4 140.989421451
153.2 140.900636282
153 140.811780855
152.8 140.722870645
152.6 140.633796078
152.4 140.544624475
152.2 140.455741936
152 140.367088243
151.8 140.277977606
151.6 140.188780272
151.4 140.099430877
151.2 140.009939008
151 139.920559935
150.8 139.831073152
150.6 139.741315943
150.4 139.65137977
150.2 139.561308305
150 139.471366907
149.8 139.381928056
149.6 139.292428207
149.4 139.20280475
149.2 139.113037336
149 139.023147881
148.8 138.933009037
148.6 138.8427313
148.4 138.752305385
148.2 138.661757707
148 138.571115732
147.8 138.48029118
147.6 138.390091285
147.4 138.299794742
147.2 138.209369183
147 138.118809342
146.8 138.028039813
146.6 137.93722711
146.4 137.846285932
146.2 137.755205452
146 137.664065182
145.8 137.57253145
145.6 137.481113694
145.4 137.390341837
145.2 137.29945671
145 137.208434969
144.8 137.117149263
144.6 137.025768573
144.4 136.934280885
144.2 136.842680243
144 136.751020983
143.8 136.658877865
143.6 136.566533339
143.4 136.47434499
143.2 136.382794461
143 136.291122869
142.8 136.199321619
142.6 136.107466143
142.4 136.015445644
142.2 135.923309869
142 135.831148371
141.8 135.738668701
141.6 135.646053821
141.4 135.553330701
141.2 135.46093058
141 135.368989184
140.8 135.27649782
140.6 135.183941216
140.4 135.091235888
140.2 134.998381606
140 134.905519284
139.8 134.81257344
139.6 134.719474518
139.4 134.62624644
139.2 134.53291593
139 134.440151557
138.8 134.347159692
138.6 134.254122114
138.4 134.160956299
138.2 134.067642997
138 133.974236218
137.8 133.880757898
137.6 133.787045223
137.4 133.693082625
137.2 133.598945665
137 133.504801035
136.8 133.411542678
136.6 133.318316644
136.4 133.224919754
136.2 133.131298691
136 133.037487656
135.8 132.943355494
135.6 132.849102768
135.4 132.754677457
135.2 132.660111034
135 132.565524638
134.8 132.470789388
134.6 132.376796669
134.4 132.282709318
134.2 132.188494116
134 132.0941737
133.8 131.999558751
133.6 131.904816525
133.4 131.809900287
133.2 131.714828139
133 131.619724065
132.8 131.524141294
132.6 131.429381331
132.4 131.334834188
132.2 131.240183169
132 131.145417243
131.8 131.050309974
131.6 130.95513271
131.4 130.859723796
131.2 130.764145541
131 130.668540835
130.8 130.572318697
130.6 130.476299618
130.4 130.381095147
130.2 130.285788101
130 130.190356404
129.8 130.094743114
129.6 129.999110539
129.4 129.903216656
129.2 129.807164288
129 129.711097419
128.8 129.614455116
128.6 129.517640429
128.4 129.421745854
128.2 129.32603023
128 129.230267704
127.8 129.134226143
127.6 129.038169958
127.4 128.941769956
127.2 128.845056284
127 128.748327315
126.8 128.651185286
126.6 128.553918982
126.4 128.4570783
126.2 128.360795909
126 128.264410436
125.8 128.167768991
125.6 128.071110666
125.4 127.974300147
125.2 127.877315301
125 127.780283093
124.8 127.682685018
124.6 127.58495732
124.4 127.487275377
124.2 127.390491149
124 127.29361935
123.8 127.196277324
123.6 127.098906571
123.4 127.001387076
123.2 126.903728035
123 126.806037858
122.8 126.70795981
122.6 126.609763968
122.4 126.511460947
122.2 126.414045566
122 126.316678718
121.8 126.218837324
121.6 126.120935786
121.4 126.02290278
121.2 125.924773192
121 125.826583326
120.8 125.72804991
120.6 125.629382759
120.4 125.530603692
120.2 125.432477397
120 125.334604949
119.8 125.236247891
119.6 125.137824315
119.4 125.039277666
119.2 124.940657148
119 124.841982707
118.8 124.742843721
118.6 124.643659842
118.4 124.544434205
118.2 124.445702892
118 124.347336382
117.8 124.248319
117.6 124.149206543
117.4 124.049951773
117.2 123.950631181
117 123.851305455
116.8 123.751819223
116.6 123.652180088
116.4 123.552426401
116.2 123.453074412
116 123.354158282
115.8 123.254572487
115.6 123.154898036
115.4 123.055098859
115.2 122.955255361
115 122.855421081
114.8 122.755238941
114.6 122.654912955
114.4 122.554469579
114.2 122.454417796
114 122.354866818
113.8 122.255014005
113.6 122.155072028
113.4 122.054961641
113.2 121.954722707
113 121.854389459
112.8 121.753721958
112.6 121.652894992
112.4 121.551942036
112.2 121.451357592
112 121.35119459
111.8 121.250541204
111.6 121.149783623
111.4 121.048913256
111.2 120.948065546
111 120.84722428
110.8 120.74604877
110.6 120.644710064
110.4 120.54325164
110.2 120.442239821
110 120.341517091
109.8 120.240302444
109.6 120.138975233
109.4 120.037548939
109.2 119.936224389
109 119.834878042
108.8 119.733190098
108.6 119.631334615
108.4 119.529358339
108.2 119.427934834
108 119.326638892
107.8 119.22466065
107.6 119.122577614
107.4 119.020422811
107.2 118.918607345
107 118.816846013
106.8 118.714699149
106.6 118.612262356
106.4 118.509637505
106.2 118.407644594
106 118.305688798
105.8 118.203405201
105.6 118.100988263
105.4 117.998474271
105.2 117.896175686
105 117.793581709
104.8 117.690646503
104.6 117.58750751
104.4 117.484383017
104.2 117.381889007
104 117.279350981
103.8 117.176263902
103.6 117.073050535
103.4 116.969919586
103.2 116.867081365
103 116.76407285
102.8 116.660862842
102.6 116.557321304
102.4 116.453919262
102.2 116.350797105
102 116.247539669
101.8 116.143791896
101.6 116.039918005
101.4 115.936320709
101.2 115.832840139
101 115.729173511
100.8 115.625140852
100.6 115.520904831
100.4 115.417142868
100.2 115.313426166
100 115.20948562
99.8 115.105094331
99.6 115.000597432
99.4 114.896675578
99.2 114.792635387
99 114.688407809
98.8 114.583827549
98.6 114.479153213
98.4 114.374911786
98.2 114.270573312
98 114.165966183
97.8 114.060914546
97.6 113.956116033
97.4 113.851633516
97.2 113.747025013
97 113.642253458
96.8 113.536883938
96.6 113.431662404
96.4 113.32653981
96.2 113.221376508
96 113.116160005
95.8 113.010468572
95.6 112.905441139
95.4 112.800344646
95.2 112.695043356
95 112.58948949
94.8 112.483598627
94.6 112.377976419
94.4 112.272246766
94.2 112.166423034
94 112.06043458
93.8 111.954481398
93.6 111.848912019
93.4 111.743169203
93.2 111.637225908
93 111.531067222
92.8 111.424851115
92.6 111.31855798
92.4 111.21215384
92.2 111.105653105
92 110.998978504
91.8 110.892707409
91.6 110.786364311
91.4 110.679912019
91.2 110.573336899
91 110.466789179
90.8 110.35995947
90.6 110.252816368
90.4 110.145498336
90.2 110.038095661
90 109.931311801
89.8 109.824399033
89.6 109.717410832
89.4 109.610300785
89.2 109.50306657
89 109.396129228
88.8 109.288523062
88.6 109.180640167
88.4 109.072600686
88.2 108.964845643
88 108.857791975
87.8 108.750244417
87.6 108.642510706
87.4 108.534561831
87.2 108.426648372
87 108.318775773
86.8 108.21044209
86.6 108.101954645
86.4 107.993449822
86.2 107.885839519
86 107.777966753
85.8 107.669441083
85.6 107.560877013
85.4 107.452435728
85.2 107.344135004
85 107.235718578
84.8 107.126465935
84.6 107.017030794
84.4 106.90846189
84.2 106.799976349
84 106.691357493
83.8 106.58212719
83.6 106.472860602
83.4 106.363641995
83.2 106.254307615
83 106.144874513
82.8 106.034880793
82.6 105.925735914
82.4 105.816868773
82.2 105.70780763
82 105.598525375
81.8 105.488599662
81.6 105.378735064
81.4 105.268724138
81.2 105.158564353
81 105.048271656
80.8 104.938000915
80.6 104.828251847
80.4 104.718405721
80.2 104.608437803
80 104.498357452
79.8 104.387806662
79.6 104.277095533
79.4 104.166247439
79.2 104.055276969
79 103.944858238
78.8 103.834212586
78.6 103.723558736
78.4 103.612874383
78.2 103.502160846
78 103.391572453
77.8 103.280109175
77.6 103.168414336
77.4 103.056529977
77.2 102.945294158
77 102.834783137
76.8 102.723659336
76.6 102.612500471
76.4 102.501122039
76.2 102.389383224
76 102.277603611
75.8 102.165010187
75.6 102.052275597
75.4 101.940355723
75.2 101.82914272
75 101.717830747
74.8 101.605905909
74.6 101.493976002
74.4 101.381600846
74.2 101.26897679
74 101.156321734
73.8 101.04279241
73.6 100.930291726
73.4 100.818331235
73.2 100.706218499
73 100.593940109
72.8 100.480898026
72.6 100.367756151
72.4 100.254462925
72.2 100.141040212
72 100.027601987
71.8 99.9144164318
71.6 99.801556757
71.4 99.6885843994
71.2 99.5754667394
71 99.462225977
70.8 99.3482615242
70.6 99.23416332
70.4 99.1199389156
70.2 99.0056261579
70 98.892711528
69.8 98.77891518
69.6 98.665073973
69.4 98.5510896116
69.2 98.4369898648
69 98.322875008
68.8 98.20792608
68.6 98.0928533852
68.4 97.9779900981
68.2 97.8642454806
68 97.750374407
67.8 97.6355235518
67.6 97.5206207721
67.4 97.4057318168
67.2 97.290754527
67 97.175715595
66.8 97.0597717342
66.6 96.94440652
66.4 96.8296687174
66.2 96.7148262146
66 96.599855721
65.8 96.4839703027
65.6 96.3682655946
65.4 96.2524463654
65.2 96.136513895
65 96.020527691
64.8 95.9046674678
64.6 95.7889252898
64.4 95.6730878294
64.2 95.5571423311
64 95.441223774
63.8 95.324590022
63.6 95.2078356802
63.4 95.0909663142
63.2 94.9742915375
63 94.858566403
62.8 94.7418118718
62.6 94.6249596
62.4 94.5080102307
62.2 94.3913255514
62 94.274567753
61.8 94.1568757834
61.6 94.0390414249
61.4 93.9219354654
61.2 93.8051604448
61 93.6882734
60.8 93.570315212
60.6 93.4525146814
60.4 93.3349278064
60.2 93.217228556
60 93.099423528
59.8 92.9808377592
59.6 92.8630535986
59.4 92.7451893862
59.2 92.6272357104
59 92.509117544
58.8 92.3905596523
58.6 92.2719565864
58.4 92.1532546816
58.2 92.0344645049
58 91.916393034
57.8 91.7975138172
57.6 91.6785063684
57.4 91.559415625
57.2 91.4405754876
57 91.321953818
56.8 91.202309546
56.6 91.0825443686
56.4 90.9630206519
56.2 90.844131559
56 90.725133091
55.8 90.6049638094
55.6 90.4847989947
55.4 90.3652554156
55.2 90.2456365408
55 90.125907212
54.8 90.0051120211
54.6 89.885044366
54.4 89.7649434416
54.2 89.6447712598
54 89.524448007
53.8 89.4036609433
53.6 89.2829802396
53.4 89.1622300448
53.2 89.0414129607
53 88.921122216
52.8 88.799941032
52.6 88.678615737
52.4 88.557223866
52.2 88.4362628762
52 88.315616265
51.8 88.1938101082
51.6 88.0719038786
51.4 87.9502711346
51.2 87.8290564718
51 87.707744211
50.8 87.5851082262
50.6 87.4627269668
50.4 87.3410490664
50.2 87.2193178536
50 87.097497404
49.8 86.9745753074
49.6 86.8521141512
49.4 86.7295859216
49.2 86.6069920671
49 86.484437152
48.8 86.3615519728
48.6 86.2386382102
48.4 86.1156775178
48.2 85.9927035218
48 85.870299518
47.8 85.7464898468
47.6 85.622579807
47.4 85.4986277229
47.2 85.3758854686
47 85.253079563
46.8 85.1289037766
46.6 85.004678976
46.4 84.8809296104
46.2 84.757146138
46 84.633298606
45.8 84.5079406393
45.6 84.3838470708
45.4 84.2598208192
45.2 84.1357663454
45 84.011671335
44.8 83.8865606005
44.6 83.761409187
44.4 83.6361962674
44.2 83.5109296312
44 83.386940248
43.8 83.2615818752
43.6 83.1362072886
43.4 83.0108150978
43.2 82.885763624
43 82.76068674
42.8 82.6340121712
42.6 82.5072930832
42.4 82.3820585668
42.2 82.2569045364
42 82.131707162
41.8 82.0049159849
41.6 81.8784177614
41.4 81.7518919794
41.2 81.6253186267
41 81.498708646
40.8 81.3721313436
40.6 81.2455540478
40.4 81.1189884546
40.2 80.992435864
40 80.86607033
39.8 80.7379798772
39.6 80.6098532144
39.4 80.4819620512
39.2 80.3556259454
39 80.229305327
38.8 80.1012162566
38.6 79.9731637298
38.4 79.8452578426
38.2 79.7173488322
38 79.589403361
37.8 79.4601857925
37.6 79.3322991726
37.4 79.204449841
37.2 79.0766476098
37 78.948908258
36.8 78.8192964772
36.6 78.6896882478
36.4 78.5601058866
36.2 78.431630841
36 78.304119945
35.8 78.1746444706
35.6 78.0451369203
35.4 77.9157814344
35.2 77.786540884
35 77.657291204
34.8 77.5260523612
34.6 77.3963834304
34.4 77.2671380012
34.2 77.1379438464
34 77.008799464
33.8 76.8777269847
33.6 76.7467507958
33.4 76.6158577858
33.2 76.485228203
33 76.356220081
32.8 76.2251102122
32.6 76.0939875304
32.4 75.9630725736
32.2 75.8325755362
32 75.702103913
31.8 75.5693954826
31.6 75.4375978849
31.4 75.3067641522
31.2 75.1760104832
31 75.045377344
30.8 74.9126348794
30.6 74.7801845612
30.4 74.6478847444
30.2 74.5157000809
30 74.385000549
29.8 74.252149193
29.6 74.11934098
29.4 73.9866989545
29.2 73.8548217532
29 73.723046154
28.8 73.588716406
28.6 73.455122722
28.4 73.3226614726
28.2 73.1902957556
28 73.058116734
27.8 72.9236519519
27.6 72.7896746486
27.4 72.6559209882
27.2 72.5223475107
27 72.390027158
26.8 72.255293606
26.6 72.120693749
26.4 71.9863110789
26.2 71.8529888032
26 71.719898492
25.8 71.58381024
25.6 71.448615856
25.4 71.3144443022
25.2 71.1803909478
25 71.046629995
24.8 70.9104378832
24.6 70.7748530296
24.4 70.63957417
24.2 70.5045474339
24 70.370827943
23.8 70.2340886414
23.6 70.0976411996
23.4 69.9616765255
23.2 69.8268174114
23 69.692394465
22.8 69.5543308914
22.6 69.4176437008
22.4 69.281658959
22.2 69.1458269294
22 69.010504931
21.8 68.8727018216
21.6 68.735390466
21.4 68.5985073596
21.2 68.462252529
21 68.326879665
20.8 68.187998161
20.6 68.0495227518
20.4 67.9121943248
20.2 67.7757049502
20 67.639795631
19.8 67.4996465838
19.6 67.3613802596
19.4 67.2234231412
19.2 67.0857447731
19 66.949266031
18.8 66.8094627054
18.6 66.6701314034
18.4 66.5313666839
18.2 66.3938726662
18 66.256853759
17.8 66.1156810406
17.6 65.9752147461
17.4 65.836452359
17.2 65.6982775866
17 65.560817569
16.8 65.4188835491
16.6 65.278186357
16.4 65.1380091666
16.2 64.9982618969
16 64.86096251
15.8 64.7188150644
15.6 64.5771015106
15.4 64.4366317026
15.2 64.2974382284
15 64.158475518
14.8 64.0137141221
14.6 63.8709114184
14.4 63.728999564
14.2 63.5879875081
14 63.447998114
13.8 63.3015515108
13.6 63.1561034264
13.4 63.0113802483
13.2 62.8688899932
13 62.727325946
12.8 62.578884226
12.6 62.43119469
12.4 62.285386434
12.2 62.1405872071
12 61.995798063
11.8 61.8463036326
11.6 61.6969210746
11.4 61.5485006291
11.2 61.402323344
11 61.256986156
10.8 61.10338538
10.6 60.9515185673
10.4 60.8016985806
10.2 60.6528482556
10 60.50547117
9.8 60.3494861626
9.6 60.1951060296
9.4 60.0420858641
9.2 59.8911404072
9 59.741520196
8.8 59.5823732912
8.6 59.4247698712
8.4 59.2693555892
8.2 59.1154565129
8 58.963140346
7.8 58.8003836348
7.6 58.6398205638
7.4 58.4803432469
7.2 58.3239053964
7 58.16965729
6.8 58.0011806924
6.6 57.8375207244
6.4 57.6752020596
6.2 57.513871666
6 57.356434107
5.8 57.1845837358
5.6 57.0136927784
5.4 56.8478483172
5.2 56.6837674556
5 56.519911498
4.8 56.3433276285
4.6 56.167063105
4.4 55.9931408097
4.2 55.8254175666
4 55.657618105
3.8 55.471187839
3.6 55.28884733
3.4 55.1082695617
3.2 54.9314598398
3 54.758950099
2.8 54.560528371
2.6 54.3682668324
2.4 54.178624475
2.2 53.9908184687
2 53.811480582
1.8 53.5973843452
1.6 53.3904537921
1.4 53.1883595344
1.2 52.9880891052
1 52.795126483
0.8 52.5549857325
0.6 52.3227192448
0.4 52.0954303057
0.2 51.8733745278
0 51.656380087
