200 165.801934764
199.8 165.728948983
199.6 165.655832785
199.4 165.582509655
199.2 165.509001121
199 165.435538881
198.8 165.362019311
198.6 165.288285214
198.4 165.214389563
198.2 165.140350771
198 165.066152692
197.8 164.991810053
197.6 164.917939315
197.4 164.843960296
197.2 164.7698295
197 164.695505679
196.8 164.621123874
196.6 164.546578258
196.4 164.471847183
196.2 164.396979734
196 164.322064832
195.8 164.24698557
195.6 164.171738732
195.4 164.096369124
195.2 164.020881363
195 163.945580535
194.8 163.870219825
194.6 163.794776303
194.4 163.719192362
194.2 163.643438339
194 163.567512512
193.8 163.491385582
193.6 163.415236112
193.4 163.338976723
193.2 163.262607056
193 163.186130494
192.8 163.109434241
192.6 163.032599962
192.4 162.956011916
192.2 162.879555902
192 162.802887872
191.8 162.725876179
191.6 162.64878537
191.4 162.571584684
191.2 162.494287121
191 162.417009644
190.8 162.339558469
190.6 162.261832577
190.4 162.183877522
190.2 162.105755764
190 162.027546674
189.8 161.94968853
189.6 161.871998221
189.4 161.794123962
189.2 161.716018593
189 161.637692273
188.8 161.55920707
188.6 161.480679729
188.4 161.402075933
188.2 161.323345864
188 161.244530916
187.8 161.165363121
187.6 161.085977226
187.4 161.006447054
187.2 160.927443984
187 160.848329678
186.8 160.76917825
186.6 160.689950084
186.4 160.610535812
186.2 160.530921864
186 160.451220255
185.8 160.371245881
185.6 160.291087854
185.4 160.210743475
185.2 160.130257416
185 160.049721718
184.8 159.969121746
184.6 159.888967656
184.4 159.808694124
184.2 159.728261071
184 159.647674829
183.8 159.567174607
183.6 159.486504896
183.4 159.405421015
183.2 159.324078047
183 159.242698967
182.8 159.16106416
182.6 159.079274374
182.4 158.997403541
182.2 158.916190896
182 158.834803894
181.8 158.753169766
181.6 158.671486795
181.4 158.589590919
181.2 158.507474431
181 158.42530857
180.8 158.342997262
180.6 158.260514498
180.4 158.177847958
180.2 158.09502877
180 158.012131512
179.8 157.929623624
179.6 157.84722481
179.4 157.764690733
179.2 157.681978685
179 157.5991216
178.8 157.516142231
178.6 157.432925857
178.4 157.349367741
178.2 157.265531504
178 157.181664646
177.8 157.097661436
177.6 157.013526572
177.4 156.930109038
177.2 156.846734113
177 156.763187796
176.8 156.679407889
176.6 156.595547891
176.4 156.511378999
176.2 156.426768902
176 156.342117891
175.8 156.257448551
175.6 156.172618145
175.4 156.08763805
175.2 156.002536363
175 155.91817911
174.8 155.83332341
174.6 155.748439359
174.4 155.663457411
174.2 155.578360029
174 155.493181277
173.8 155.407870326
173.6 155.322325247
173.4 155.236458212
173.2 155.150342119
173 155.064210594
172.8 154.978123707
172.6 154.892740594
172.4 154.807186008
172.2 154.721403534
172 154.635423452
171.8 154.549155456
171.6 154.462799124
171.4 154.376125197
171.2 154.289226902
171 154.202310264
170.8 154.115227306
170.6 154.028039941
170.4 153.941474051
170.2 153.855112389
170 153.76853542
169.8 153.681496963
169.6 153.594444442
169.4 153.507179455
169.2 153.419537702
169 153.33185789
168.8 153.24392876
168.6 153.155863303
168.4 153.067652625
168.2 152.979587303
168 152.892324783
167.8 152.804631217
167.6 152.716912424
167.4 152.62899757
167.2 152.540848697
167 152.452527381
166.8 152.364060063
166.6 152.275444746
166.4 152.186630345
166.2 152.097663486
166 152.008688509
165.8 151.919888379
165.6 151.831140286
165.4 151.742303196
165.2 151.653359413
165 151.56433022
164.8 151.475200931
164.6 151.385922566
164.4 151.296419555
164.2 151.20672887
164 151.11702624
163.8 151.026722222
163.6 150.936979498
163.4 150.84743547
163.2 150.757812876
163 150.668102711
162.8 150.578226941
162.6 150.488321547
162.4 150.397957807
162.2 150.30728032
162 150.216554612
161.8 150.125663179
161.6 150.03466914
161.4 149.944247429
161.2 149.854102215
161 149.763738796
160.8 149.67287887
160.6 149.581991953
160.4 149.490989592
160.2 149.399875697
160 149.308733895
159.8 149.217237082
159.6 149.125513309
159.4 149.033581308
159.2 148.942182097
159 148.851129368
158.8 148.759647909
158.6 148.668123472
158.4 148.576405024
158.2 148.484472226
158 148.392447338
157.8 148.300348386
157.6 148.208026677
157.4 148.115458131
157.2 148.022707743
157 147.93064452
156.8 147.838431014
156.6 147.746134043
156.4 147.653673893
156.2 147.561013685
156 147.468177434
155.8 147.375252377
155.6 147.282172465
155.4 147.188902396
155.2 147.095480389
155 147.002018183
154.8 146.90916301
154.6 146.816246134
154.4 146.723189685
154.2 146.629955441
154 146.536523491
153.8 146.442985813
153.6 146.349366632
153.4 146.255553454
153.2 146.16157
153 146.06753099
152.8 145.973379526
152.6 145.879721691
152.4 145.785940585
152.2 145.692003316
152 145.597872347
151.8 145.50331467
151.6 145.408858504
151.4 145.314301252
151.2 145.219640869
151 145.124944061
150.8 145.029782456
150.6 144.935001387
150.4 144.840380696
150.2 144.745688087
150 144.650902539
149.8 144.555940348
149.6 144.460942966
149.4 144.365729673
149.2 144.270237827
149 144.174594343
148.8 144.078785241
148.6 143.98304087
148.4 143.888008517
148.2 143.792825186
148 143.697385848
147.8 143.601533568
147.6 143.505579777
147.4 143.40973187
147.2 143.313807344
147 143.217822313
146.8 143.121377754
146.6 143.024738234
146.4 142.928605646
146.2 142.832587624
146 142.736412883
145.8 142.639915538
145.6 142.543309415
145.4 142.446648818
145.2 142.349896082
145 142.252980754
144.8 142.155919204
144.6 142.058737392
144.4 141.96186087
144.2 141.865445173
144 141.768802613
143.8 141.671647948
143.6 141.574414015
143.4 141.477079153
143.2 141.379704874
143 141.282184124
142.8 141.184307456
142.6 141.086315596
142.4 140.988372593
142.2 140.891175464
142 140.793835804
141.8 140.696137199
141.6 140.59832781
141.4 140.500334035
141.2 140.402241635
141 140.303917348
140.8 140.205433642
140.6 140.106846654
140.4 140.008179419
140.2 139.910259122
140 139.812299728
139.8 139.713985777
139.6 139.615531993
139.4 139.51691255
139.2 139.418223053
139 139.319290295
138.8 139.220198801
138.6 139.121006912
138.4 139.021744004
138.2 138.923059478
138 138.824391663
137.8 138.725243485
137.6 138.625880783
137.4 138.526410486
137.2 138.427160755
137 138.327906117
136.8 138.228301331
136.6 138.128475237
136.4 138.028493544
136.2 137.928943062
136 137.829503626
135.8 137.729733318
135.6 137.629741925
135.4 137.529640939
135.2 137.429781434
135 137.32994391
134.8 137.229729989
134.6 137.129306972
134.4 137.02872212
134.2 136.928537914
134 136.828457445
133.8 136.7280173
133.6 136.627407103
133.4 136.526689987
133.2 136.426110017
133 136.325400546
132.8 136.224509898
132.6 136.123382223
132.4 136.022096657
132.2 135.92134946
132 135.820682526
131.8 135.719627667
131.6 135.618397749
131.4 135.517080743
131.2 135.416048682
131 135.31484057
130.8 135.213442138
130.6 135.111678523
130.4 135.009690905
130.2 134.908237815
130 134.806722045
129.8 134.705052066
129.6 134.603190452
129.4 134.501237037
129.2 134.399703854
129 134.297932088
128.8 134.195963514
128.6 134.093611759
128.4 133.991086845
128.2 133.889065773
128 133.786923587
127.8 133.684545529
127.6 133.582078582
127.4 133.479635259
127.2 133.377373606
127 133.27470997
126.8 133.171888143
126.6 133.068919617
126.4 132.966121399
126.2 132.863708794
126 132.761064619
125.8 132.65789997
125.6 132.554554433
125.4 132.45145451
125.2 132.348648351
125 132.245699376
124.8 132.142388958
124.6 132.038800285
124.4 131.935410503
124.2 131.832133216
124 131.728685647
123.8 131.62486065
123.6 131.520891492
123.4 131.417344108
123.2 131.313782501
123 131.209975123
122.8 131.105975127
122.6 131.001706466
122.4 130.897854788
122.2 130.793927705
122 130.689828575
121.8 130.585324466
121.6 130.480847191
121.4 130.376944415
121.2 130.272889519
121 130.168603778
120.8 130.0640975
120.6 129.959530233
120.4 129.85512291
120.2 129.750583988
120 129.645764798
119.8 129.54038648
119.6 129.435427234
119.4 129.330721212
119.2 129.225934333
119 129.121035427
118.8 129.015931492
118.6 128.910784156
118.4 128.805499333
118.2 128.700073987
118 128.594445258
117.8 128.488708744
117.6 128.38368419
117.4 128.278470355
117.2 128.173012167
117 128.067266732
116.8 127.961446945
116.6 127.855803051
116.4 127.750079733
116.2 127.644257611
116 127.538238972
115.8 127.432170174
115.6 127.326357403
115.4 127.220404214
115.2 127.114286942
115 127.00802204
114.8 126.90182799
114.6 126.795415855
114.4 126.688856399
114.2 126.582167256
114 126.475496
113.8 126.369165207
113.6 126.262721157
113.4 126.156123966
113.2 126.049371649
113 125.942690361
112.8 125.835707174
112.6 125.728383446
112.4 125.620860678
112.2 125.51321899
112 125.40643467
111.8 125.299484101
111.6 125.192421746
111.4 125.085183102
111.2 124.977848012
111 124.870698139
110.8 124.763077482
110.6 124.655265289
110.4 124.547326706
110.2 124.439793563
110 124.332418859
109.8 124.224541986
109.6 124.116590154
109.4 124.008567045
109.2 123.900774029
109 123.792882666
108.8 123.684381625
108.6 123.575601393
108.4 123.46705904
108.2 123.359267649
108 123.251276627
107.8 123.143055609
107.6 123.034724199
107.4 122.926328955
107.2 122.817817015
107 122.70919165
106.8 122.599817628
106.6 122.490417009
106.4 122.38204056
106.2 122.273601663
106 122.165056944
105.8 122.055990886
105.6 121.946856648
105.4 121.83760206
105.2 121.728187454
105 121.618674576
104.8 121.508540197
104.6 121.399538445
104.4 121.290522
104.2 121.181345958
104 121.071998924
103.8 120.962285252
103.6 120.85233973
103.4 120.742110565
103.2 120.631652242
103 120.521093041
102.8 120.411288454
102.6 120.301715958
102.4 120.191994148
102.2 120.082092481
102 119.972079746
101.8 119.861683892
101.6 119.751089388
101.4 119.640312308
101.2 119.529395732
101 119.419418201
100.8 119.308999511
100.6 119.198540902
100.4 119.08790077
100.2 118.977069894
100 118.866174787
99.8 118.754826253
99.6 118.643190956
99.4 118.531336144
99.2 118.420503801
99 118.310011804
98.8 118.199082291
98.6 118.088128263
98.4 117.976976594
98.2 117.865541631
98 117.754048139
97.8 117.641745001
97.6 117.529274917
97.4 117.417876269
97.2 117.306788278
97 117.195565641
96.8 117.083713329
96.6 116.971812429
96.4 116.85957442
96.2 116.747139388
96 116.634708732
95.8 116.52154993
95.6 116.409617733
95.4 116.297860527
95.2 116.185928815
95 116.073809832
94.8 115.96094895
94.6 115.847943592
94.4 115.734745595
94.2 115.621391791
94 115.508022994
93.8 115.395608396
93.6 115.283246273
93.4 115.170648497
93.2 115.057754242
93 114.944604561
92.8 114.831136915
92.6 114.71749472
92.4 114.603690946
92.2 114.489903563
92 114.377400421
91.8 114.263946299
91.6 114.150435132
91.4 114.036738119
91.2 113.922857502
91 113.808926553
90.8 113.694396562
90.6 113.579680694
90.4 113.465308072
90.2 113.351903969
90 113.238415271
89.8 113.124362856
89.6 113.010263538
89.4 112.895921318
89.2 112.781306046
89 112.666576713
88.8 112.551178426
88.6 112.436403184
88.4 112.322120832
88.2 112.207695615
88 112.093063891
87.8 111.977840232
87.6 111.862713286
87.4 111.747405121
87.2 111.631924248
87 111.516370893
86.8 111.401247463
86.6 111.286166131
86.4 111.170932853
86.2 111.05552482
86 110.940053556
85.8 110.823970598
85.6 110.707708114
85.4 110.591281015
85.2 110.475008039
85 110.359679103
84.8 110.243755245
84.6 110.127716553
84.4 110.011529174
84.2 109.895443779
84 109.779254138
83.8 109.662248671
83.6 109.545029919
83.4 109.428458377
83.2 109.312295693
83 109.196045667
82.8 109.079162961
82.6 108.962329364
82.4 108.8455264
82.2 108.728456253
82 108.611183912
81.8 108.493323103
81.6 108.376316599
81.4 108.25918945
81.2 108.141922134
81 108.024413794
80.8 107.906664837
80.6 107.788881746
80.4 107.670934361
80.2 107.552838568
80 107.435259782
79.8 107.31742628
79.6 107.199390519
79.4 107.081219328
79.2 106.96307335
79 106.845079705
78.8 106.726501879
78.6 106.607704943
78.4 106.488867945
78.2 106.370903185
78 106.252715722
77.8 106.133555034
77.6 106.01418377
77.4 105.89542175
77.2 105.776692802
77 105.657877594
76.8 105.538398844
76.6 105.419081532
76.4 105.299862507
76.2 105.180529326
76 105.060946316
75.8 104.941187831
75.6 104.821698323
75.4 104.702057994
75.2 104.582266577
75 104.46263881
74.8 104.342684152
74.6 104.222458923
74.4 104.102115351
74.2 103.981776642
74 103.861845553
73.8 103.741270315
73.6 103.620467698
73.4 103.499520156
73.2 103.379368663
73 103.259066194
72.8 103.137869376
72.6 103.016493348
72.4 102.895799463
72.2 102.775022864
72 102.653891742
71.8 102.5322595
71.6 102.410927092
71.4 102.289680079
71.2 102.168281484
71 102.046516776
70.8 101.924645521
70.6 101.803048056
70.4 101.681309527
70.2 101.559423161
70 101.437768318
69.8 101.315619369
69.6 101.193210912
69.4 101.070681684
69.2 100.948493035
69 100.826692432
68.8 100.7039123
68.6 100.580944663
68.4 100.458041428
68.2 100.335422772
68 100.212681741
67.8 100.08891024
67.6 99.9653750172
67.4 99.8426495298
67.2 99.7197865006
67 99.596756339
66.8 99.4731866031
66.6 99.349623388
66.4 99.2258366824
66.2 99.101871813
66 98.977939364
65.8 98.8541976328
65.6 98.7303336978
65.4 98.6062973558
65.2 98.4821630534
65 98.358337134
64.8 98.2335045276
64.6 98.1084388734
64.4 97.9834382692
64.2 97.8595581474
64 97.735471189
63.8 97.6104433418
63.6 97.4853145379
63.4 97.3602948502
63.2 97.2351210592
63 97.109804392
62.8 96.9835552956
62.6 96.8585787014
62.4 96.7334693938
62.2 96.6081864171
62 96.48277753
61.8 96.3566982492
61.6 96.2303666768
61.4 96.103853488
61.2 95.9774906743
61 95.852322817
60.8 95.726075125
60.6 95.599745572
60.4 95.4732899707
60.2 95.3467943368
60 95.220199972
59.8 95.0923706112
59.6 94.9649083471
59.4 94.8386286082
59.2 94.712202901
59 94.585586041
58.8 94.4579761073
58.6 94.3302746056
58.4 94.2023850528
58.2 94.074337591
58 93.946958188
57.8 93.8193804032
57.6 93.6917731344
57.4 93.5640021115
57.2 93.436051807
57 93.308050767
56.8 93.1787995134
56.6 93.0493648271
56.4 92.9210555726
56.2 92.7933987852
56 92.665579438
55.8 92.5365341428
55.6 92.4073702767
55.4 92.2779826104
55.2 92.1484006044
55 92.01876837
54.8 91.8895630367
54.6 91.7606226148
54.4 91.6315049352
54.2 91.50217937
54 91.372697711
53.8 91.2419721126
53.6 91.1110787332
53.4 90.9803738654
53.2 90.8513183
53 90.722109288
52.8 90.5914904056
52.6 90.4608294915
52.4 90.330000888
52.2 90.1990151048
52 90.067988932
51.8 89.9364974944
51.6 89.8059119764
51.4 89.6751731516
51.2 89.5442531451
51 89.413283847
50.8 89.2810521646
50.6 89.1486692366
50.4 89.0161706162
50.2 88.885229531
50 88.754370227
49.8 88.6220041302
49.6 88.4895806962
49.4 88.357232611
49.2 88.2247525576
49 88.092208564
48.8 87.9587766924
48.6 87.8264288216
48.4 87.69395234
48.2 87.5613226281
48 87.428708442
47.8 87.2948489324
47.6 87.1608596266
47.4 87.0267540399
47.2 86.893910411
47 86.761283919
46.8 86.6270601838
46.6 86.4927773795
46.4 86.3588386522
46.2 86.2247792898
46 86.090625197
45.8 85.9554592398
45.6 85.8211844506
45.4 85.6867960038
45.2 85.5522829216
45 85.417967826
44.8 85.2823926268
44.6 85.1466735542
44.4 85.0108506501
44.2 84.8763340948
44 84.741800398
43.8 84.6055732668
43.6 84.4694098824
43.4 84.3337259486
43.2 84.197933066
43 84.062022626
42.8 83.9252871904
42.6 83.7890028416
42.4 83.6526119768
42.2 83.5161121695
42 83.380194582
41.8 83.2427438572
41.6 83.1051662684
41.4 82.9678157001
41.2 82.8313856188
41 82.69481203
40.8 82.5563918532
40.6 82.4185071097
40.4 82.2809642404
40.2 82.143328536
40 82.0055843
39.8 81.8672433673
39.6 81.7287599326
39.4 81.5901837012
39.2 81.4519267696
39 81.31427896
38.8 81.1748170616
38.6 81.0352299608
38.4 80.8963783816
38.2 80.757739919
38 80.618990391
37.8 80.4784394241
37.6 80.338935387
37.4 80.1993705686
37.2 80.0597413902
37 79.920643985
36.8 79.7799383282
36.6 79.639093733
36.4 79.4981946025
36.2 79.3586372676
36 79.218989998
35.8 79.0773424204
35.6 78.936019823
35.4 78.7951012792
35.2 78.654109198
35 78.513024598
34.8 78.3712105142
34.6 78.2295149506
34.4 78.0877872356
34.2 77.9463209794
34 77.805296317
33.8 77.6619929586
33.6 77.5186105406
33.4 77.3766901612
33.2 77.2349777218
33 77.093242645
32.8 76.9494655999
32.6 76.806046665
32.4 76.6625549974
32.2 76.5190027508
32 76.377074584
31.8 76.2330422136
31.6 76.0890175226
31.4 75.9451845025
31.2 75.801648289
31 75.658065349
30.8 75.5119806015
30.6 75.3677563084
30.4 75.223714888
30.2 75.0796849096
30 74.935840815
29.8 74.7896676598
29.6 74.6434690058
29.4 74.4972831361
29.2 74.3532501874
29 74.209256053
28.8 74.0626618866
28.6 73.9162688037
28.4 73.7700191676
28.2 73.623748798
28 73.477778587
27.8 73.3311051198
27.6 73.1844429908
27.4 73.0378583056
27.2 72.8915158746
27 72.745183557
26.8 72.5959883394
26.6 72.4476920142
26.4 72.3010638328
26.2 72.1545343516
26 72.008083522
25.8 71.8587439057
25.6 71.7095310448
25.4 71.5604236939
25.2 71.4128397258
25 71.266270801
24.8 71.1166473474
24.6 70.9670786903
24.4 70.8179362458
24.2 70.6689217028
24 70.519880146
23.8 70.3698083747
23.6 70.2200334492
23.4 70.0703608411
23.2 69.921112001
23 69.772150457
22.8 69.6198826434
22.6 69.4682514302
22.4 69.318461347
22.2 69.1687829914
22 69.019262761
21.8 68.8666987696
21.6 68.7144549786
21.4 68.5624323205
21.2 68.4117711276
21 68.262034446
20.8 68.1087120116
20.6 67.9557028568
20.4 67.8035794512
20.2 67.6516970995
20 67.499891934
19.8 67.3462778084
19.6 67.1928277612
19.4 67.0395311184
19.2 66.887329042
19 66.735723466
18.8 66.5798210084
18.6 66.4252523533
18.4 66.2718391452
18.2 66.1186206836
18 65.966152169
17.8 65.8100462866
17.6 65.6544106542
17.4 65.499144595
17.2 65.3457509156
17 65.192705214
16.8 65.0351923438
16.6 64.8789345438
16.4 64.723399681
16.2 64.5683305707
16 64.414439097
15.8 64.256402209
15.6 64.0988848208
15.4 63.9422251041
15.2 63.7869876862
15 63.632495999
14.8 63.4711581674
14.6 63.31201151
14.4 63.1531125604
14.2 62.9945187068
14 62.838645339
13.8 62.6755746366
13.6 62.5132180102
13.4 62.3528077336
13.2 62.1928383116
13 62.033415318
12.8 61.8685048449
12.6 61.7044910316
12.4 61.5412032057
12.2 61.3795280634
12 61.218400717
11.8 61.0500723122
11.6 60.8836167233
11.4 60.7185649276
11.2 60.5543774526
11 60.391420051
10.8 60.2207049462
10.6 60.0509109487
10.4 59.8833729088
10.2 59.7172599436
10 59.55217135
9.8 59.3787784759
9.6 59.2067256032
9.4 59.0356662394
9.2 58.8671554266
9 58.699854225
8.8 58.5234354942
8.6 58.3487598874
8.4 58.175469029
8.2 58.0032392733
8 57.833561182
7.8 57.6541451452
7.6 57.4756088281
7.4 57.2998182178
7.2 57.1252361157
7 56.952111267
6.8 56.7687758014
6.6 56.5870404814
6.4 56.4073620558
6.2 56.2297534822
6 56.053988039
5.8 55.8657309619
5.6 55.6803120136
5.4 55.4959460338
5.2 55.315138811
5 55.136115879
4.8 54.9423425355
4.6 54.7521690396
4.4 54.5636745162
4.2 54.3780322018
4 54.194487333
3.8 53.9945721044
3.6 53.7983907118
3.4 53.604557827
3.2 53.4136304524
3 53.224958926
2.8 53.016507325
2.6 52.812174268
2.4 52.610937243
2.2 52.4131702002
2 52.218026429
1.8 51.9960385419
1.6 51.7789731916
1.4 51.5655264601
1.2 51.3574939074
1 51.152074933
0.8 50.9021797791
0.6 50.6562861796
0.4 50.4166399524
0.2 50.1849566019
0 49.954983961
