200 175.389319718
199.8 175.333623588
199.6 175.277841914
199.4 175.221878171
199.2 175.165767193
199 175.109675169
198.8 175.053308082
198.6 174.996873824
198.4 174.940805414
198.2 174.884655139
198 174.828404233
197.8 174.771948943
197.6 174.715487725
197.4 174.658850652
197.2 174.602002275
197 174.545041621
196.8 174.488156565
196.6 174.431148359
196.4 174.373895457
196.2 174.316427532
196 174.258959606
195.8 174.201266399
195.6 174.143420654
195.4 174.085390252
195.2 174.02722948
195 173.969316466
194.8 173.911526647
194.6 173.853713644
194.4 173.795776847
194.2 173.737687034
194 173.679486364
193.8 173.621243733
193.6 173.562968576
193.4 173.504468006
193.2 173.445655966
193 173.386813328
192.8 173.327922973
192.6 173.268859321
192.4 173.209539586
192.2 173.150017887
192 173.090485245
191.8 173.030898672
191.6 172.971461849
191.4 172.91219765
191.2 172.852837187
191 172.793367833
190.8 172.733733529
190.6 172.674074638
190.4 172.614164424
190.2 172.55394387
190 172.493514711
189.8 172.433340984
189.6 172.373051784
189.4 172.312538117
189.2 172.251825857
189 172.191075742
188.8 172.130136192
188.6 172.069109255
188.4 172.008008382
188.2 171.947222247
188 171.886398077
187.8 171.825188649
187.6 171.763900185
187.4 171.702503353
187.2 171.640999734
187 171.579421818
186.8 171.517909038
186.6 171.456307049
186.4 171.394379723
186.2 171.332130626
186 171.269784406
185.8 171.207475057
185.6 171.145082891
185.4 171.08261224
185.2 171.020086368
185 170.957794052
184.8 170.895222278
184.6 170.832529053
184.4 170.769744906
184.2 170.70687443
184 170.643896282
183.8 170.580791414
183.6 170.517653761
183.4 170.454298853
183.2 170.390717405
183 170.327043623
182.8 170.263468689
182.6 170.199690515
182.4 170.135686273
182.2 170.071512908
182 170.007307142
181.8 169.94346811
181.6 169.879606378
181.4 169.81561473
181.2 169.751446199
181 169.687061071
180.8 169.622506213
180.6 169.557909709
180.4 169.493114151
180.2 169.428062841
180 169.362916514
179.8 169.297778258
179.6 169.232498443
179.4 169.167046452
179.2 169.10145424
179 169.035816342
178.8 168.9703657
178.6 168.905094576
178.4 168.839697877
178.2 168.774132007
178 168.708359689
177.8 168.642393178
177.6 168.576365048
177.4 168.510161341
177.2 168.443729821
177 168.377160221
176.8 168.310617346
176.6 168.24392947
176.4 168.177066606
176.2 168.110058379
176 168.042994022
175.8 167.975967478
175.6 167.909082316
175.4 167.842091102
175.2 167.774984598
175 167.70769912
174.8 167.64035176
174.6 167.572917533
174.4 167.505321703
174.2 167.437556073
174 167.36962153
173.8 167.301689783
173.6 167.233529216
173.4 167.165122354
173.2 167.096512592
173 167.027804196
172.8 166.959492315
172.6 166.891175361
172.4 166.822732049
172.2 166.754165882
172 166.685421258
171.8 166.616589242
171.6 166.547726989
171.4 166.478651757
171.2 166.409274703
171 166.339651257
170.8 166.270282
170.6 166.200707429
170.4 166.130962479
170.2 166.061094571
170 165.991226966
169.8 165.921587538
169.6 165.851811386
169.4 165.781909317
169.2 165.711826444
169 165.64144218
168.8 165.570953417
168.6 165.500378907
168.4 165.429832028
168.2 165.359160167
168 165.288393646
167.8 165.217577773
167.6 165.146464497
167.4 165.075118762
167.2 165.003612323
167 164.932497799
166.8 164.861413133
166.6 164.790200517
166.4 164.718844256
166.2 164.647275418
166 164.575371832
165.8 164.503377868
165.6 164.431491949
165.4 164.359512809
165.2 164.287408721
165 164.215185106
164.8 164.142929924
164.6 164.070299876
164.4 163.997473037
164.2 163.924990335
164 163.852441013
163.8 163.779733276
163.6 163.706864858
163.4 163.633851701
163.2 163.560654819
163 163.48720923
162.8 163.414199484
162.6 163.340988338
162.4 163.267532751
162.2 163.193827081
162 163.119903088
161.8 163.045987415
161.6 162.971953202
161.4 162.898076788
161.2 162.824119043
161 162.75
160.8 162.675942182
160.6 162.601802146
160.4 162.527517872
160.2 162.453035905
160 162.378219187
159.8 162.303488135
159.6 162.228552163
159.4 162.153441423
159.2 162.078188217
159 162.002826989
158.8 161.927894047
158.6 161.852688766
158.4 161.777340883
158.2 161.701869148
158 161.626165599
157.8 161.550392884
157.6 161.474648855
157.4 161.398929538
157.2 161.322994256
157 161.246813297
156.8 161.170702815
156.6 161.094166219
156.4 161.017377415
156.2 160.940801939
156 160.864273697
155.8 160.787815123
155.6 160.711117584
155.4 160.634303886
155.2 160.557338981
155 160.48009455
154.8 160.403167545
154.6 160.326076182
154.4 160.248822418
154.2 160.171393835
154 160.093763649
153.8 160.016208296
153.6 159.938396598
153.4 159.860482442
153.2 159.782518333
153 159.704411119
152.8 159.626363391
152.6 159.54815979
152.4 159.469981379
152.2 159.391831163
152 159.313345745
151.8 159.234966913
151.6 159.156194914
151.4 159.07714839
151.2 158.997937694
151 158.919087134
150.8 158.840244846
150.6 158.761218536
150.4 158.682093483
150.2 158.602773303
150 158.522979945
149.8 158.44340486
149.6 158.363844389
149.4 158.284185982
149.2 158.204409761
149 158.124489039
148.8 158.044693417
148.6 157.964478481
148.4 157.884225236
148.2 157.803926939
148 157.723482519
147.8 157.642913896
147.6 157.562145716
147.4 157.481400222
147.2 157.400809568
147 157.319837302
146.8 157.239217061
146.6 157.158174908
146.4 157.076858866
146.2 156.995386316
146 156.914185531
145.8 156.832944907
145.6 156.751378452
145.4 156.669688695
145.2 156.587863385
145 156.505675495
144.8 156.424164572
144.6 156.34248372
144.4 156.260586509
144.2 156.178435784
144 156.09596923
143.8 156.013630769
143.6 155.931181751
143.4 155.848642923
143.2 155.766010582
143 155.683149159
142.8 155.600169504
142.6 155.517052926
142.4 155.434261159
142.2 155.351400712
142 155.268193498
141.8 155.185096624
141.6 155.101692968
141.4 155.018073843
141.2 154.934559565
141 154.851022899
140.8 154.767391479
140.6 154.683497721
140.4 154.59948799
140.2 154.515336152
140 154.431167804
139.8 154.346949582
139.6 154.262616861
139.4 154.178166884
139.2 154.093603087
139 154.008935094
138.8 153.92462296
138.6 153.839989832
138.4 153.755184409
138.2 153.670204657
138 153.584871739
137.8 153.499309636
137.6 153.41421019
137.4 153.329019046
137.2 153.243704969
137 153.158245891
136.8 153.072893805
136.6 152.987144242
136.4 152.901285864
136.2 152.815283656
136 152.729116142
135.8 152.642971623
135.6 152.556694603
135.4 152.470551701
135.2 152.384658313
135 152.298449844
134.8 152.212051386
134.6 152.125426066
134.4 152.038571606
134.2 151.951677163
134 151.864846945
133.8 151.777992332
133.6 151.690791536
133.4 151.603396064
133.2 151.51584099
133 151.428571425
132.8 151.341561715
132.6 151.25434379
132.4 151.166843564
132.2 151.079060404
132 150.991094987
131.8 150.903389236
131.6 150.815356252
131.4 150.727138391
131.2 150.63876639
131 150.550159365
130.8 150.46191044
130.6 150.373964798
130.4 150.285813576
130.2 150.19739176
130 150.108647525
129.8 150.019934173
129.6 149.931073139
129.4 149.842044223
129.2 149.752847957
129 149.663486838
128.8 149.573907304
128.6 149.484352573
128.4 149.395372878
128.2 149.306205195
128 149.216777593
127.8 149.12732082
127.6 149.03765007
127.4 148.947833056
127.2 148.857891712
127 148.767843351
126.8 148.677617953
126.6 148.587180972
126.4 148.496644412
126.2 148.406640998
126 148.316303
125.8 148.225947615
125.6 148.135432273
125.4 148.044680479
125.2 147.953784691
125 147.862878427
124.8 147.771758887
124.6 147.680476314
124.4 147.589081341
124.2 147.497592767
124 147.406705029
123.8 147.315639127
123.6 147.224422848
123.4 147.132903641
123.2 147.041064278
123 146.949088771
122.8 146.857190505
122.6 146.765121842
122.4 146.67291224
122.2 146.580562923
122 146.488155669
121.8 146.396084954
121.6 146.303955457
121.4 146.211629227
121.2 146.119066983
121 146.026328117
120.8 145.933816991
120.6 145.840946847
120.4 145.747743991
120.2 145.654291737
120 145.560730398
119.8 145.46739332
119.6 145.374673402
119.4 145.281732744
119.2 145.188494533
119 145.094977587
118.8 145.001350172
118.6 144.907675186
118.4 144.81383653
118.2 144.719829566
118 144.625684172
117.8 144.531038052
117.6 144.436965675
117.4 144.343069366
117.2 144.248980868
117 144.154677927
116.8 144.060242236
116.6 143.965756597
116.4 143.871085146
116.2 143.77623381
116 143.681307882
115.8 143.585873264
115.6 143.490383405
115.4 143.395706721
115.2 143.30086211
115 143.205791116
114.8 143.110559582
114.6 143.015259106
114.4 142.919568342
114.2 142.823603112
114 142.727591962
113.8 142.631265634
113.6 142.534744008
113.4 142.438917567
113.2 142.343416286
113 142.247719228
112.8 142.151767599
112.6 142.055782264
112.4 141.959431967
112.2 141.862687349
112 141.765919745
111.8 141.668739498
111.6 141.571257627
111.4 141.473927562
111.2 141.377433079
111 141.280826956
110.8 141.184061175
110.6 141.0872967
110.4 140.990219797
110.2 140.892617595
110 140.795001417
109.8 140.697008258
109.6 140.598738796
109.4 140.500250923
109.2 140.402982065
109 140.30558838
108.8 140.207996729
108.6 140.110386509
108.4 140.012394462
108.2 139.913724938
108 139.814995766
107.8 139.716165137
107.6 139.617189598
107.4 139.518096423
107.2 139.419957468
107 139.321897894
106.8 139.223269898
106.6 139.12458697
106.4 139.025619515
106.2 138.926242172
106 138.826794818
105.8 138.727132264
105.6 138.6272506
105.4 138.527166465
105.2 138.42784729
105 138.328740492
104.8 138.229265216
104.6 138.129701865
104.4 138.029866595
104.2 137.929668799
104 137.829362646
103.8 137.728877595
103.6 137.628153568
103.4 137.527227058
103.2 137.427052003
103 137.327058956
102.8 137.22670177
102.6 137.126257187
102.4 137.025553656
102.2 136.924512133
102 136.823345676
101.8 136.722021511
101.6 136.620445388
101.4 136.518656467
101.2 136.417645881
101 136.316647455
100.8 136.215117273
100.6 136.113482457
100.4 136.011661626
100.2 135.909708402
100 135.807669088
99.8 135.705499515
99.6 135.60302645
99.4 135.50035227
99.2 135.398714173
99 135.29689458
98.8 135.19453705
98.6 135.092052829
98.4 134.989325627
98.2 134.886370822
98 134.783268824
97.8 134.680222658
97.6 134.576868064
97.4 134.473608561
97.2 134.371044853
97 134.268279478
96.8 134.164994535
96.6 134.061569518
96.4 133.957944026
96.2 133.854122233
96 133.750121802
95.8 133.646078986
95.6 133.541588986
95.4 133.437552126
95.2 133.333811164
95 133.229807496
94.8 133.125690294
94.6 133.021492765
94.4 132.917084379
94.2 132.812331855
94 132.707306564
93.8 132.602206362
93.6 132.496925781
93.4 132.392540241
93.2 132.287948119
93 132.182993948
92.8 132.077643096
92.6 131.972265188
92.4 131.866946594
92.2 131.761438268
92 131.65577969
91.8 131.549782437
91.6 131.443904249
91.4 131.338250725
91.2 131.232424373
91 131.126293987
90.8 131.019907627
90.6 130.913690313
90.4 130.807276395
90.2 130.700567514
90 130.593640596
89.8 130.486599727
89.6 130.380143837
89.4 130.273541287
89.2 130.166746331
89 130.059572101
88.8 129.952434164
88.6 129.84536525
88.4 129.738035148
88.2 129.630441862
88 129.52264598
87.8 129.415316304
87.6 129.307650668
87.4 129.199755889
87.2 129.091652301
87 128.983186716
86.8 128.875329278
86.6 128.767197626
86.4 128.65879845
86.2 128.550164508
86 128.441831555
85.8 128.333555728
85.6 128.224810815
85.4 128.115839488
85.2 128.006655937
85 127.897529975
84.8 127.788643888
84.6 127.679413629
84.4 127.569895418
84.2 127.460476071
84 127.35147649
83.8 127.241927016
83.6 127.132054138
83.4 127.022018964
83.2 126.912201875
83 126.802072108
82.8 126.691962588
82.6 126.581389922
82.4 126.470779354
82.2 126.360583538
82 126.250127733
81.8 126.139328444
81.6 126.02826799
81.4 125.917585819
81.2 125.806837386
81 125.695626706
80.8 125.584456772
80.6 125.472938612
80.4 125.361685704
80.2 125.250295907
80 125.138522416
79.8 125.026405518
79.6 124.914791191
79.4 124.803142363
79.2 124.691193759
79 124.578903496
78.8 124.466802454
78.6 124.354576297
78.4 124.242146289
78.2 124.129527008
78 124.016453326
77.8 123.903718701
77.6 123.790871197
77.4 123.677739501
77.2 123.564333355
77 123.45099701
76.8 123.337966862
76.6 123.224478316
76.4 123.110788471
76.2 122.996934374
76 122.883476362
75.8 122.769700882
75.6 122.655590778
75.4 122.541175301
75.2 122.426869777
75 122.312599003
74.8 122.19810158
74.6 122.083259868
74.4 121.968534737
74.2 121.854333758
74 121.739686906
73.8 121.624712026
73.6 121.509353157
73.4 121.394073971
73.2 121.278629339
73 121.16290617
72.8 121.046674752
72.6 120.930982553
72.4 120.81553286
72.2 120.699770582
72 120.58365494
71.8 120.467703104
71.6 120.351402017
71.4 120.234746891
71.2 120.117808473
71 120.000537336
70.8 119.884335603
70.6 119.767904264
70.4 119.651084077
70.2 119.533855243
70 119.416646548
69.8 119.299200786
69.6 119.181333655
69.4 119.063216275
69.2 118.945477943
69 118.82802166
68.8 118.71031821
68.6 118.592346388
68.4 118.47410723
68.2 118.355760336
68 118.237202823
67.8 118.118093217
67.6 117.998705485
67.4 117.880573743
67.2 117.762174713
67 117.643383563
66.8 117.524321238
66.6 117.405037048
66.4 117.285441238
66.2 117.165543324
66 117.045422107
65.8 116.925404211
65.6 116.805824122
65.4 116.685953486
65.2 116.565740004
65 116.445330512
64.8 116.324819448
64.6 116.203898478
64.4 116.082670061
64.2 115.961701413
64 115.841570303
63.8 115.720663938
63.6 115.599602818
63.4 115.478183349
63.2 115.356378663
63 115.234469861
62.8 115.111819547
62.6 114.989060485
62.4 114.867730738
62.2 114.746116918
62 114.624132842
61.8 114.501923966
61.6 114.379245126
61.4 114.256067032
61.2 114.132472855
61 114.008748323
60.8 113.885969567
60.6 113.763267135
60.4 113.640233326
60.2 113.516813232
60 113.393112458
59.8 113.268919284
59.6 113.144232017
59.4 113.019151774
59.2 112.895622039
59 112.772094816
58.8 112.647874374
58.6 112.523613127
58.4 112.398658153
58.2 112.273250449
58 112.147789299
57.8 112.021333697
57.6 111.896502777
57.4 111.771781931
57.2 111.646715325
57 111.521265119
56.8 111.395097771
56.6 111.268452913
56.4 111.141311497
56.2 111.013813351
56 110.888187997
55.8 110.761987732
55.6 110.63573119
55.4 110.509096965
55.2 110.381739166
55 110.254301116
54.8 110.12590712
54.6 109.997154527
54.4 109.8702419
54.2 109.743032062
54 109.615428686
53.8 109.4872878
53.6 109.358877303
53.4 109.230051967
53.2 109.100870645
53 108.97204685
52.8 108.843516278
52.6 108.714854115
52.4 108.585830073
52.2 108.456377919
52 108.326663762
51.8 108.196224361
51.6 108.065354021
51.4 107.935237461
51.2 107.805878157
51 107.676112324
50.8 107.545442062
50.6 107.41468592
50.4 107.283559277
50.2 107.152046192
50 107.020397127
49.8 106.889313463
49.6 106.758272678
49.4 106.626836604
49.2 106.49493438
49 106.362672597
48.8 106.229755003
48.6 106.096505332
48.4 105.963585721
48.2 105.831851768
48 105.699648798
47.8 105.566463148
47.6 105.433279777
47.4 105.299859461
47.2 105.16605162
47 105.032035559
46.8 104.898226381
46.6 104.764397729
46.4 104.630230105
46.2 104.495727532
46 104.361196965
45.8 104.226044387
45.6 104.090294784
45.4 103.954767615
45.2 103.82013787
45 103.685125351
44.8 103.549153829
44.6 103.413397249
44.4 103.277475667
44.2 103.141158432
44 103.00459227
43.8 102.868345206
43.6 102.731732255
43.4 102.594820245
43.2 102.457760906
43 102.320639968
42.8 102.182693696
42.6 102.044225268
42.4 101.906504925
42.2 101.76899271
42 101.630920529
41.8 101.491570247
41.6 101.352801904
41.4 101.213755527
41.2 101.074428102
41 100.935613483
40.8 100.796390193
40.6 100.656704724
40.4 100.51677215
40.2 100.377162629
40 100.23711279
39.8 100.096238071
39.6 99.9551571453
39.4 99.8146664558
39.2 99.673931867
39 99.532621175
38.8 99.3909970138
38.6 99.2492631376
38.4 99.1071264924
38.2 98.9649861229
38 98.823679999
37.8 98.6808614878
37.6 98.5376052615
37.4 98.3949694036
37.2 98.2523261252
37 98.10914889
36.8 97.9652570203
36.6 97.8215192706
36.4 97.6775318506
36.2 97.5333140176
36 97.389412753
35.8 97.2447025522
35.6 97.0994589982
35.4 96.9542338042
35.2 96.8095129788
35 96.664408654
34.8 96.5175705073
34.6 96.3718859532
34.4 96.2260415464
34.2 96.0798067022
34 95.933750801
33.8 95.7866898402
33.6 95.6390737114
33.4 95.4913095449
33.2 95.3447422626
33 95.197654873
32.8 95.0491806802
32.6 94.9007469908
32.4 94.7522832662
32.2 94.6035499269
32 94.454868004
31.8 94.305739388
31.6 94.1562802074
31.4 94.0064614745
31.2 93.8570917964
31 93.707502186
30.8 93.5557735564
30.6 93.4050956805
30.4 93.2548413458
30.2 93.1042115976
30 92.953473676
29.8 92.8013543584
29.6 92.6487162592
29.4 92.4958595367
29.2 92.3447854576
29 92.19327566
28.8 92.03984198
28.6 91.8863963755
28.4 91.732762146
28.2 91.578835858
28 91.425655
27.8 91.2714441288
27.6 91.1169994358
27.4 90.9623196546
27.2 90.8076254012
27 90.652723134
26.8 90.4953132025
26.6 90.340176785
26.4 90.1847469298
26.2 90.0289710852
26 89.873301998
25.8 89.7151189356
25.6 89.5565041184
25.4 89.399406369
25.2 89.2430357222
25 89.086263955
24.8 88.9271395999
24.6 88.7677523372
24.4 88.6080278299
24.2 88.4489530856
24 88.291574508
23.8 88.1313626824
23.6 87.9710406313
23.4 87.8103839114
23.2 87.6494148517
23 87.488494206
22.8 87.3272748212
22.6 87.1659899116
22.4 87.0044421724
22.2 86.8425059022
22 86.680435151
21.8 86.5149365416
21.6 86.3523399324
21.4 86.1898321064
21.2 86.0270544105
21 85.86400868
20.8 85.6974750312
20.6 85.5305943755
20.4 85.366426288
20.2 85.2027175782
20 85.038711011
19.8 84.8710429953
19.6 84.703090507
19.4 84.5349095091
19.2 84.3694290642
19 84.204508573
18.8 84.03554758
18.6 83.866455666
18.4 83.697144854
18.2 83.5276495409
18 83.360986128
17.8 83.1905438216
17.6 83.0200061234
17.4 82.8494122788
17.2 82.6786938366
17 82.507926315
16.8 82.3358277048
16.6 82.1637496412
16.4 81.991533043
16.2 81.819475496
16 81.64735502
15.8 81.4709584448
15.6 81.297224057
15.4 81.1233622589
15.2 80.9495349574
15 80.776008219
14.8 80.5973316134
14.6 80.4200426309
14.4 80.244443366
14.2 80.068759547
14 79.893457435
13.8 79.7128241822
13.6 79.5321534098
13.4 79.3540374846
13.2 79.1764497018
13 78.998822903
12.8 78.8160192798
12.6 78.6332387446
12.4 78.4512898947
12.2 78.271548331
12 78.091824651
11.8 77.9059211489
11.6 77.7207621034
11.4 77.5357045217
11.2 77.3530465124
11 77.17099455
10.8 76.9816815716
10.6 76.793898818
10.4 76.6063050042
10.2 76.4200673966
10 76.235467851
9.8 76.0428087564
9.6 75.8517163022
9.4 75.6612988534
9.2 75.4715280145
9 75.284092948
8.8 75.0878625008
8.6 74.8929716352
8.4 74.6994028568
8.2 74.5061550165
8 74.315488502
7.8 74.1151426164
7.6 73.9160662529
7.4 73.7188699152
7.2 73.5221066848
7 73.327708185
6.8 73.1225973962
6.6 72.918946315
6.4 72.7175799606
6.2 72.5167756982
6 72.318352893
5.8 72.1076653154
5.6 71.8989577114
5.4 71.6926457792
5.2 71.4871842289
5 71.284074321
4.8 71.0666020186
4.6 70.8521347408
4.4 70.6397465106
4.2 70.429001962
4 70.219976634
3.8 69.9938718112
3.6 69.7725120234
3.4 69.5522618905
3.2 69.3349132772
3 69.11843729
2.8 68.8828831257
2.6 68.6505710188
2.4 68.4204577592
2.2 68.1932258686
2 67.96711025
1.8 67.7176708884
1.6 67.4691339326
1.4 67.224634004
1.2 66.9814532968
1 66.744966239
0.8 66.4706062237
0.6 66.1976115912
0.4 65.9272872699
0.2 65.6638044499
0 65.402335107
