200 168.915393725
199.8 168.847433081
199.6 168.779332507
199.4 168.71114685
199.2 168.64283995
199 168.574284643
198.8 168.505660377
198.6 168.437143656
198.4 168.36851141
198.2 168.299700338
198 168.230677992
197.8 168.161495238
197.6 168.092166895
197.4 168.022741477
197.2 167.953496218
197 167.884280294
196.8 167.814832002
196.6 167.74507547
196.4 167.675193024
196.2 167.605234504
196 167.535117269
195.8 167.46516498
195.6 167.395191621
195.4 167.325019425
195.2 167.254611743
195 167.183939934
194.8 167.113436794
194.6 167.04263044
194.4 166.971857549
194.2 166.901258835
194 166.830527946
193.8 166.759592232
193.6 166.688538957
193.4 166.617398715
193.2 166.546070622
193 166.474370113
192.8 166.402787868
192.6 166.331071195
192.4 166.259214032
192.2 166.187201321
192 166.11500901
191.8 166.042858732
191.6 165.970701822
191.4 165.898684952
191.2 165.826564435
191 165.754216269
190.8 165.681651178
190.6 165.608870607
190.4 165.536001735
190.2 165.463200544
190 165.390356302
189.8 165.317383265
189.6 165.244208491
189.4 165.170878983
189.2 165.0974208
189 165.023839056
188.8 164.950577981
188.6 164.8769678
188.4 164.803196189
188.2 164.729364437
188 164.655416697
187.8 164.581228894
187.6 164.506937132
187.4 164.43286682
187.2 164.358670584
187 164.28418909
186.8 164.209723088
186.6 164.134996849
186.4 164.060100573
186.2 163.985170589
186 163.910456955
185.8 163.835589945
185.6 163.760454571
185.4 163.685215962
185.2 163.609867013
185 163.534228384
184.8 163.458668389
184.6 163.383144593
184.4 163.307496596
184.2 163.231686277
184 163.155658931
183.8 163.079659194
183.6 163.003339495
183.4 162.927211536
183.2 162.851036501
183 162.774723589
182.8 162.698256934
182.6 162.621616131
182.4 162.544892684
182.2 162.468183209
182 162.391372234
181.8 162.314565712
181.6 162.237472177
181.4 162.160166943
181.2 162.08268215
181 162.00500676
180.8 161.927849497
180.6 161.850375467
180.4 161.772784251
180.2 161.695106262
180 161.617182225
179.8 161.539079446
179.6 161.461112807
179.4 161.383215003
179.2 161.305080682
179 161.22653386
178.8 161.148013777
178.6 161.069329649
178.4 160.990594961
178.2 160.912120345
178 160.833505973
177.8 160.754653594
177.6 160.675463104
177.4 160.596161544
177.2 160.51679892
177 160.437591065
176.8 160.358491443
176.6 160.279156816
176.4 160.19961077
176.2 160.119859695
176 160.039892793
175.8 159.960067948
175.6 159.880095134
175.4 159.80000582
175.2 159.719828517
175 159.639433891
174.8 159.559007603
174.6 159.478640955
174.4 159.398483664
174.2 159.318104446
174 159.237328172
173.8 159.156501484
173.6 159.075412637
173.4 158.994189344
173.2 158.913205984
173 158.832125381
172.8 158.750966087
172.6 158.669682258
172.4 158.588352936
172.2 158.506885086
172 158.425316073
171.8 158.343662937
171.6 158.261863893
171.4 158.179928005
171.2 158.097853136
171 158.015625954
170.8 157.93362188
170.6 157.851383132
170.4 157.769010517
170.2 157.686533123
170 157.603851944
169.8 157.520915014
169.6 157.438359362
169.4 157.355841611
169.2 157.273157698
169 157.190247983
168.8 157.107272071
168.6 157.024044567
168.4 156.940867911
168.2 156.857663772
168 156.774282292
167.8 156.690578022
167.6 156.60663948
167.4 156.522586449
167.2 156.438869238
167 156.355169952
166.8 156.271426869
166.6 156.187488663
166.4 156.103393358
166.2 156.019172275
166 155.935066864
165.8 155.850782868
165.6 155.766135246
165.4 155.681326139
165.2 155.59642753
165 155.511381239
164.8 155.426772725
164.6 155.342150247
164.4 155.257414499
164.2 155.172536445
164 155.087471843
163.8 155.0023231
163.6 154.916980921
163.4 154.831433815
163.2 154.74576934
163 154.660026044
162.8 154.574135417
162.6 154.488254323
162.4 154.402781202
162.2 154.317103707
162 154.231097877
161.8 154.14491719
161.6 154.058530849
161.4 153.97207922
161.2 153.885709799
161 153.799258918
160.8 153.71266765
160.6 153.625975299
160.4 153.539231266
160.2 153.452650777
160 153.365979984
159.8 153.279072157
159.6 153.192089772
159.4 153.105025637
159.2 153.017888942
159 152.930919707
158.8 152.843614077
158.6 152.756073397
158.4 152.668404066
158.2 152.580623466
158 152.492706457
157.8 152.405085518
157.6 152.317368418
157.4 152.229532859
157.2 152.141558486
157 152.053426892
156.8 151.965265114
156.6 151.877042677
156.4 151.788670036
156.2 151.700166625
156 151.611518115
155.8 151.522536439
155.6 151.434069671
155.4 151.345701708
155.2 151.257197714
155 151.168514669
154.8 151.079651535
154.6 150.990643375
154.4 150.901639221
154.2 150.812500101
154 150.723209649
153.8 150.633482009
153.6 150.543553138
153.4 150.453943492
153.2 150.364661867
153 150.275280893
152.8 150.185760152
152.6 150.096083272
152.4 150.006240323
152.2 149.916428042
152 149.826545224
151.8 149.736268827
151.6 149.645734823
151.4 149.555052819
151.2 149.464614605
151 149.374608859
150.8 149.284422824
150.6 149.194080979
150.4 149.103493172
150.2 149.012668908
150 148.921890996
149.8 148.830971627
149.6 148.739955783
149.4 148.648874521
149.2 148.557689459
149 148.466544222
148.8 148.375438383
148.6 148.284290135
148.4 148.193078345
148.2 148.101798719
148 148.010463804
147.8 147.91894059
147.6 147.827224305
147.4 147.735352388
147.2 147.64335661
147 147.551246524
146.8 147.459116116
146.6 147.367431283
146.4 147.27564289
146.2 147.183710867
146 147.091633469
145.8 146.999338787
145.6 146.907024828
145.4 146.81455462
145.2 146.721945781
145 146.629242152
144.8 146.536135358
144.6 146.443498083
144.4 146.351081569
144.2 146.25847742
144 146.165626556
143.8 146.072641665
143.6 145.97958911
143.4 145.886438762
143.2 145.793141407
143 145.699782759
142.8 145.606002813
142.6 145.512159377
142.4 145.419118825
142.2 145.326107138
142 145.232941359
141.8 145.139466709
141.6 145.045909242
141.4 144.952227003
141.2 144.858420622
141 144.764535367
140.8 144.670095098
140.6 144.575517857
140.4 144.481050906
140.2 144.387303492
140 144.293496117
139.8 144.199463483
139.6 144.105329275
139.4 144.010948026
139.2 143.916301659
139 143.821604729
138.8 143.726663303
138.6 143.631670308
138.4 143.536622427
138.2 143.442141429
138 143.347953528
137.8 143.253153842
137.6 143.158319735
137.4 143.063334779
137.2 142.968199851
137 142.873031393
136.8 142.777552417
136.6 142.681923461
136.4 142.586162496
136.2 142.490410073
136 142.395544074
135.8 142.300226025
135.6 142.204869687
135.4 142.109371686
135.2 142.01371937
135 141.918012924
134.8 141.821977057
134.6 141.725811106
134.4 141.629506594
134.2 141.533094181
134 141.437349975
133.8 141.341518855
133.6 141.245654386
133.4 141.149660385
133.2 141.053518412
133 140.957287773
132.8 140.860753271
132.6 140.7640719
132.4 140.667246264
132.2 140.570306977
132 140.47361882
131.8 140.377081683
131.6 140.280536044
131.4 140.183867377
131.2 140.087046937
131 139.990129141
130.8 139.893078273
130.6 139.795903915
130.4 139.698565912
130.2 139.60109762
130 139.503605902
129.8 139.406742813
129.6 139.309907267
129.4 139.212901774
129.2 139.115664834
129 139.018227667
128.8 138.920413953
128.6 138.822565105
128.4 138.724667618
128.2 138.626727629
128 138.528771877
127.8 138.430936185
127.6 138.333439556
127.4 138.235831704
127.2 138.138076025
127 138.040205985
126.8 137.942147724
126.6 137.843910661
126.4 137.745420945
126.2 137.646726281
126 137.548027307
125.8 137.449626923
125.6 137.35183169
125.4 137.253878468
125.2 137.155705428
125 137.057344079
124.8 136.958537969
124.6 136.859668073
124.4 136.760647863
124.2 136.66149835
124 136.562345117
123.8 136.463134277
123.6 136.364663085
123.4 136.266097608
123.2 136.167402625
123 136.068575382
122.8 135.96939609
122.6 135.870181876
122.4 135.770822835
122.2 135.671338063
122 135.57183364
121.8 135.472148955
121.6 135.373204702
121.4 135.274175808
121.2 135.17503298
121 135.075751454
120.8 134.97610597
120.6 134.876457235
120.4 134.776679254
120.2 134.676779843
120 134.576835513
119.8 134.476476771
119.6 134.376872057
119.4 134.277185053
119.2 134.177394808
119 134.077476442
118.8 133.977365577
118.6 133.877297932
118.4 133.777106327
118.2 133.676790875
118 133.576418132
117.8 133.475652086
117.6 133.375626831
117.4 133.275509894
117.2 133.175276118
117 133.074911863
116.8 132.974168444
116.6 132.873485073
116.4 132.772681886
116.2 132.671766693
116 132.570801288
115.8 132.469672854
115.6 132.369180794
115.4 132.268597582
115.2 132.167905307
115 132.067089677
114.8 131.96591902
114.6 131.864836878
114.4 131.763632023
114.2 131.662307805
114 131.560937256
113.8 131.459508637
113.6 131.358568221
113.4 131.257545224
113.2 131.156425756
113 131.055165857
112.8 130.95361481
112.6 130.852121747
112.4 130.750514722
112.2 130.648805648
112 130.547048241
111.8 130.445341108
111.6 130.343970513
111.4 130.242512244
111.2 130.140954936
111 130.039264858
110.8 129.937135713
110.6 129.835044491
110.4 129.732844293
110.2 129.630547529
110 129.528206974
109.8 129.426259543
109.6 129.324462229
109.4 129.222578934
109.2 129.120593381
109 129.018460155
108.8 128.915987626
108.6 128.813512057
108.4 128.710935745
108.2 128.608261037
108 128.505526185
107.8 128.403160283
107.6 128.300741616
107.4 128.198234969
107.2 128.095623827
107 127.992889098
106.8 127.890281783
106.6 127.787511188
106.4 127.684560853
106.2 127.581451774
106 127.478456937
105.8 127.375874595
105.6 127.273250425
105.4 127.170551258
105.2 127.06770014
105 126.964700125
104.8 126.861502402
104.6 126.758136713
104.4 126.65460177
104.2 126.550915296
104 126.447608255
103.8 126.344398574
103.6 126.241149712
103.4 126.137829387
103.2 126.034357931
103 125.930883437
102.8 125.827338785
102.6 125.723699987
102.4 125.619967169
102.2 125.51615584
102 125.412967801
101.8 125.309376323
101.6 125.205668402
101.4 125.101885969
101.2 124.99802929
101 124.894530356
100.8 124.790412068
100.6 124.68617934
100.4 124.581860262
100.2 124.477640765
100 124.373968631
99.8 124.269940025
99.6 124.165798891
99.4 124.06159325
99.2 123.957540613
99 123.853677794
98.8 123.749181256
98.6 123.644571197
98.4 123.539878986
98.2 123.435566199
98 123.331456393
97.8 123.226812047
97.6 123.122043782
97.4 123.017223418
97.2 122.912859887
97 122.808463156
96.8 122.703602206
96.6 122.598607522
96.4 122.493574442
96.2 122.389105079
96 122.284553573
95.8 122.179439482
95.6 122.074220937
95.4 121.969158093
95.2 121.864518121
95 121.759745702
94.8 121.6544965
94.6 121.549114834
94.4 121.443993434
94.2 121.339104324
94 121.234118253
93.8 121.128342897
93.6 121.022481095
93.4 120.917170117
93.2 120.811955529
93 120.706623286
92.8 120.600999826
92.6 120.49527118
92.4 120.390032087
92.2 120.284717447
92 120.179221898
91.8 120.072987729
91.6 119.966941402
91.4 119.861414906
91.2 119.755821967
91 119.650116563
90.8 119.544098091
90.6 119.438253242
90.4 119.332541209
90.2 119.226768583
90 119.120903939
89.8 119.014186807
89.6 118.908210579
89.4 118.8022955
89.2 118.696301759
89 118.590220273
88.8 118.483689
88.6 118.377404666
88.4 118.271045714
88.2 118.164620525
88 118.058091551
87.8 117.951366282
87.6 117.845106313
87.4 117.738790116
87.2 117.632404232
87 117.525933743
86.8 117.419223817
86.6 117.312491619
86.4 117.205680117
86.2 117.098796944
86 116.991892117
85.8 116.885076491
85.6 116.778219569
85.4 116.671301669
85.2 116.564315509
85 116.457413644
84.8 116.350314086
84.6 116.243102914
84.4 116.135821623
84.2 116.028479303
84 115.921810612
83.8 115.814581749
83.6 115.707320493
83.4 115.599994641
83.2 115.49262076
83 115.385488182
82.8 115.277879113
82.6 115.170181727
82.4 115.062417716
82.2 114.955003272
82 114.848037019
81.8 114.740288213
81.6 114.632558208
81.4 114.524862417
81.2 114.417431915
81 114.310004875
80.8 114.201690229
80.6 114.093281179
80.4 113.98499054
80.2 113.877685818
80 113.770305082
79.8 113.662243089
79.6 113.554151422
79.4 113.446077483
79.2 113.338016629
79 113.229911149
78.8 113.12088269
78.6 113.011787652
78.4 112.903776294
78.2 112.795858038
78 112.687890232
77.8 112.579399478
77.6 112.470900713
77.4 112.362412079
77.2 112.253857196
77 112.145264506
76.8 112.035656976
76.6 111.926928217
76.4 111.818601149
76.2 111.710225564
76 111.601803452
75.8 111.492861629
75.6 111.383935791
75.4 111.274928579
75.2 111.165843916
75 111.056719065
74.8 110.947211653
74.6 110.838365048
74.4 110.729551256
74.2 110.620782852
74 110.512052178
73.8 110.402441395
73.6 110.292770058
73.4 110.183018613
73.2 110.073203891
73 109.963861424
72.8 109.854696397
72.6 109.745501858
72.4 109.63624475
72.2 109.526916438
72 109.4175485
71.8 109.307329826
71.6 109.196984172
71.4 109.086510306
71.2 108.976276519
71 108.867215917
70.8 108.757478031
70.6 108.647716123
70.4 108.537890272
70.2 108.428051042
70 108.318224847
69.8 108.207476437
69.6 108.096600068
69.4 107.985809443
69.2 107.876206112
69 107.766555607
68.8 107.656231606
68.6 107.545877645
68.4 107.435568603
68.2 107.325281381
68 107.214972138
67.8 107.103610015
67.6 106.992300862
67.4 106.882097776
67.2 106.771909821
67 106.661753833
66.8 106.550642907
66.6 106.439619019
66.4 106.328665766
66.2 106.21767717
66 106.106660277
65.8 105.994832248
65.6 105.884035945
65.4 105.773206487
65.2 105.662335837
65 105.551396906
64.8 105.439724975
64.6 105.328158382
64.4 105.216563651
64.2 105.10494345
64 104.993380231
63.8 104.882060501
63.6 104.770699811
63.4 104.659256345
63.2 104.547691082
63 104.436156809
62.8 104.324060392
62.6 104.211936992
62.4 104.09978801
62.2 103.987736693
62 103.876635879
61.8 103.764377349
61.6 103.652067983
61.4 103.539770984
61.2 103.427885434
61 103.316244319
60.8 103.203625145
60.6 103.090860891
60.4 102.978204991
60.2 102.866291773
60 102.754331291
59.8 102.641373813
59.6 102.528378712
59.4 102.415882791
59.2 102.303613955
59 102.191413373
58.8 102.077999681
58.6 101.964721219
58.4 101.85198161
58.2 101.739265364
58 101.626628906
57.8 101.51299649
57.6 101.399958548
57.4 101.286997378
57.2 101.174033171
57 101.061059862
56.8 100.947369687
56.6 100.833929223
56.4 100.720427039
56.2 100.606937146
56 100.493556306
55.8 100.379897759
55.6 100.266193444
55.4 100.152451515
55.2 100.038677226
55 99.925417356
54.8 99.8113707288
54.6 99.6972403944
54.4 99.5830668158
54.2 99.4690940814
54 99.355696455
53.8 99.2411877182
53.6 99.1266905962
53.4 99.0121934822
53.2 98.8983514578
53 98.784575537
52.8 98.6695847658
52.6 98.5545697695
52.4 98.440021715
52.2 98.325904864
52 98.211793572
51.8 98.0965128008
51.6 97.98135716
51.4 97.8667621182
51.2 97.752150345
51 97.637511969
50.8 97.5216450665
50.6 97.4065690582
50.4 97.2916899774
50.2 97.1768313828
50 97.061989158
49.8 96.9461713642
49.6 96.8306601734
49.4 96.715132967
49.2 96.59959328
49 96.484206794
48.8 96.3684886332
48.6 96.2527975258
48.4 96.1371324298
48.2 96.0214828939
48 95.906236969
47.8 95.7897940682
47.6 95.6733560262
47.4 95.556909556
47.2 95.4410603984
47 95.325811476
46.8 95.2092344464
46.6 95.0926991162
46.4 94.9762947252
46.2 94.8602597002
46 94.744210333
45.8 94.6267565906
45.6 94.5093169664
45.4 94.3930698426
45.2 94.2769593952
45 94.160895824
44.8 94.043439364
44.6 93.926241782
44.4 93.8092055622
44.2 93.6921815038
44 93.575144231
43.8 93.4571798444
43.6 93.3401117058
43.4 93.2231009962
43.2 93.1061521783
43 92.989257392
42.8 92.8711151592
42.6 92.7530163226
42.4 92.634947395
42.2 92.5168910195
42 92.400127418
41.8 92.282137002
41.6 92.1641609668
41.4 92.0462625898
41.2 91.9285535668
41 91.810893074
40.8 91.6916811972
40.6 91.5725325406
40.4 91.4540320133
40.2 91.3365240696
40 91.21908772
39.8 91.1000955344
39.6 90.9811376426
39.4 90.862398915
39.2 90.7437376976
39 90.62506336
38.8 90.504830774
38.6 90.3861782226
38.4 90.2676524666
38.2 90.1492221116
38 90.030879974
37.8 89.9108770288
37.6 89.7910239784
37.4 89.6712979376
37.2 89.5516639742
37 89.432926297
36.8 89.3131905794
36.6 89.1934514286
36.4 89.0738104954
36.2 88.95441533
36 88.83527647
35.8 88.7142980308
35.6 88.5934726654
35.4 88.4730693623
35.2 88.3538407508
35 88.234721482
34.8 88.1137646556
34.6 87.9928504602
34.4 87.8724815176
34.2 87.7522603154
34 87.632101953
33.8 87.5100561354
33.6 87.3894170836
33.4 87.2689801396
33.2 87.148655057
33 87.028505445
32.8 86.9066452959
32.6 86.7850663394
32.4 86.6636789858
32.2 86.5424448182
32 86.422091872
31.8 86.3001867
31.6 86.1783990266
31.4 86.056726318
31.2 85.9355774496
31 85.814942524
30.8 85.6920835824
30.6 85.569507104
30.4 85.4475737891
30.2 85.3263979078
30 85.205398679
29.8 85.0822182182
29.6 84.9593746652
29.4 84.837234412
29.2 84.7153285506
29 84.593629241
28.8 84.4697831399
28.6 84.3471412018
28.4 84.2246182414
28.2 84.1022324906
28 83.980352858
27.8 83.8566237412
27.6 83.7331962348
27.4 83.610054624
27.2 83.4872335421
27 83.365356013
26.8 83.2410545202
26.6 83.1170539616
26.4 82.9932054091
26.2 82.8705503404
26 82.748340786
25.8 82.623257506
25.6 82.4986891289
25.4 82.375351502
25.2 82.2521196304
25 82.12918362
24.8 82.0036230222
24.6 81.8792496974
24.4 81.7552089694
24.2 81.631513429
24 81.508133173
23.8 81.3825470086
23.6 81.2575343194
23.4 81.1327426138
23.2 81.00813053
23 80.885187387
22.8 80.7592801806
22.6 80.6337493776
22.4 80.5086255944
22.2 80.3845317994
22 80.260625497
21.8 80.1338588266
21.6 80.0074256599
21.4 79.882423313
21.2 79.7578589086
21 79.633784235
20.8 79.5063619191
20.6 79.3801562384
20.4 79.2543860796
20.2 79.1289348546
20 79.003732413
19.8 78.8768725285
19.6 78.750249153
19.4 78.624145889
19.2 78.4986066036
19 78.373887867
18.8 78.2457098902
18.6 78.1180803536
18.4 77.9909133007
18.2 77.8654239894
18 77.740480155
17.8 77.6119913998
17.6 77.4837666054
17.4 77.356887305
17.2 77.230533338
17 77.104225934
16.8 76.9749474019
16.6 76.8471425088
16.4 76.7198539676
16.2 76.5932599947
16 76.467337586
15.8 76.3373817516
15.6 76.2081320938
15.4 76.0795557393
15.2 75.9520312116
15 75.825671926
14.8 75.6954188852
14.6 75.5652346074
14.4 75.4362828047
14.2 75.308608669
14 75.181130677
13.8 75.0500531018
13.6 74.9204485398
13.4 74.7919343562
13.2 74.6640781044
13 74.537112534
12.8 74.4054259402
12.6 74.274734604
12.4 74.14493556
12.2 74.0158317754
12 73.888175048
11.8 73.7550945832
11.6 73.6225307526
11.4 73.4906782977
11.2 73.3609294948
11 73.23195219
10.8 73.096141958
10.6 72.9620088146
10.4 72.8295076488
10.2 72.6975737216
10 72.566875756
9.8 72.4296878739
9.6 72.293895
9.4 72.1591857968
9.2 72.0254582159
9 71.893152893
8.8 71.753926337
8.6 71.6160925094
8.4 71.4790194716
8.2 71.3440265356
8 71.210668862
7.8 71.0685485724
7.6 70.9288782065
7.4 70.7910207006
7.2 70.653897363
7 70.517847687
6.8 70.3751100219
6.6 70.2332281706
6.4 70.0928324836
6.2 69.9543051126
6 69.817034587
5.8 69.6714680878
5.6 69.5274550252
5.4 69.385298586
5.2 69.2445427896
5 69.105366528
4.8 68.9567529301
4.6 68.8105454204
4.4 68.6663059768
4.2 68.5235865206
4 68.382376835
3.8 68.2316611382
3.6 68.0819792984
3.4 67.9349410536
3.2 67.7910643276
3 67.648854822
2.8 67.4921516184
2.6 67.3414910898
2.4 67.191971451
2.2 67.0437846211
2 66.90143913
1.8 66.740495622
1.6 66.5832778992
1.4 66.4303275091
1.2 66.2811499
1 66.13365984
0.8 65.9601576038
0.6 65.7891868474
0.4 65.622952217
0.2 65.4628383657
0 65.308101922
