200 169.879410662
199.8 169.81317621
199.6 169.746729743
199.4 169.680175435
199.2 169.613465172
199 169.54639855
198.8 169.479460438
198.6 169.412657566
198.4 169.345755732
198.2 169.2787027
198 169.21141088
197.8 169.144178653
197.6 169.076678097
197.4 169.009002631
197.2 168.941383219
197 168.873718113
196.8 168.805958802
196.6 168.737989849
196.4 168.669905281
196.2 168.601696831
196 168.533253938
195.8 168.464922443
195.6 168.396726216
195.4 168.328424174
195.2 168.259970736
195 168.191308677
194.8 168.122652352
194.6 168.053761888
194.4 167.984718499
194.2 167.915654719
194 167.846494794
193.8 167.777152884
193.6 167.707518274
193.4 167.637729716
193.2 167.567845075
193 167.497854344
192.8 167.428248022
192.6 167.358562759
192.4 167.288759664
192.2 167.218803555
192 167.148662955
191.8 167.078529507
191.6 167.008072561
191.4 166.937422128
191.2 166.866625276
191 166.795747861
190.8 166.724869915
190.6 166.653876841
190.4 166.582825434
190.2 166.511683936
190 166.440657977
189.8 166.36937306
189.6 166.298000536
189.4 166.226496718
189.2 166.154834128
189 166.083001494
188.8 166.011398706
188.6 165.939510324
188.4 165.867389634
188.2 165.795107567
188 165.722723603
187.8 165.650299573
187.6 165.577791768
187.4 165.50523955
187.2 165.433007541
187 165.360567391
186.8 165.287822104
186.6 165.214963967
186.4 165.141934347
186.2 165.068730988
186 164.995417957
185.8 164.922237767
185.6 164.848804924
185.4 164.775200048
185.2 164.701462734
185 164.62759155
184.8 164.553499901
184.6 164.479434813
184.4 164.405675457
184.2 164.331779635
184 164.257662833
183.8 164.183465087
183.6 164.109099024
183.4 164.034537131
183.2 163.959886676
183 163.885257043
182.8 163.810599311
182.6 163.735647827
182.4 163.660501832
182.2 163.585202355
182 163.509732217
181.8 163.434571623
181.6 163.359409424
181.4 163.284124908
181.2 163.208687884
181 163.133082658
180.8 163.05741232
180.6 162.981588027
180.4 162.905632587
180.2 162.82953284
180 162.753344014
179.8 162.676966396
179.6 162.60042417
179.4 162.523800413
179.2 162.447463247
179 162.371074587
178.8 162.294528955
178.6 162.217877179
178.4 162.141055536
178.2 162.064053562
178 161.986935722
177.8 161.909699086
177.6 161.832211271
177.4 161.754553425
177.2 161.676763833
177 161.598837912
176.8 161.520826375
176.6 161.443220806
176.4 161.365680592
176.2 161.287992442
176 161.21011436
175.8 161.132134771
175.6 161.053941572
175.4 160.975477237
175.2 160.896794471
175 160.818039909
174.8 160.739215949
174.6 160.660290038
174.4 160.581298411
174.2 160.50222454
174 160.423575208
173.8 160.344513115
173.6 160.265386444
173.4 160.18610875
173.2 160.106655669
173 160.027064919
172.8 159.947667194
172.6 159.868087673
172.4 159.788315252
172.2 159.708387512
172 159.628369302
171.8 159.5478486
171.6 159.467513765
171.4 159.387508786
171.2 159.307380521
171 159.227071583
170.8 159.146590221
170.6 159.065996349
170.4 158.985203373
170.2 158.904256365
170 158.823276117
169.8 158.742092982
169.6 158.660724711
169.4 158.579236793
169.2 158.497667832
169 158.416626491
168.8 158.335319992
168.6 158.253951288
168.4 158.17241984
168.2 158.090707374
168 158.008877873
167.8 157.9271728
167.6 157.84518027
167.4 157.762907428
167.2 157.680426777
167 157.597876728
166.8 157.514953725
166.6 157.43266697
166.4 157.350432261
166.2 157.268059105
166 157.18552646
165.8 157.102807397
165.6 157.019991595
165.4 156.936970731
165.2 156.853776479
165 156.770534158
164.8 156.687023092
164.6 156.603357583
164.4 156.519584586
164.2 156.436329067
164 156.353111386
163.8 156.26960802
163.6 156.186040979
163.4 156.102295762
163.2 156.018358324
163 155.934338607
162.8 155.850104948
162.6 155.765608793
162.4 155.680866491
162.2 155.595939427
162 155.510934025
161.8 155.42654138
161.6 155.342235008
161.4 155.257797647
161.2 155.173194235
161 155.088457197
160.8 155.003552545
160.6 154.918430785
160.4 154.833004433
160.2 154.747313184
160 154.66156593
159.8 154.57563501
159.6 154.489749632
159.4 154.40463135
159.2 154.319404131
159 154.234006137
158.8 154.148152823
158.6 154.062257165
158.4 153.976140395
158.2 153.889768538
158 153.803368792
157.8 153.716901204
157.6 153.630278361
157.4 153.543529756
157.2 153.457142639
157 153.371116191
156.8 153.284540981
156.6 153.197929329
156.4 153.111140084
156.2 153.024156354
156 152.937059656
155.8 152.849737075
155.6 152.762268055
155.4 152.674621606
155.2 152.586832199
155 152.499010247
154.8 152.411702373
154.6 152.324379182
154.4 152.236925843
154.2 152.149303311
154 152.061548322
153.8 151.973578516
153.6 151.885469184
153.4 151.797153598
153.2 151.708652217
153 151.620112211
152.8 151.531137305
152.6 151.442772893
152.4 151.354669401
152.2 151.266439343
152 151.178079009
151.8 151.089445019
151.6 151.00079365
151.4 150.91177749
151.2 150.822553295
151 150.733312041
150.8 150.643581372
150.6 150.553646946
150.4 150.464044361
150.2 150.375024247
150 150.285878628
149.8 150.196530265
149.6 150.107181579
149.4 150.017633181
149.2 149.927768814
149 149.837875992
148.8 149.747688252
148.6 149.657379437
148.4 149.56694187
148.2 149.476666826
148 149.387099534
147.8 149.296885294
147.6 149.206653923
147.4 149.116246557
147.2 149.025631788
147 148.934883319
146.8 148.844109707
146.6 148.75321126
146.4 148.662146169
146.2 148.570951285
146 148.479960317
145.8 148.389103137
145.6 148.298205569
145.4 148.20716649
145.2 148.115947408
145 148.024572462
144.8 147.932994374
144.6 147.841317597
144.4 147.749449363
144.2 147.657419103
144 147.565375656
143.8 147.473386234
143.6 147.382036333
143.4 147.29057481
143.2 147.198968398
143 147.107217371
142.8 147.014970398
142.6 146.922695498
142.4 146.830236566
142.2 146.737593811
142 146.644912809
141.8 146.551843566
141.6 146.459109697
141.4 146.366839005
141.2 146.274454618
141 146.181932628
140.8 146.08906759
140.6 145.996182479
140.4 145.903121553
140.2 145.809883183
140 145.716605097
139.8 145.622966939
139.6 145.529183708
139.4 145.435994053
139.2 145.343025106
139 145.24993059
138.8 145.156261796
138.6 145.062551892
138.4 144.968684399
138.2 144.874659857
138 144.780585334
137.8 144.686397704
137.6 144.592055052
137.4 144.497629264
137.2 144.404106271
137 144.310410351
136.8 144.216360539
136.6 144.122254133
136.4 144.027988099
136.2 143.9335922
136 143.839144081
135.8 143.744207972
135.6 143.649122948
135.4 143.553905566
135.2 143.459009697
135 143.364597559
134.8 143.269956946
134.6 143.175236583
134.4 143.080371928
134.2 142.985367053
134 142.890348479
133.8 142.794858417
133.6 142.699237812
133.4 142.603482974
133.2 142.507622017
133 142.412556902
132.8 142.317158666
132.6 142.221661573
132.4 142.126029646
132.2 142.030242526
132 141.934412912
131.8 141.838391653
131.6 141.742246753
131.4 141.645962709
131.2 141.549560557
131 141.453573924
130.8 141.357703825
130.6 141.261706668
130.4 141.165588492
130.2 141.069327958
130 140.972938905
129.8 140.876502563
129.6 140.779935801
129.4 140.683221066
129.2 140.586384404
129 140.489583333
128.8 140.392979054
128.6 140.296187335
128.4 140.199288237
128.2 140.102320754
128 140.005282819
127.8 139.908279238
127.6 139.81110127
127.4 139.713702091
127.2 139.616106176
127 139.518394113
126.8 139.421270076
126.6 139.324172163
126.4 139.226925936
126.2 139.129485804
126 139.031767875
125.8 138.934075675
125.6 138.836402338
125.4 138.738591665
125.2 138.640644658
125 138.542615592
124.8 138.44450676
124.6 138.34660117
124.4 138.248587754
124.2 138.150455063
124 138.052149504
123.8 137.953888397
123.6 137.85571149
123.4 137.757402617
123.2 137.658965236
123 137.56043151
122.8 137.461693945
122.6 137.363256785
122.4 137.264711016
122.2 137.166054708
122 137.067225128
121.8 136.96818323
121.6 136.869326915
121.4 136.770344579
121.2 136.6712277
121 136.571995646
120.8 136.472694049
120.6 136.37379527
120.4 136.274795976
120.2 136.175697463
120 136.076427549
119.8 135.976889937
119.6 135.877651503
119.4 135.778293541
119.2 135.678800327
119 135.579190642
118.8 135.479356815
118.6 135.379713926
118.4 135.27995947
118.2 135.180164021
118 135.080294222
117.8 134.980243903
117.6 134.880480625
117.4 134.780532259
117.2 134.680373598
117 134.580010176
116.8 134.479686551
116.6 134.379757115
116.4 134.279723591
116.2 134.179551434
116 134.079083323
115.8 133.978454485
115.6 133.878179895
115.4 133.777795395
115.2 133.677278912
115 133.576628149
114.8 133.475649124
114.6 133.374961619
114.4 133.274189553
114.2 133.173376143
114 133.072496116
113.8 132.971481981
113.6 132.870770219
113.4 132.769886515
113.2 132.668804073
113 132.567502737
112.8 132.466136883
112.6 132.3649443
112.4 132.263657927
112.2 132.162290424
112 132.060731858
111.8 131.959044417
111.6 131.857697362
111.4 131.75631769
111.2 131.654905832
111 131.553457558
110.8 131.451950993
110.6 131.350305528
110.4 131.248529536
110.2 131.146680242
110 131.044621736
109.8 130.942544032
109.6 130.840685308
109.4 130.73872256
109.2 130.636642349
109 130.534443915
108.8 130.432319541
108.6 130.330136097
108.4 130.227864918
108.2 130.125520122
108 130.022978961
107.8 129.920587098
107.6 129.818278617
107.4 129.715864193
107.2 129.613329655
107 129.510672361
106.8 129.407984937
106.6 129.305132219
106.4 129.202172855
106.2 129.099164564
106 128.996143158
105.8 128.893555962
105.6 128.790825838
105.4 128.687914544
105.2 128.584812244
105 128.48163889
104.8 128.378591927
104.6 128.275473481
104.4 128.172317422
104.2 128.069047734
104 127.965698145
103.8 127.862376241
103.6 127.758967537
103.4 127.655445344
103.2 127.55181101
103 127.448354144
102.8 127.344725732
102.6 127.240916962
102.4 127.137009174
102.2 127.033014493
102 126.929486878
101.8 126.82601756
101.6 126.722381199
101.4 126.618549532
101.2 126.514539726
101 126.410771176
100.8 126.306572839
100.6 126.202228993
100.4 126.097796786
100.2 125.993330544
100 125.889540024
99.8 125.785331262
99.6 125.6810184
99.4 125.576590192
99.2 125.472163368
99 125.367954731
98.8 125.263247394
98.6 125.158389443
98.4 125.053446041
98.2 124.948890742
98 124.844679192
97.8 124.739827862
97.6 124.63496728
97.4 124.530077334
97.2 124.425414464
97 124.320789352
96.8 124.215497306
96.6 124.10999012
96.4 124.004349826
96.2 123.899711496
96 123.795113295
95.8 123.690099185
95.6 123.584931868
95.4 123.47959369
95.2 123.374230054
95 123.268823311
94.8 123.162837371
94.6 123.05672155
94.4 122.951093905
94.2 122.846069885
94 122.741018355
93.8 122.635345757
93.6 122.529605619
93.4 122.423872862
93.2 122.318083065
93 122.212245911
92.8 122.105828899
92.6 121.999265034
92.4 121.893743239
92.2 121.788139761
92 121.682420075
91.8 121.576182616
91.6 121.469931876
91.4 121.363668335
91.2 121.257292211
91 121.150868595
90.8 121.04377867
90.6 120.937417451
90.4 120.831470357
90.2 120.725353873
90 120.619057059
89.8 120.512344535
89.6 120.405679539
89.4 120.298896593
89.2 120.191979736
89 120.084986776
88.8 119.977614607
88.6 119.871229008
88.4 119.764770192
88.2 119.658206999
88 119.551544368
87.8 119.444208049
87.6 119.336792427
87.4 119.229252234
87.2 119.121613735
87 119.01394102
86.8 118.907013693
86.6 118.800251469
86.4 118.693324363
86.2 118.58618788
86 118.478898134
85.8 118.371051412
85.6 118.263082665
85.4 118.154985261
85.2 118.04679014
85 117.939405553
84.8 117.831979226
84.6 117.724552894
84.4 117.617023885
84.2 117.509377531
84 117.401657857
83.8 117.293413455
83.6 117.184981787
83.4 117.076373352
83.2 116.968081325
83 116.860798448
82.8 116.752782005
82.6 116.644745052
82.4 116.536588652
82.2 116.428270042
82 116.319915608
81.8 116.210926714
81.6 116.10184229
81.4 115.992784491
81.2 115.884992745
81 115.777110443
80.8 115.668320462
80.6 115.55949074
80.4 115.450702227
80.2 115.341975409
80 115.233236104
79.8 115.123667198
79.6 115.013944855
79.4 114.905274651
79.2 114.796691441
79 114.688005447
78.8 114.578639436
78.6 114.469289719
78.4 114.360065563
78.2 114.250845527
78 114.141624093
77.8 114.031491566
77.6 113.922125734
77.4 113.813018471
77.2 113.703820402
77 113.594519049
76.8 113.484550196
76.6 113.374678546
76.4 113.264716565
76.2 113.154669982
76 113.044579893
75.8 112.934554025
75.6 112.824989375
75.4 112.715348408
75.2 112.605610861
75 112.495757259
74.8 112.385465892
74.6 112.275013668
74.4 112.164389283
74.2 112.053626394
74 111.943457477
73.8 111.833326315
73.6 111.723126393
73.4 111.612788087
73.2 111.50226901
73 111.391804256
72.8 111.280867918
72.6 111.169833827
72.4 111.058722821
72.2 110.948104188
72 110.838024288
71.8 110.727153736
71.6 110.616203683
71.4 110.505178263
71.2 110.394417578
71 110.283602625
70.8 110.171866804
70.6 110.060027808
70.4 109.948630644
70.2 109.837759334
70 109.726799697
69.8 109.615031618
69.6 109.503193481
69.4 109.391733891
69.2 109.280218822
69 109.168621808
68.8 109.05627206
68.6 108.944362781
68.4 108.832934353
68.2 108.721445876
68 108.609846741
67.8 108.49742902
67.6 108.385476428
67.4 108.273378327
67.2 108.16112048
67 108.048733681
66.8 107.936328022
66.6 107.824249506
66.4 107.712091938
66.2 107.599802123
66 107.487312048
65.8 107.374724632
65.6 107.262077617
65.4 107.149371308
65.2 107.036609308
65 106.92440024
64.8 106.811604899
64.6 106.698718739
64.4 106.585770268
64.2 106.472922124
64 106.360495999
63.8 106.247044029
63.6 106.133520919
63.4 106.019944622
63.2 105.907000262
63 105.794139504
62.8 105.680406594
62.6 105.566515005
62.4 105.452895768
62.2 105.339709688
62 105.226434946
61.8 105.112510156
61.6 104.998362279
61.4 104.884779467
61.2 104.771151572
61 104.657432586
60.8 104.542749148
60.6 104.428613614
60.4 104.314787731
60.2 104.200908589
60 104.086952567
59.8 103.972276401
59.6 103.858013381
59.4 103.743695449
59.2 103.629318541
59 103.514838189
58.8 103.400248249
58.6 103.285681939
58.4 103.170994282
58.2 103.056181996
58 102.941594727
57.8 102.826384844
57.6 102.7112059
57.4 102.596027786
57.2 102.480992119
57 102.366753072
56.8 102.251505584
56.6 102.136132336
56.4 102.020637344
56.2 101.90546166
56 101.790334001
55.8 101.674118188
55.6 101.557834564
55.4 101.442127424
55.2 101.326996791
55 101.211818099
54.8 101.095788526
54.6 100.979705893
54.4 100.863807805
54.2 100.747825534
54 100.631805152
53.8 100.514634146
53.6 100.39854847
53.4 100.282600728
53.2 100.166625077
53 100.050606877
52.8 99.9337250998
52.6 99.8169484076
52.4 99.700118428
52.2 99.5832362238
52 99.46666212
51.8 99.3498311784
51.6 99.232983345
51.4 99.1161198498
51.2 98.9992379621
51 98.882633097
50.8 98.7648468034
50.6 98.6469889346
50.4 98.5290883719
50.2 98.4122290402
50 98.295691505
49.8 98.1779423266
49.6 98.0601789774
49.4 97.9424979018
49.2 97.824895328
49 97.707253188
48.8 97.5883387504
48.6 97.4697768496
48.4 97.3523330178
48.2 97.2348782536
48 97.11738956
47.8 96.9986620757
47.6 96.880062332
47.4 96.7614270748
47.2 96.6427524094
47 96.524038315
46.8 96.4052791597
46.6 96.286842963
46.4 96.1684122618
46.2 96.0499852845
46 95.931597687
45.8 95.8118610454
45.6 95.6921035232
45.4 95.5723271486
45.2 95.4532053352
45 95.335094392
44.8 95.2156366944
44.6 95.0961476504
44.4 94.9766738556
44.2 94.8572606328
44 94.73781842
43.8 94.616978252
43.6 94.4962044216
43.4 94.3770300804
43.2 94.2578447998
43 94.138634771
42.8 94.0179435863
42.6 93.8973917722
42.4 93.7768993078
42.2 93.6564312158
42 93.535938591
41.8 93.4150925086
41.6 93.294685662
41.4 93.1742816388
41.2 93.0538933531
41 92.933661357
40.8 92.8120032578
40.6 92.6903761384
40.4 92.5687769378
40.2 92.4478375614
40 92.327729791
39.8 92.2060648142
39.6 92.0843838336
39.4 91.9628390434
39.2 91.8415954294
39 91.720370263
38.8 91.5975221814
38.6 91.4750205181
38.4 91.3536695676
38.2 91.2323429346
38 91.111053705
37.8 90.9880558148
37.6 90.8655152348
37.4 90.743048024
37.2 90.6206528431
37 90.498309345
36.8 90.375536317
36.6 90.252801806
36.4 90.1300968112
36.2 90.0074365598
36 89.885443337
35.8 89.7616206898
35.6 89.6379144906
35.4 89.5142937895
35.2 89.3917981598
35 89.269489035
34.8 89.1453058454
34.6 89.0211559954
34.4 88.8976679574
34.2 88.774403906
34 88.651253998
33.8 88.5260952286
33.6 88.4020179854
33.4 88.2782293674
33.2 88.154489344
33 88.030911416
32.8 87.9058461124
32.6 87.7811017572
32.4 87.6564979076
32.2 87.5320169001
32 87.408366591
31.8 87.2829098166
31.6 87.1575954318
31.4 87.0323169897
31.2 86.907852116
31 86.783868968
30.8 86.657556736
30.6 86.531532828
30.4 86.4063726422
30.2 86.2815090476
30 86.156802326
29.8 86.0298703108
29.6 85.9037968318
29.4 85.7781244546
29.2 85.6526477638
29 85.527354151
28.8 85.4003055002
28.6 85.2737243414
28.4 85.1472347078
28.2 85.0208296628
28 84.895732857
27.8 84.7683018874
27.6 84.6411121964
27.4 84.5141449289
27.2 84.388032973
27 84.262097865
26.8 84.1337266266
26.6 84.0055252495
26.4 83.8786784238
26.2 83.7521017846
26 83.625824183
25.8 83.4968133931
25.6 83.3688602104
25.4 83.2410977452
25.2 83.1134880609
25 82.986226148
24.8 82.8575760016
24.6 82.7291074098
24.4 82.6009655538
24.2 82.4732462196
24 82.34608376
23.8 82.216166568
23.6 82.0865410744
23.4 81.9575791053
23.2 81.829824185
23 81.702432513
22.8 81.5720767738
22.6 81.4422403507
22.4 81.3131064864
22.2 81.1842292014
22 81.055430979
21.8 80.9247673896
21.6 80.7949168684
21.4 80.6654323876
21.2 80.536362272
21 80.407825001
20.8 80.2761757866
20.6 80.14494046
20.4 80.0140103098
20.2 79.8848276228
20 79.75613527
19.8 79.6243104068
19.6 79.4925692644
19.4 79.3619415164
19.2 79.2317459168
19 79.101526052
18.8 78.9686468816
18.6 78.837272468
18.4 78.7062773168
18.2 78.575806867
18 78.445944332
17.8 78.3124553368
17.6 78.1795201956
17.4 78.0470729538
17.2 77.9160286276
17 77.78588511
16.8 77.6521008524
16.6 77.5183969994
16.4 77.3860038252
16.2 77.2543162228
16 77.122822106
15.8 76.9874111123
15.6 76.8539829822
15.4 76.7209663034
15.2 76.588502482
15 76.457025565
14.8 76.3211229994
14.6 76.1859763918
14.4 76.0514869876
14.2 75.918339157
14 75.786127165
13.8 75.6500992922
13.6 75.5143993258
13.4 75.3802957646
13.2 75.247021341
13 75.114328861
12.8 74.9763393842
12.6 74.8406062246
12.4 74.7053248166
12.2 74.5705945
12 74.437569927
11.8 74.298342111
11.6 74.160185343
11.4 74.0228657621
11.2 73.8871354906
11 73.752213225
10.8 73.6110178442
10.6 73.4706978557
10.4 73.332031353
10.2 73.194291586
10 73.057693094
9.8 72.914069805
9.6 72.772648197
9.4 72.6317753134
9.2 72.4915027804
9 72.354350686
8.8 72.2089547876
8.6 72.0648219269
8.4 71.9224744676
8.2 71.7815362512
8 71.64128986
7.8 71.4936750651
7.6 71.3480497446
7.4 71.2035668818
7.2 71.0604033251
7 70.91875302
6.8 70.7689017992
6.6 70.6206322012
6.4 70.4736331333
6.2 70.3286916434
6 70.185060233
5.8 70.0322908632
5.6 69.8814818532
5.4 69.7327890964
5.2 69.5856028948
5 69.439213436
4.8 69.2847774112
4.6 69.130840248
4.4 68.978640607
4.2 68.830323356
4 68.682819396
3.8 68.5229948829
3.6 68.3672572816
3.4 68.21301899
3.2 68.0601955594
3 67.91159112
2.8 67.7475990904
2.6 67.5873007178
2.4 67.4298585343
2.2 67.2749879416
2 67.122569412
1.8 66.952653704
1.6 66.7859044132
1.4 66.6226654528
1.2 66.4631725959
1 66.306518823
0.8 66.1204402742
0.6 65.9379700159
0.4 65.7596636026
0.2 65.5861111493
0 65.418774597
