0.0117559 4.48198 150 1483.11 0.00141854 0.0350827
0.0107649 4.48108 175 1494.03 0.00121548 0.0314118
0.00982074 4.49461 200 1505.02 0.00103968 0.0297296
0.00859409 4.5211 225 1516.07 0.000850837 0.0291326
0.00769979 4.55688 250 1527.2 0.000698584 0.0288294
0.00818286 4.5954 275 1538.39 0.000699606 0.0281109
0.00876104 4.63552 300 1549.65 0.000737327 0.026587
0.00810069 4.67692 325 1560.98 0.000768353 0.0247751
0.00678866 4.71509 350 1572.39 0.000753578 0.0225847
0.00506551 4.74302 375 1583.86 0.000727056 0.0211563
0.00342265 4.7633 400 1595.41 0.000664061 0.018494
